3.295982256531715393e-02 3.017600998282432556e-02
3.375199809670448303e-02 3.265940025448799133e-02
3.490119427442550659e-02 3.087311238050460815e-02
3.280211240053176880e-02 3.359322622418403625e-02
3.409578278660774231e-02 3.221147507429122925e-02
3.570600226521492004e-02 3.391275554895401001e-02
3.310946375131607056e-02 3.255340456962585449e-02
3.313386440277099609e-02 3.158554062247276306e-02
3.306186944246292114e-02 3.198709338903427124e-02
3.283927217125892639e-02 3.113998472690582275e-02
3.257248923182487488e-02 2.881249412894248962e-02
3.317787498235702515e-02 3.304060176014900208e-02
3.459607809782028198e-02 3.102272935211658478e-02
3.415966033935546875e-02 3.082722611725330353e-02
3.556469082832336426e-02 3.156416490674018860e-02
3.251682594418525696e-02 3.236255794763565063e-02
3.390528634190559387e-02 3.208885341882705688e-02
3.431078046560287476e-02 3.322117403149604797e-02
3.285704925656318665e-02 3.172387182712554932e-02
3.484281152486801147e-02 3.238485381007194519e-02
3.465162962675094604e-02 3.044529631733894348e-02
3.034706786274909973e-02 3.069739788770675659e-02
3.210974112153053284e-02 3.010878898203372955e-02
3.461416810750961304e-02 3.401651605963706970e-02
3.391108289361000061e-02 3.342494368553161621e-02
3.397933766245841980e-02 3.189685195684432983e-02
3.678352013230323792e-02 3.069597668945789337e-02
3.436517715454101562e-02 3.389028087258338928e-02
3.378121182322502136e-02 3.207320719957351685e-02
3.272225335240364075e-02 3.126027807593345642e-02
3.311888128519058228e-02 3.118150308728218079e-02
3.470835089683532715e-02 3.377994522452354431e-02
3.227274864912033081e-02 2.788137644529342651e-02
3.368945419788360596e-02 3.341220319271087646e-02
3.322479873895645142e-02 3.161165490746498108e-02
3.404269367456436157e-02 3.371440991759300232e-02
3.346943855285644531e-02 3.481479734182357788e-02
3.097725100815296173e-02 2.955838292837142944e-02
3.543820977210998535e-02 2.946252375841140747e-02
3.338296711444854736e-02 3.180225938558578491e-02
3.213727101683616638e-02 2.991684526205062866e-02
3.261738643050193787e-02 3.171471133828163147e-02
3.354336321353912354e-02 3.291918337345123291e-02
3.295585513114929199e-02 3.329096734523773193e-02
3.358495980501174927e-02 3.127773478627204895e-02
3.189770132303237915e-02 3.196775913238525391e-02
3.383790329098701477e-02 3.533149510622024536e-02
3.402213752269744873e-02 3.200039267539978027e-02
3.327545523643493652e-02 3.229890018701553345e-02
3.586226329207420349e-02 3.726248070597648621e-02
3.240771219134330750e-02 2.949336543679237366e-02
3.298604488372802734e-02 3.098007664084434509e-02
3.366259112954139709e-02 3.277761861681938171e-02
3.144571185111999512e-02 3.273482248187065125e-02
3.142862021923065186e-02 2.895142324268817902e-02
3.284774348139762878e-02 3.210114315152168274e-02
3.033974394202232361e-02 2.474208176136016846e-02
3.199460357427597046e-02 2.931300178170204163e-02
3.262958675622940063e-02 3.465467691421508789e-02
3.362717479467391968e-02 3.065596893429756165e-02
3.457487374544143677e-02 3.096190094947814941e-02
3.351650014519691467e-02 3.139716759324073792e-02
3.361085429787635803e-02 3.522447496652603149e-02
3.317640721797943115e-02 3.496424108743667603e-02
3.366708010435104370e-02 3.567175567150115967e-02
3.395204991102218628e-02 2.937772497534751892e-02
3.331289812922477722e-02 3.534419834613800049e-02
3.380027785897254944e-02 3.042192012071609497e-02
3.364577144384384155e-02 3.235374391078948975e-02
3.417752310633659363e-02 3.377657383680343628e-02
3.256923705339431763e-02 3.079272806644439697e-02
3.385799005627632141e-02 2.821291610598564148e-02
3.215907514095306396e-02 3.111911565065383911e-02
3.263260424137115479e-02 3.146557137370109558e-02
3.282412886619567871e-02 3.442939370870590210e-02
3.555016964673995972e-02 3.441706299781799316e-02
3.433774039149284363e-02 3.228526562452316284e-02
3.303794190287590027e-02 3.020448423922061920e-02
3.433030843734741211e-02 3.081361949443817139e-02
3.473164141178131104e-02 3.356758877635002136e-02
3.400447219610214233e-02 3.595461323857307434e-02
3.324125707149505615e-02 3.308868780732154846e-02
3.217439353466033936e-02 3.367279842495918274e-02
3.142597526311874390e-02 3.318845108151435852e-02
3.571067377924919128e-02 3.635195642709732056e-02
3.249346837401390076e-02 3.302914276719093323e-02
3.341725096106529236e-02 3.538478165864944458e-02
3.239488601684570312e-02 3.651130944490432739e-02
3.366806730628013611e-02 3.208793327212333679e-02
3.202069550752639771e-02 3.495530411601066589e-02
3.410188853740692139e-02 3.270101919770240784e-02
3.264623880386352539e-02 3.211345896124839783e-02
3.184723109006881714e-02 3.553730249404907227e-02
3.192465752363204956e-02 2.967995405197143555e-02
3.340290486812591553e-02 3.141018375754356384e-02
3.550204634666442871e-02 3.238914161920547485e-02
3.320508077740669250e-02 2.809470891952514648e-02
3.343810886144638062e-02 3.523236513137817383e-02
3.252192586660385132e-02 2.850863523781299591e-02
3.259332478046417236e-02 3.347136825323104858e-02
3.329736366868019104e-02 3.369921073317527771e-02
3.502816334366798401e-02 3.490532189607620239e-02
3.362279012799263000e-02 2.684393897652626038e-02
3.535729646682739258e-02 3.510130941867828369e-02
3.640833497047424316e-02 3.398054838180541992e-02
3.462113440036773682e-02 3.420757874846458435e-02
3.512977436184883118e-02 3.466327115893363953e-02
3.281771391630172729e-02 3.016369789838790894e-02
3.401034697890281677e-02 3.324046730995178223e-02
3.514435142278671265e-02 3.568343073129653931e-02
3.582297265529632568e-02 3.532799333333969116e-02
3.592987731099128723e-02 3.419666737318038940e-02
3.322359547019004822e-02 3.158014267683029175e-02
3.471513092517852783e-02 3.064232692122459412e-02
3.421891108155250549e-02 3.546612709760665894e-02
3.317924961447715759e-02 3.336503729224205017e-02
3.265880793333053589e-02 2.737088128924369812e-02
3.450807183980941772e-02 3.373313322663307190e-02
3.498358279466629028e-02 3.748496621847152710e-02
3.207315132021903992e-02 3.390222787857055664e-02
3.385239839553833008e-02 3.243328630924224854e-02
3.218369930982589722e-02 3.316756337881088257e-02
3.398110717535018921e-02 2.941326238214969635e-02
3.324696421623229980e-02 3.108493052423000336e-02
3.483435139060020447e-02 3.583998233079910278e-02
3.558856993913650513e-02 3.726863861083984375e-02
3.462638705968856812e-02 3.152873739600181580e-02
3.381558880209922791e-02 3.293608874082565308e-02
3.373730182647705078e-02 3.387404978275299072e-02
3.341644629836082458e-02 3.028619661927223206e-02
3.421233221888542175e-02 3.058306500315666199e-02
3.504444658756256104e-02 3.383565694093704224e-02
3.545788675546646118e-02 3.710184991359710693e-02
3.277610614895820618e-02 2.998363599181175232e-02
3.229596465826034546e-02 3.532214835286140442e-02
3.311037644743919373e-02 3.297459334135055542e-02
3.399457782506942749e-02 3.140361979603767395e-02
3.422570601105690002e-02 3.320755064487457275e-02
3.454340994358062744e-02 3.478846698999404907e-02
3.362193331122398376e-02 3.134610131382942200e-02
3.484316170215606689e-02 3.288730978965759277e-02
3.306709602475166321e-02 3.457413613796234131e-02
3.437898680567741394e-02 3.110469877719879150e-02
3.362474218010902405e-02 3.279781341552734375e-02
3.486566245555877686e-02 3.248111531138420105e-02
3.457104042172431946e-02 3.219240531325340271e-02
3.402205556631088257e-02 3.448022902011871338e-02
3.373303264379501343e-02 3.092349693179130554e-02
3.378029167652130127e-02 3.451462835073471069e-02
3.263955563306808472e-02 3.184518963098526001e-02
3.160212561488151550e-02 2.927354350686073303e-02
3.324075043201446533e-02 2.913395687937736511e-02
3.494099155068397522e-02 3.521458804607391357e-02
3.320126980543136597e-02 2.694811858236789703e-02
3.363803029060363770e-02 3.136702254414558411e-02
3.246112167835235596e-02 2.973378449678421021e-02
3.375276550650596619e-02 2.968756854534149170e-02
3.463772684335708618e-02 3.347868472337722778e-02
3.328476101160049438e-02 2.908452413976192474e-02
3.487188369035720825e-02 3.262394294142723083e-02
3.330772370100021362e-02 3.334186971187591553e-02
3.463940322399139404e-02 3.390565887093544006e-02
3.092606179416179657e-02 3.284639492630958557e-02
3.477561846375465393e-02 3.067070245742797852e-02
3.450253233313560486e-02 3.350873291492462158e-02
3.322108834981918335e-02 3.119475767016410828e-02
3.360551968216896057e-02 3.343276306986808777e-02
3.373834490776062012e-02 3.258635476231575012e-02
3.442914411425590515e-02 3.139027953147888184e-02
3.224433213472366333e-02 2.941983006894588470e-02
3.283810615539550781e-02 3.152257949113845825e-02
3.523989394307136536e-02 3.610354661941528320e-02
3.369759768247604370e-02 3.003543615341186523e-02
3.546281903982162476e-02 3.596381098031997681e-02
3.316669166088104248e-02 3.284762799739837646e-02
3.308948874473571777e-02 3.036845102906227112e-02
3.439071401953697205e-02 3.281649574637413025e-02
3.361046314239501953e-02 3.371382504701614380e-02
3.488172963261604309e-02 3.227081149816513062e-02
3.524946793913841248e-02 3.241573274135589600e-02
3.534499183297157288e-02 3.278911858797073364e-02
3.330483287572860718e-02 3.012885525822639465e-02
3.392356261610984802e-02 2.994395606219768524e-02
3.392542898654937744e-02 3.443779796361923218e-02
3.487261012196540833e-02 3.415997326374053955e-02
3.485084697604179382e-02 2.917657420039176941e-02
3.195130452513694763e-02 3.157555684447288513e-02
3.444597497582435608e-02 3.255983442068099976e-02
3.499362990260124207e-02 3.250906616449356079e-02
3.251969814300537109e-02 3.245771303772926331e-02
3.243388235569000244e-02 3.292938321828842163e-02
3.223032504320144653e-02 2.697927877306938171e-02
3.455344587564468384e-02 3.523363173007965088e-02
3.111078217625617981e-02 2.820204198360443115e-02
3.405181691050529480e-02 3.100845403969287872e-02
3.310647606849670410e-02 3.326504677534103394e-02
3.340543061494827271e-02 3.248321637511253357e-02
3.264810144901275635e-02 3.062137588858604431e-02
3.440996259450912476e-02 3.256084024906158447e-02
3.531023487448692322e-02 3.169737383723258972e-02
3.543163463473320007e-02 3.098376467823982239e-02
3.370524197816848755e-02 2.949407324194908142e-02
3.412692248821258545e-02 2.913684025406837463e-02
3.423356264829635620e-02 2.976441010832786560e-02
3.259924799203872681e-02 3.002306446433067322e-02
3.171364217996597290e-02 2.912735939025878906e-02
3.225736320018768311e-02 3.140325844287872314e-02
3.470301255583763123e-02 3.334356844425201416e-02
3.573293611407279968e-02 3.361384570598602295e-02
3.330350667238235474e-02 2.929897606372833252e-02
3.370804712176322937e-02 3.128822520375251770e-02
3.526337444782257080e-02 3.397221118211746216e-02
3.444805741310119629e-02 3.284033760428428650e-02
3.289624676108360291e-02 2.827869728207588196e-02
3.354993835091590881e-02 3.380235284566879272e-02
3.404039889574050903e-02 3.158143535256385803e-02
3.559055924415588379e-02 3.172267228364944458e-02
3.447625041007995605e-02 3.449075296521186829e-02
3.223009034991264343e-02 3.137996047735214233e-02
3.239949792623519897e-02 3.092671558260917664e-02
3.279100358486175537e-02 3.177716583013534546e-02
3.377242758870124817e-02 3.424819558858871460e-02
3.328095749020576477e-02 3.106930293142795563e-02
3.788301348686218262e-02 3.258972987532615662e-02
3.289758041501045227e-02 3.272663801908493042e-02
3.099970333278179169e-02 2.975002303719520569e-02
3.391619771718978882e-02 3.112598881125450134e-02
3.331552073359489441e-02 3.464039787650108337e-02
3.335946798324584961e-02 2.997949533164501190e-02
3.405120223760604858e-02 3.202783688902854919e-02
3.425307571887969971e-02 3.393227607011795044e-02
3.338401019573211670e-02 3.314282000064849854e-02
3.336874768137931824e-02 3.158349171280860901e-02
3.486484661698341370e-02 3.363210707902908325e-02
3.158267587423324585e-02 3.042906522750854492e-02
3.539646416902542114e-02 3.399996832013130188e-02
3.247332200407981873e-02 2.820179983973503113e-02
3.307218104600906372e-02 3.390568494796752930e-02
3.237064182758331299e-02 3.097842261195182800e-02
3.534518182277679443e-02 3.152068704366683960e-02
3.378806263208389282e-02 3.564196825027465820e-02
3.555534407496452332e-02 3.458672761917114258e-02
3.479922562837600708e-02 3.244912624359130859e-02
3.435780107975006104e-02 3.239792957901954651e-02
3.169297426939010620e-02 2.747540548443794250e-02
3.381013125181198120e-02 3.448035567998886108e-02
3.380817174911499023e-02 3.080937266349792480e-02
3.283388912677764893e-02 2.978406846523284912e-02
3.343709558248519897e-02 3.049765899777412415e-02
3.400710597634315491e-02 3.293898701667785645e-02
3.374477848410606384e-02 3.065433725714683533e-02
3.333523869514465332e-02 3.286424279212951660e-02
3.056578338146209717e-02 2.998472377657890320e-02
3.156662732362747192e-02 2.962137386202812195e-02
3.364813327789306641e-02 3.227419033646583557e-02
3.628382831811904907e-02 3.162602335214614868e-02
3.392304480075836182e-02 3.216948360204696655e-02
3.540784493088722229e-02 3.230585157871246338e-02
3.428822010755538940e-02 3.272684663534164429e-02
3.263347968459129333e-02 3.196910396218299866e-02
3.316682949662208557e-02 3.105263784527778625e-02
3.254648298025131226e-02 2.969918400049209595e-02
3.227890282869338989e-02 3.414331004023551941e-02
3.460039198398590088e-02 3.443549573421478271e-02
3.230449184775352478e-02 3.036425262689590454e-02
3.304791823029518127e-02 3.339115530252456665e-02
3.326593339443206787e-02 3.252556920051574707e-02
3.268753737211227417e-02 3.529568761587142944e-02
3.251220285892486572e-02 3.289346396923065186e-02
3.376886621117591858e-02 3.569105267524719238e-02
3.427340090274810791e-02 2.835080213844776154e-02
3.504346311092376709e-02 3.236486390233039856e-02
3.309033066034317017e-02 3.161980956792831421e-02
3.500527888536453247e-02 3.278377652168273926e-02
3.330527991056442261e-02 3.063239157199859619e-02
3.552879020571708679e-02 3.243267908692359924e-02
3.489452600479125977e-02 3.567358851432800293e-02
3.406376391649246216e-02 3.111302480101585388e-02
3.391371667385101318e-02 3.113428130745887756e-02
3.418533131480216980e-02 3.261338174343109131e-02
3.567574173212051392e-02 3.342369571328163147e-02
3.512250632047653198e-02 3.307814896106719971e-02
3.208493813872337341e-02 2.908819913864135742e-02
3.459930047392845154e-02 2.850908972322940826e-02
3.577862307429313660e-02 3.328087553381919861e-02
3.698292002081871033e-02 3.381519019603729248e-02
3.448231518268585205e-02 3.544815629720687866e-02
3.428907692432403564e-02 3.220019116997718811e-02
3.343934565782546997e-02 3.123303130269050598e-02
3.567750006914138794e-02 3.538092598319053650e-02
3.485694527626037598e-02 2.885022573173046112e-02
3.689631819725036621e-02 3.581013530492782593e-02
3.433926776051521301e-02 3.072587959468364716e-02
3.427378833293914795e-02 3.130623325705528259e-02
3.331719338893890381e-02 3.181494399905204773e-02
3.343825787305831909e-02 3.188989311456680298e-02
3.348918259143829346e-02 3.000789135694503784e-02
3.364679589867591858e-02 3.331024199724197388e-02
3.404276072978973389e-02 3.329425677657127380e-02
3.458891063928604126e-02 2.891625650227069855e-02
3.371731191873550415e-02 3.186266124248504639e-02
3.471865132451057434e-02 3.401402384042739868e-02
3.185325860977172852e-02 2.775383368134498596e-02
3.572581708431243896e-02 3.278737515211105347e-02
3.581410646438598633e-02 3.224261477589607239e-02
3.346345946192741394e-02 2.829670161008834839e-02
3.448643162846565247e-02 3.169317543506622314e-02
3.673518449068069458e-02 2.984222024679183960e-02
3.478999435901641846e-02 3.147588297724723816e-02
3.329367190599441528e-02 3.009936958551406860e-02
3.434072434902191162e-02 2.890635468065738678e-02
3.127975761890411377e-02 2.766589075326919556e-02
3.193669766187667847e-02 3.074865043163299561e-02
3.358956426382064819e-02 2.801603823900222778e-02
3.279130160808563232e-02 2.681467868387699127e-02
3.487583622336387634e-02 2.772287465631961823e-02
3.415038809180259705e-02 3.081733733415603638e-02
3.531848266720771790e-02 3.445971012115478516e-02
3.318929299712181091e-02 3.065995126962661743e-02
3.487136960029602051e-02 2.907646819949150085e-02
3.457789868116378784e-02 2.810876071453094482e-02
3.557252138853073120e-02 3.204385936260223389e-02
3.277243673801422119e-02 3.156389296054840088e-02
3.467114642262458801e-02 3.324538096785545349e-02
3.400436788797378540e-02 2.636683359742164612e-02
3.421248495578765869e-02 3.143460303544998169e-02
3.365049138665199280e-02 2.782376296818256378e-02
3.472858667373657227e-02 3.071483224630355835e-02
3.471039980649948120e-02 3.235177695751190186e-02
3.261364251375198364e-02 2.863156050443649292e-02
3.370749577879905701e-02 3.040153533220291138e-02
3.441865369677543640e-02 3.228871151804924011e-02
3.547973930835723877e-02 3.023680113255977631e-02
3.434218466281890869e-02 2.813066542148590088e-02
3.323286026716232300e-02 2.512650564312934875e-02
3.377407044172286987e-02 2.617136202752590179e-02
3.818879276514053345e-02 3.573373705148696899e-02
3.476094081997871399e-02 3.014099597930908203e-02
3.345540910959243774e-02 2.666370756924152374e-02
3.314145654439926147e-02 2.856384217739105225e-02
3.583103418350219727e-02 3.126340359449386597e-02
3.380135819315910339e-02 3.301221877336502075e-02
3.367638587951660156e-02 2.809979580342769623e-02
3.476089611649513245e-02 2.984621934592723846e-02
3.414415568113327026e-02 3.153093904256820679e-02
3.195048496127128601e-02 2.718239463865756989e-02
3.449082002043724060e-02 2.828714251518249512e-02
3.159669041633605957e-02 2.763832546770572662e-02
3.482437878847122192e-02 3.190547972917556763e-02
3.339615091681480408e-02 3.337724506855010986e-02
3.422623127698898315e-02 2.606178633868694305e-02
3.269432112574577332e-02 3.065076284110546112e-02
3.101983107626438141e-02 2.765466645359992981e-02
3.446622937917709351e-02 3.304362669587135315e-02
3.241929411888122559e-02 3.291361406445503235e-02
3.168440610170364380e-02 2.983224391937255859e-02
3.296207636594772339e-02 2.721974253654479980e-02
3.329838812351226807e-02 3.249458968639373779e-02
3.083262592554092407e-02 2.634862065315246582e-02
3.192514553666114807e-02 3.043501451611518860e-02
3.325695544481277466e-02 2.922495454549789429e-02
3.177378326654434204e-02 2.990172803401947021e-02
3.115658462047576904e-02 2.984030544757843018e-02
3.368252143263816833e-02 2.924803830683231354e-02
3.398841619491577148e-02 3.334335237741470337e-02
3.148911893367767334e-02 2.821354195475578308e-02
3.227148205041885376e-02 3.001211397349834442e-02
3.199833258986473083e-02 2.848424389958381653e-02
3.253281861543655396e-02 2.873779460787773132e-02
3.320872411131858826e-02 3.154515847563743591e-02
3.184421360492706299e-02 2.746147289872169495e-02
3.365108370780944824e-02 3.094100579619407654e-02
3.236153721809387207e-02 2.329010516405105591e-02
3.110789135098457336e-02 2.636105753481388092e-02
3.182473033666610718e-02 2.757474966347217560e-02
3.408915922045707703e-02 3.007763996720314026e-02
3.106347471475601196e-02 2.940843626856803894e-02
3.314558789134025574e-02 3.069267421960830688e-02
3.182050958275794983e-02 2.985070273280143738e-02
3.368238359689712524e-02 2.861828729510307312e-02
3.300648182630538940e-02 3.268053010106086731e-02
3.274954110383987427e-02 3.110266849398612976e-02
3.304563462734222412e-02 3.010747954249382019e-02
3.545193001627922058e-02 3.392241522669792175e-02
3.209781274199485779e-02 2.782074362039566040e-02
3.047079965472221375e-02 2.753763273358345032e-02
3.274939581751823425e-02 3.011882677674293518e-02
3.388457745313644409e-02 3.001038357615470886e-02
3.297061100602149963e-02 3.307783976197242737e-02
3.222619369626045227e-02 2.949138358235359192e-02
3.410457074642181396e-02 3.470217064023017883e-02
3.253144770860671997e-02 2.869284525513648987e-02
3.296329826116561890e-02 2.770068682730197906e-02
3.626769408583641052e-02 3.601870685815811157e-02
3.711971640586853027e-02 3.231988474726676941e-02
3.381995856761932373e-02 3.015512600541114807e-02
3.299944102764129639e-02 2.994736284017562866e-02
3.592419996857643127e-02 3.014868684113025665e-02
3.456035256385803223e-02 3.287122771143913269e-02
3.429825976490974426e-02 3.300338238477706909e-02
3.302229940891265869e-02 3.179564699530601501e-02
3.509394079446792603e-02 3.357337042689323425e-02
3.190480172634124756e-02 3.061842545866966248e-02
3.282538056373596191e-02 3.036262467503547668e-02
3.478793799877166748e-02 3.232192620635032654e-02
3.478638455271720886e-02 3.278771042823791504e-02
3.404339402914047241e-02 3.216607123613357544e-02
3.427300602197647095e-02 3.116567991673946381e-02
3.695145249366760254e-02 3.186583518981933594e-02
3.439210355281829834e-02 3.436259925365447998e-02
3.280369937419891357e-02 3.078221529722213745e-02
3.559739887714385986e-02 3.290598839521408081e-02
3.532399237155914307e-02 3.101674653589725494e-02
3.553412482142448425e-02 3.264377266168594360e-02
3.364434838294982910e-02 3.166981786489486694e-02
3.419425338506698608e-02 3.243929892778396606e-02
3.620440140366554260e-02 3.104247152805328369e-02
3.472726419568061829e-02 2.932932041585445404e-02
3.343291580677032471e-02 2.733952179551124573e-02
3.568568825721740723e-02 3.030991181731224060e-02
3.428773954510688782e-02 2.928481251001358032e-02
3.439326584339141846e-02 2.973072230815887451e-02
3.300087898969650269e-02 2.677097916603088379e-02
3.334107249975204468e-02 2.870073728263378143e-02
3.295203298330307007e-02 2.890957705676555634e-02
3.498125076293945312e-02 2.727266028523445129e-02
3.400612622499465942e-02 2.769984491169452667e-02
3.125952929258346558e-02 2.702593430876731873e-02
3.458448499441146851e-02 3.248502686619758606e-02
3.388005122542381287e-02 3.065705299377441406e-02
3.240132704377174377e-02 2.657023258507251740e-02
3.318569809198379517e-02 2.641102671623229980e-02
3.320470452308654785e-02 3.294007107615470886e-02
3.332910314202308655e-02 2.875177189707756042e-02
3.287257254123687744e-02 3.080169111490249634e-02
3.438156470656394958e-02 3.247822821140289307e-02
3.502745926380157471e-02 3.206346929073333740e-02
3.410829976201057434e-02 2.772854268550872803e-02
3.444346785545349121e-02 2.848332002758979797e-02
3.424253314733505249e-02 2.965844050049781799e-02
3.510046005249023438e-02 2.989821694791316986e-02
3.435019776225090027e-02 3.033452853560447693e-02
3.526337444782257080e-02 3.141458332538604736e-02
3.378522396087646484e-02 2.647273987531661987e-02
3.492443263530731201e-02 3.308791294693946838e-02
3.617267310619354248e-02 3.065471537411212921e-02
3.411670774221420288e-02 2.855382487177848816e-02
3.403953462839126587e-02 3.213478624820709229e-02
3.453594818711280823e-02 3.005225956439971924e-02
3.376053646206855774e-02 2.790388464927673340e-02
3.300021588802337646e-02 2.925175800919532776e-02
3.456054627895355225e-02 3.116920217871665955e-02
3.527878597378730774e-02 3.166434168815612793e-02
3.493862226605415344e-02 2.857526205480098724e-02
3.307745605707168579e-02 3.002054244279861450e-02
3.453953191637992859e-02 2.851098403334617615e-02
3.244098275899887085e-02 2.696516737341880798e-02
3.443120419979095459e-02 3.513046726584434509e-02
3.367222473025321960e-02 3.000626713037490845e-02
3.525307029485702515e-02 2.980766259133815765e-02
3.227292373776435852e-02 2.385773509740829468e-02
3.473965823650360107e-02 3.192185983061790466e-02
3.275623172521591187e-02 2.904158644378185272e-02
3.470705449581146240e-02 3.052350133657455444e-02
3.300213813781738281e-02 2.582077309489250183e-02
3.447501733899116516e-02 3.043332695960998535e-02
3.588070720434188843e-02 2.891769632697105408e-02
3.392198681831359863e-02 3.096455708146095276e-02
3.457110375165939331e-02 3.025090880692005157e-02
3.412730619311332703e-02 2.964447438716888428e-02
3.195228055119514465e-02 2.661271020770072937e-02
3.351292759180068970e-02 3.607878088951110840e-02
3.239922970533370972e-02 3.135073184967041016e-02
3.482977673411369324e-02 3.243685886263847351e-02
3.405973687767982483e-02 2.865303494036197662e-02
3.045841492712497711e-02 2.372691780328750610e-02
3.332651033997535706e-02 3.247828781604766846e-02
3.432887792587280273e-02 3.050825931131839752e-02
3.320120275020599365e-02 3.145011514425277710e-02
3.362392634153366089e-02 2.811523899435997009e-02
3.362533450126647949e-02 2.983162179589271545e-02
3.519949689507484436e-02 2.865479327738285065e-02
3.338421508669853210e-02 2.908922359347343445e-02
3.291071206331253052e-02 2.796959877014160156e-02
3.133372962474822998e-02 2.964184805750846863e-02
3.302468359470367432e-02 2.786882221698760986e-02
3.072595223784446716e-02 2.722951397299766541e-02
3.325982019305229187e-02 2.956966310739517212e-02
3.304656594991683960e-02 3.058447688817977905e-02
3.271259367465972900e-02 3.068114817142486572e-02
3.328519314527511597e-02 2.897581644356250763e-02
3.368574753403663635e-02 3.179244697093963623e-02
3.135707601904869080e-02 2.697223983705043793e-02
3.338040784001350403e-02 2.744116075336933136e-02
3.237171471118927002e-02 3.326719999313354492e-02
3.548282384872436523e-02 3.404332697391510010e-02
3.173391520977020264e-02 3.009504079818725586e-02
3.189885988831520081e-02 3.018001839518547058e-02
3.496771305799484253e-02 3.324436396360397339e-02
3.319440782070159912e-02 2.943120524287223816e-02
3.504773601889610291e-02 2.667339891195297241e-02
3.677391633391380310e-02 3.382579237222671509e-02
3.315617516636848450e-02 2.886211872100830078e-02
3.316915035247802734e-02 2.990750595927238464e-02
3.398893773555755615e-02 3.008878417313098907e-02
3.362163156270980835e-02 3.004869073629379272e-02
3.370825573801994324e-02 2.815709635615348816e-02
3.330544382333755493e-02 3.016627021133899689e-02
3.467149287462234497e-02 2.761433273553848267e-02
3.272511810064315796e-02 2.883571200072765350e-02
3.264780342578887939e-02 2.796570211648941040e-02
3.289835155010223389e-02 2.832848206162452698e-02
3.506549820303916931e-02 3.098916262388229370e-02
3.484741225838661194e-02 2.754686027765274048e-02
3.335484489798545837e-02 2.900977060198783875e-02
3.479740768671035767e-02 3.215935081243515015e-02
3.315019607543945312e-02 3.016168251633644104e-02
3.366781026124954224e-02 3.044030815362930298e-02
3.378625214099884033e-02 2.659424394369125366e-02
3.535182774066925049e-02 2.948897331953048706e-02
3.400807082653045654e-02 2.933233231306076050e-02
3.276418522000312805e-02 3.157368302345275879e-02
3.401644900441169739e-02 2.858617529273033142e-02
3.458352386951446533e-02 3.096055798232555389e-02
3.473147749900817871e-02 3.147247433662414551e-02
3.428744152188301086e-02 3.225903958082199097e-02
3.341256082057952881e-02 2.961950749158859253e-02
3.401419892907142639e-02 2.895639650523662567e-02
3.279800340533256531e-02 2.855564281344413757e-02
3.203996270895004272e-02 2.908539026975631714e-02
3.419940918684005737e-02 3.171030431985855103e-02
3.459897264838218689e-02 3.560161590576171875e-02
3.229932487010955811e-02 2.710641175508499146e-02
3.426626697182655334e-02 3.196816146373748779e-02
3.153762966394424438e-02 2.936790883541107178e-02
3.414737060666084290e-02 3.220715373754501343e-02
3.256952762603759766e-02 3.003203310072422028e-02
3.279470652341842651e-02 3.185077011585235596e-02
3.216991946101188660e-02 3.105056472122669220e-02
3.310500830411911011e-02 3.011720255017280579e-02
3.215076774358749390e-02 3.024065122008323669e-02
3.281922638416290283e-02 2.961863204836845398e-02
3.280230984091758728e-02 3.126752376556396484e-02
3.005790896713733673e-02 2.908370085060596466e-02
3.236028924584388733e-02 3.129201009869575500e-02
3.208659589290618896e-02 2.846034988760948181e-02
3.246507048606872559e-02 3.081986121833324432e-02
3.248987719416618347e-02 2.964327111840248108e-02
3.265036642551422119e-02 3.003830835223197937e-02
3.329214453697204590e-02 3.237079083919525146e-02
3.299585357308387756e-02 3.217758983373641968e-02
3.240431100130081177e-02 3.359161689877510071e-02
3.210757672786712646e-02 3.436810150742530823e-02
3.253814578056335449e-02 3.502437472343444824e-02
3.248143568634986877e-02 3.443462401628494263e-02
3.238359093666076660e-02 3.087062202394008636e-02
3.179095685482025146e-02 2.770110964775085449e-02
3.282433748245239258e-02 3.061970695853233337e-02
3.369443863630294800e-02 3.193610161542892456e-02
3.166551142930984497e-02 3.417067229747772217e-02
3.360807895660400391e-02 3.486862033605575562e-02
3.533948585391044617e-02 3.505267947912216187e-02
3.326352685689926147e-02 3.117422200739383698e-02
3.267225623130798340e-02 2.992949448525905609e-02
3.306006267666816711e-02 2.889435738325119019e-02
3.344165161252021790e-02 3.388208150863647461e-02
3.258886188268661499e-02 3.184105455875396729e-02
3.282780945301055908e-02 3.288672864437103271e-02
3.325815871357917786e-02 3.153710812330245972e-02
3.338400647044181824e-02 2.844100818037986755e-02
3.242296352982521057e-02 2.956088259816169739e-02
3.311681002378463745e-02 3.004711493849754333e-02
3.406583517789840698e-02 3.501707315444946289e-02
3.501843288540840149e-02 3.617168962955474854e-02
3.264665976166725159e-02 3.133926540613174438e-02
3.360682725906372070e-02 3.279484435915946960e-02
3.148181363940238953e-02 3.118609264492988586e-02
3.349296003580093384e-02 3.064123541116714478e-02
3.338607400655746460e-02 3.174716979265213013e-02
3.091762587428092957e-02 2.909890376031398773e-02
3.362429887056350708e-02 3.422933444380760193e-02
3.381009399890899658e-02 3.422178328037261963e-02
3.513149172067642212e-02 3.199886903166770935e-02
3.213352710008621216e-02 3.142499923706054688e-02
3.357462584972381592e-02 2.961479872465133667e-02
3.490474075078964233e-02 3.192656487226486206e-02
3.365508466958999634e-02 3.235032409429550171e-02
3.384482860565185547e-02 3.417781740427017212e-02
3.529250994324684143e-02 3.349111974239349365e-02
3.325582295656204224e-02 3.309619426727294922e-02
3.367152065038681030e-02 3.087172284722328186e-02
3.389044106006622314e-02 3.187536820769309998e-02
3.559708595275878906e-02 3.319789469242095947e-02
3.436685353517532349e-02 3.019819781184196472e-02
3.361321613192558289e-02 3.361019119620323181e-02
3.358958289027214050e-02 3.628210723400115967e-02
3.274923563003540039e-02 3.341206163167953491e-02
3.372041136026382446e-02 3.334523737430572510e-02
3.190700337290763855e-02 3.075345419347286224e-02
3.477890416979789734e-02 3.630698472261428833e-02
3.505732864141464233e-02 3.657786548137664795e-02
3.340869396924972534e-02 3.408229723572731018e-02
3.640247136354446411e-02 3.640125691890716553e-02
3.268494457006454468e-02 3.352975100278854370e-02
3.554113954305648804e-02 3.538052737712860107e-02
3.402997925877571106e-02 3.578728437423706055e-02
3.446441888809204102e-02 3.309343010187149048e-02
3.532567992806434631e-02 3.389459103345870972e-02
3.574492782354354858e-02 3.291128948330879211e-02
3.384039551019668579e-02 3.385763987898826599e-02
3.252863511443138123e-02 3.187159076333045959e-02
3.292173892259597778e-02 3.077869862318038940e-02
3.350185602903366089e-02 3.133454173803329468e-02
3.346048668026924133e-02 3.322149440646171570e-02
3.268845006823539734e-02 2.908828109502792358e-02
3.354338183999061584e-02 3.349737077951431274e-02
3.532585501670837402e-02 3.400367498397827148e-02
3.535593301057815552e-02 3.545293211936950684e-02
3.418067470192909241e-02 3.376373276114463806e-02
3.390537202358245850e-02 3.276905417442321777e-02
3.460459783673286438e-02 3.334254771471023560e-02
3.322707489132881165e-02 2.880509383976459503e-02
3.475842997431755066e-02 3.181171417236328125e-02
3.363650292158126831e-02 3.281875699758529663e-02
3.555549308657646179e-02 3.323203325271606445e-02
3.651225566864013672e-02 3.518998622894287109e-02
3.394734859466552734e-02 3.204448893666267395e-02
3.452308475971221924e-02 2.954027056694030762e-02
3.138000145554542542e-02 3.252629190683364868e-02
3.280385956168174744e-02 3.180967271327972412e-02
3.357315808534622192e-02 3.154550865292549133e-02
3.422816842794418335e-02 3.414664790034294128e-02
3.440593555569648743e-02 3.624644875526428223e-02
3.562714904546737671e-02 3.254724293947219849e-02
3.403488919138908386e-02 2.812727168202400208e-02
3.412419930100440979e-02 3.252237290143966675e-02
3.300714865326881409e-02 3.415164723992347717e-02
3.433457389473915100e-02 3.293396905064582825e-02
3.249422460794448853e-02 3.348877653479576111e-02
3.302453458309173584e-02 3.327295184135437012e-02
3.335244953632354736e-02 3.137024119496345520e-02
3.390739858150482178e-02 3.454855084419250488e-02
3.558035194873809814e-02 3.512879088521003723e-02
3.408556431531906128e-02 3.706534951925277710e-02
3.311448916792869568e-02 3.075787052512168884e-02
3.382228314876556396e-02 3.498061746358871460e-02
3.437902033329010010e-02 3.574799746274948120e-02
3.351511061191558838e-02 3.315156698226928711e-02
3.595499321818351746e-02 3.646334260702133179e-02
3.607565537095069885e-02 3.419940918684005737e-02
3.439300134778022766e-02 3.290678560733795166e-02
3.450004011392593384e-02 3.137855231761932373e-02
3.461797907948493958e-02 3.550703451037406921e-02
3.478632494807243347e-02 3.456807509064674377e-02
3.410071134567260742e-02 3.409069776535034180e-02
3.501198068261146545e-02 3.050198033452033997e-02
3.526031225919723511e-02 3.506941720843315125e-02
3.384638577699661255e-02 2.906290441751480103e-02
3.468646481633186340e-02 3.212043642997741699e-02
3.483676537871360779e-02 3.049275465309619904e-02
3.182223439216613770e-02 3.179029747843742371e-02
3.507734462618827820e-02 3.394190222024917603e-02
3.443145006895065308e-02 3.423116728663444519e-02
3.389757126569747925e-02 3.372418135404586792e-02
3.449359908699989319e-02 3.556484729051589966e-02
3.298742324113845825e-02 2.838877402245998383e-02
3.248465433716773987e-02 2.957712486386299133e-02
3.374397382140159607e-02 3.174405544996261597e-02
3.403123468160629272e-02 3.056650049984455109e-02
3.598621115088462830e-02 3.085085749626159668e-02
3.519649803638458252e-02 3.249453008174896240e-02
3.330675512552261353e-02 2.899181284010410309e-02
3.432186320424079895e-02 3.217687085270881653e-02
3.396512567996978760e-02 3.341906890273094177e-02
3.287622332572937012e-02 2.874827757477760315e-02
3.505235537886619568e-02 3.676257282495498657e-02
3.490941226482391357e-02 3.573805838823318481e-02
3.593990951776504517e-02 3.209183737635612488e-02
3.510243445634841919e-02 3.176364302635192871e-02
3.555962443351745605e-02 3.543080389499664307e-02
3.606216609477996826e-02 3.481445461511611938e-02
3.406676650047302246e-02 3.035511635243892670e-02
3.494458273053169250e-02 3.662328422069549561e-02
3.399370238184928894e-02 3.351918980479240417e-02
3.423988074064254761e-02 3.112067282199859619e-02
3.504123911261558533e-02 3.456089273095130920e-02
3.376917913556098938e-02 3.343369066715240479e-02
3.448151424527168274e-02 3.276178985834121704e-02
3.365503996610641479e-02 3.258118778467178345e-02
3.458431363105773926e-02 3.279736638069152832e-02
3.737521171569824219e-02 3.673765435814857483e-02
3.436988964676856995e-02 3.406799584627151489e-02
3.457392007112503052e-02 3.299640491604804993e-02
3.524354472756385803e-02 3.418572619557380676e-02
3.540011122822761536e-02 3.098324872553348541e-02
3.623959422111511230e-02 3.572864085435867310e-02
3.437861427664756775e-02 3.161333501338958740e-02
3.377173095941543579e-02 3.068222291767597198e-02
3.313194587826728821e-02 2.990248054265975952e-02
3.465083986520767212e-02 3.073035553097724915e-02
3.447596356272697449e-02 3.177586570382118225e-02
3.532574698328971863e-02 3.373708575963973999e-02
3.152851760387420654e-02 2.955689281225204468e-02
3.376726806163787842e-02 3.169632703065872192e-02
3.412947058677673340e-02 3.332152962684631348e-02
3.380713611841201782e-02 3.378761932253837585e-02
3.224949911236763000e-02 2.974281460046768188e-02
3.430796414613723755e-02 3.125411272048950195e-02
3.544045984745025635e-02 3.019890934228897095e-02
3.363458439707756042e-02 3.347151353955268860e-02
3.407800197601318359e-02 3.555507957935333252e-02
3.527783229947090149e-02 3.546691685914993286e-02
3.261370584368705750e-02 2.928449958562850952e-02
3.383671119809150696e-02 2.899729460477828979e-02
3.485130518674850464e-02 3.024080768227577209e-02
3.545252978801727295e-02 3.512256592512130737e-02
3.401909396052360535e-02 3.214536607265472412e-02
3.398070111870765686e-02 3.343109041452407837e-02
3.459170088171958923e-02 3.205394744873046875e-02
3.557506948709487915e-02 3.364819660782814026e-02
3.384310379624366760e-02 3.176142275333404541e-02
3.477302193641662598e-02 3.282455354928970337e-02
3.448776900768280029e-02 3.010179102420806885e-02
3.554715588688850403e-02 3.421894460916519165e-02
3.564172238111495972e-02 3.699414432048797607e-02
3.511456400156021118e-02 3.362970054149627686e-02
3.257016837596893311e-02 3.377582877874374390e-02
3.331393003463745117e-02 3.307503834366798401e-02
3.433990478515625000e-02 3.685805946588516235e-02
3.418362513184547424e-02 3.677468001842498779e-02
3.191945329308509827e-02 3.297875449061393738e-02
3.326135128736495972e-02 3.024102747440338135e-02
3.349142521619796753e-02 3.395863994956016541e-02
3.477855399250984192e-02 3.407726809382438660e-02
3.370109200477600098e-02 3.388462215662002563e-02
3.350618109107017517e-02 3.366648033261299133e-02
3.446469455957412720e-02 3.441561758518218994e-02
3.193734586238861084e-02 3.229242190718650818e-02
3.426266834139823914e-02 3.285362198948860168e-02
3.648966550827026367e-02 3.645350784063339233e-02
3.285109251737594604e-02 3.347636014223098755e-02
3.412413597106933594e-02 3.400997444987297058e-02
3.418093174695968628e-02 3.393618762493133545e-02
3.507694974541664124e-02 3.271200135350227356e-02
3.276240453124046326e-02 3.227034211158752441e-02
3.382838144898414612e-02 3.253257274627685547e-02
3.281389921903610229e-02 2.895938046276569366e-02
3.555930405855178833e-02 3.460920602083206177e-02
3.379789739847183228e-02 3.024233505129814148e-02
3.564115613698959351e-02 3.564675152301788330e-02
3.388440236449241638e-02 3.263026475906372070e-02
3.709984943270683289e-02 3.367774933576583862e-02
3.403051942586898804e-02 3.068852424621582031e-02
3.439009934663772583e-02 3.203780204057693481e-02
3.572434186935424805e-02 3.377798199653625488e-02
3.388829156756401062e-02 3.056455776095390320e-02
3.535858914256095886e-02 3.262533992528915405e-02
3.608213365077972412e-02 3.383925557136535645e-02
3.361221775412559509e-02 3.294144198298454285e-02
3.449875488877296448e-02 3.510038182139396667e-02
3.562398999929428101e-02 3.119103610515594482e-02
3.383284434676170349e-02 3.317563235759735107e-02
3.314840793609619141e-02 3.107546269893646240e-02
3.654881566762924194e-02 3.560131788253784180e-02
3.407785668969154358e-02 3.253524750471115112e-02
3.415591642260551453e-02 3.320695087313652039e-02
3.516717255115509033e-02 3.150850906968116760e-02
3.596073389053344727e-02 3.415113314986228943e-02
3.275738283991813660e-02 3.097048401832580566e-02
3.311554342508316040e-02 3.383221104741096497e-02
3.467280417680740356e-02 3.119141608476638794e-02
3.216304630041122437e-02 2.993474528193473816e-02
3.054488822817802429e-02 2.859404683113098145e-02
3.223280608654022217e-02 2.900263853371143341e-02
3.412792086601257324e-02 3.794702887535095215e-02
3.449612110853195190e-02 3.310317546129226685e-02
3.344228491187095642e-02 3.293498605489730835e-02
3.276451677083969116e-02 2.972297742962837219e-02
3.438191860914230347e-02 3.219591081142425537e-02
3.434246033430099487e-02 3.466164693236351013e-02
3.371934965252876282e-02 2.911220863461494446e-02
3.564677014946937561e-02 3.386425226926803589e-02
3.394051268696784973e-02 3.384819626808166504e-02
3.659082949161529541e-02 3.358645737171173096e-02
3.408331051468849182e-02 3.615266084671020508e-02
3.317429870367050171e-02 3.049253299832344055e-02
3.366019576787948608e-02 3.266924619674682617e-02
3.360668197274208069e-02 3.332405909895896912e-02
3.606166318058967590e-02 3.508463874459266663e-02
3.590977936983108521e-02 3.480660170316696167e-02
3.619827330112457275e-02 3.359815478324890137e-02
3.451241180300712585e-02 3.464265912771224976e-02
3.396050259470939636e-02 3.409767895936965942e-02
3.433416038751602173e-02 3.291089087724685669e-02
3.390728682279586792e-02 3.201606869697570801e-02
3.403680026531219482e-02 3.145753964781761169e-02
3.355258330702781677e-02 2.896529808640480042e-02
3.641115128993988037e-02 3.423018753528594971e-02
3.473689034581184387e-02 3.575145453214645386e-02
3.321105241775512695e-02 2.934376522898674011e-02
3.462982550263404846e-02 3.135932609438896179e-02
3.326208889484405518e-02 3.252629935741424561e-02
3.553752601146697998e-02 3.404030948877334595e-02
3.685620054602622986e-02 3.491105139255523682e-02
3.370144218206405640e-02 3.007595613598823547e-02
3.459026664495468140e-02 3.370669856667518616e-02
3.426773101091384888e-02 3.308687359094619751e-02
3.533517196774482727e-02 3.209488838911056519e-02
3.342120349407196045e-02 3.203434497117996216e-02
3.324089944362640381e-02 3.079598397016525269e-02
3.157752752304077148e-02 2.912278659641742706e-02
3.326850384473800659e-02 3.097841143608093262e-02
3.369426727294921875e-02 2.973887696862220764e-02
3.617335855960845947e-02 3.346555307507514954e-02
3.522832319140434265e-02 3.267160430550575256e-02
3.178715333342552185e-02 2.764360792934894562e-02
3.291273117065429688e-02 3.134102001786231995e-02
3.581673651933670044e-02 3.602401539683341980e-02
3.509542718529701233e-02 3.613192588090896606e-02
3.547462075948715210e-02 3.257126361131668091e-02
3.673328459262847900e-02 3.339852392673492432e-02
3.448126092553138733e-02 3.232704102993011475e-02
3.393543139100074768e-02 3.302693739533424377e-02
3.359603881835937500e-02 3.320260345935821533e-02
3.525256365537643433e-02 3.173498436808586121e-02
3.591224923729896545e-02 3.450363874435424805e-02
3.608506172895431519e-02 3.317201137542724609e-02
3.463837504386901855e-02 3.225624188780784607e-02
3.584770858287811279e-02 3.266592323780059814e-02
3.608301654458045959e-02 3.490737080574035645e-02
3.437535837292671204e-02 3.400743007659912109e-02
3.423857316374778748e-02 3.079112991690635681e-02
3.195393830537796021e-02 2.899144776165485382e-02
3.844977170228958130e-02 3.483727201819419861e-02
3.313764557242393494e-02 3.254922851920127869e-02
3.427604585886001587e-02 3.267996013164520264e-02
3.300303965806961060e-02 2.842265740036964417e-02
3.694597259163856506e-02 3.316259011626243591e-02
3.599183633923530579e-02 3.633455187082290649e-02
3.561378270387649536e-02 3.526700288057327271e-02
3.524944558739662170e-02 3.290906548500061035e-02
3.438749909400939941e-02 3.306847438216209412e-02
3.369054198265075684e-02 3.185679018497467041e-02
3.584724292159080505e-02 3.878466784954071045e-02
3.483249992132186890e-02 3.256808966398239136e-02
3.717003017663955688e-02 3.533565253019332886e-02
3.417496755719184875e-02 3.308370709419250488e-02
3.586483374238014221e-02 3.467826917767524719e-02
3.583421930670738220e-02 3.012282401323318481e-02
3.620005398988723755e-02 3.272799029946327209e-02
3.630004078149795532e-02 3.139112144708633423e-02
3.699452802538871765e-02 3.423717245459556580e-02
3.530178591609001160e-02 3.276288509368896484e-02
3.632026165723800659e-02 3.122328221797943115e-02
3.278100490570068359e-02 3.124995529651641846e-02
3.650352731347084045e-02 3.420533239841461182e-02
3.580735251307487488e-02 3.196106106042861938e-02
3.500163555145263672e-02 2.962603420019149780e-02
3.440017998218536377e-02 3.102623671293258667e-02
3.553830459713935852e-02 3.312103450298309326e-02
3.493985906243324280e-02 3.242001682519912720e-02
3.370059281587600708e-02 3.336454182863235474e-02
3.473739326000213623e-02 3.411271050572395325e-02
3.290653973817825317e-02 3.425075486302375793e-02
3.614996373653411865e-02 3.111655265092849731e-02
3.307164832949638367e-02 3.121122345328330994e-02
3.561921417713165283e-02 3.126526623964309692e-02
3.396491706371307373e-02 3.260055184364318848e-02
3.425615653395652771e-02 3.134111315011978149e-02
3.493020683526992798e-02 3.117823228240013123e-02
3.781583160161972046e-02 3.418061137199401855e-02
3.335551172494888306e-02 3.446666896343231201e-02
3.485437482595443726e-02 3.203387185931205750e-02
3.535892814397811890e-02 3.407153487205505371e-02
3.362079337239265442e-02 3.056114166975021362e-02
3.532503545284271240e-02 3.331483155488967896e-02
3.751533478498458862e-02 3.548284620046615601e-02
3.517521172761917114e-02 3.165387734770774841e-02
3.475154936313629150e-02 3.284820169210433960e-02
3.657708689570426941e-02 3.425560891628265381e-02
3.447964042425155640e-02 3.399688750505447388e-02
3.506462275981903076e-02 3.040937520563602448e-02
3.645514696836471558e-02 3.289722651243209839e-02
3.521121293306350708e-02 3.406640887260437012e-02
3.775548189878463745e-02 3.376320376992225647e-02
3.647593036293983459e-02 3.066398575901985168e-02
3.670731186866760254e-02 3.426463529467582703e-02
3.437563776969909668e-02 3.081074170768260956e-02
3.495031222701072693e-02 3.165839612483978271e-02
3.476972877979278564e-02 3.236806020140647888e-02
3.724060207605361938e-02 3.187370300292968750e-02
3.571927174925804138e-02 2.926227450370788574e-02
3.783830255270004272e-02 3.736156970262527466e-02
3.664096817374229431e-02 3.239506855607032776e-02
3.326000273227691650e-02 3.315245732665061951e-02
3.574793785810470581e-02 3.161709755659103394e-02
3.510281443595886230e-02 2.959441766142845154e-02
3.700172901153564453e-02 3.566544502973556519e-02
3.457698225975036621e-02 3.002634644508361816e-02
3.415390104055404663e-02 3.228352218866348267e-02
3.367172926664352417e-02 2.957060560584068298e-02
3.400592505931854248e-02 3.388458490371704102e-02
3.527315333485603333e-02 3.803530335426330566e-02
3.469051420688629150e-02 3.156566992402076721e-02
3.632020577788352966e-02 3.401675820350646973e-02
3.331705182790756226e-02 3.035657294094562531e-02
3.497710824012756348e-02 3.242337331175804138e-02
3.475746884942054749e-02 3.350621089339256287e-02
3.546247631311416626e-02 3.545293211936950684e-02
3.143200278282165527e-02 3.110778890550136566e-02
3.364096954464912415e-02 3.033707104623317719e-02
3.529508784413337708e-02 3.553037345409393311e-02
3.356748074293136597e-02 3.059814125299453735e-02
3.360944613814353943e-02 2.776871994137763977e-02
3.167404234409332275e-02 2.859693579375743866e-02
3.307592123746871948e-02 2.771182730793952942e-02
3.359110280871391296e-02 3.084608912467956543e-02
3.366268053650856018e-02 3.308362513780593872e-02
3.439919278025627136e-02 3.190441429615020752e-02
3.310832753777503967e-02 3.166800364851951599e-02
3.541246801614761353e-02 3.247109428048133850e-02
3.258325532078742981e-02 2.780927158892154694e-02
3.276446089148521423e-02 3.063344210386276245e-02
3.254102915525436401e-02 2.971168421208858490e-02
3.091233968734741211e-02 2.998990379273891449e-02
3.081876225769519806e-02 2.887317910790443420e-02
3.307209163904190063e-02 3.114295005798339844e-02
3.246804326772689819e-02 3.139424324035644531e-02
3.618645295500755310e-02 3.786639124155044556e-02
3.220652788877487183e-02 3.009265288710594177e-02
3.350673988461494446e-02 3.590295463800430298e-02
3.161780908703804016e-02 2.960691601037979126e-02
3.330406546592712402e-02 3.351397067308425903e-02
3.264210000634193420e-02 3.412224352359771729e-02
3.558790683746337891e-02 3.400638699531555176e-02
3.486495465040206909e-02 2.995694801211357117e-02
3.086211346089839935e-02 2.693350985646247864e-02
3.390015289187431335e-02 3.134074807167053223e-02
3.346747532486915588e-02 2.942093461751937866e-02
3.461061045527458191e-02 3.169648349285125732e-02
3.466201201081275940e-02 3.201014548540115356e-02
3.398259356617927551e-02 3.244543075561523438e-02
3.357569128274917603e-02 3.385329619050025940e-02
3.344980254769325256e-02 2.952444180846214294e-02
3.419874981045722961e-02 3.285942971706390381e-02
3.320595622062683105e-02 3.359233587980270386e-02
3.204014152288436890e-02 3.279845789074897766e-02
3.236523270606994629e-02 3.165394440293312073e-02
3.285212069749832153e-02 2.907978184521198273e-02
3.180415928363800049e-02 3.094887360930442810e-02
3.316513076424598694e-02 3.098037280142307281e-02
3.111635521054267883e-02 3.372643887996673584e-02
3.256447613239288330e-02 3.483302146196365356e-02
3.335996344685554504e-02 3.618902340531349182e-02
3.229326009750366211e-02 3.358440846204757690e-02
3.568261861801147461e-02 3.674711287021636963e-02
2.964023128151893616e-02 2.914182469248771667e-02
3.315029665827751160e-02 3.379469364881515503e-02
3.168956562876701355e-02 2.941846102476119995e-02
3.521614521741867065e-02 3.554327785968780518e-02
3.205597773194313049e-02 3.177419304847717285e-02
3.166399151086807251e-02 3.313042223453521729e-02
3.229080885648727417e-02 3.432919457554817200e-02
3.297973424196243286e-02 3.281432762742042542e-02
3.411875665187835693e-02 3.690716624259948730e-02
3.214458748698234558e-02 3.311845660209655762e-02
3.359110280871391296e-02 3.284391015768051147e-02
3.418780490756034851e-02 3.408007696270942688e-02
3.353863582015037537e-02 3.411999717354774475e-02
3.275913000106811523e-02 3.097615018486976624e-02
3.150638937950134277e-02 3.352035582065582275e-02
3.241690248250961304e-02 3.408170491456985474e-02
3.105234354734420776e-02 3.002568334341049194e-02
3.215054795145988464e-02 3.350456058979034424e-02
3.284943103790283203e-02 3.679135441780090332e-02
3.189111500978469849e-02 3.139369189739227295e-02
3.147949278354644775e-02 2.942148968577384949e-02
3.260154649615287781e-02 2.928144857287406921e-02
3.430378064513206482e-02 3.634712100028991699e-02
3.290002048015594482e-02 2.795234695076942444e-02
3.655093535780906677e-02 3.172722458839416504e-02
3.360204771161079407e-02 3.227419406175613403e-02
3.353761136531829834e-02 3.135493025183677673e-02
3.370871394872665405e-02 2.994131296873092651e-02
3.320337831974029541e-02 2.917467430233955383e-02
3.297447413206100464e-02 2.952083945274353027e-02
3.227200731635093689e-02 3.475994616746902466e-02
3.374251723289489746e-02 3.362112492322921753e-02
3.306216001510620117e-02 3.276528045535087585e-02
3.269694745540618896e-02 3.299950808286666870e-02
3.320449963212013245e-02 3.137549757957458496e-02
3.064431622624397278e-02 3.332815691828727722e-02
3.422892093658447266e-02 3.499576821923255920e-02
3.315257281064987183e-02 3.363221511244773865e-02
3.358170762658119202e-02 3.535370901226997375e-02
3.339362889528274536e-02 3.913524746894836426e-02
3.649253398180007935e-02 3.671815246343612671e-02
3.406166657805442810e-02 3.152899071574211121e-02
3.544873371720314026e-02 3.201591223478317261e-02
3.446286916732788086e-02 3.507572039961814880e-02
3.227677941322326660e-02 3.365604579448699951e-02
3.269646689295768738e-02 3.578534349799156189e-02
3.372292220592498779e-02 3.412663564085960388e-02
3.391756862401962280e-02 3.492663055658340454e-02
3.314056620001792908e-02 3.186433762311935425e-02
3.648943826556205750e-02 3.514516726136207581e-02
3.435257822275161743e-02 3.317717090249061584e-02
3.569869697093963623e-02 3.167363256216049194e-02
3.495887666940689087e-02 3.511139377951622009e-02
3.572659566998481750e-02 3.324769064784049988e-02
3.486313298344612122e-02 3.397337347269058228e-02
3.377195447683334351e-02 3.440459072589874268e-02
3.091921284794807434e-02 2.852546423673629761e-02
3.248431533575057983e-02 3.279159963130950928e-02
3.113305568695068359e-02 3.188479691743850708e-02
3.214511647820472717e-02 3.172902017831802368e-02
3.321941941976547241e-02 3.492664173245429993e-02
3.239804506301879883e-02 3.326887264847755432e-02
3.289996087551116943e-02 3.254526108503341675e-02
3.464978560805320740e-02 3.310643136501312256e-02
3.117968514561653137e-02 3.125824034214019775e-02
3.380664438009262085e-02 3.126739338040351868e-02
3.383539617061614990e-02 3.248228132724761963e-02
3.501208871603012085e-02 3.324886783957481384e-02
3.293704614043235779e-02 3.436465933918952942e-02
3.275988250970840454e-02 3.130668029189109802e-02
3.244118764996528625e-02 3.092413581907749176e-02
3.323973715305328369e-02 3.225837275385856628e-02
3.393310680985450745e-02 3.527552634477615356e-02
3.374602645635604858e-02 3.169126808643341064e-02
3.150599822402000427e-02 2.811599895358085632e-02
3.616998717188835144e-02 3.322690725326538086e-02
3.457656502723693848e-02 2.874047867953777313e-02
3.293353691697120667e-02 3.077460639178752899e-02
3.559807687997817993e-02 3.588882088661193848e-02
3.585778176784515381e-02 3.417875245213508606e-02
3.398238122463226318e-02 3.446109592914581299e-02
3.432410955429077148e-02 3.283851966261863708e-02
3.484362736344337463e-02 3.184664621949195862e-02
3.564475849270820618e-02 3.633014857769012451e-02
3.310211002826690674e-02 3.016118519008159637e-02
3.356511890888214111e-02 3.350825607776641846e-02
3.675054758787155151e-02 3.644413501024246216e-02
3.649359568953514099e-02 3.430305421352386475e-02
3.667713701725006104e-02 3.288641571998596191e-02
3.583875298500061035e-02 3.170638903975486755e-02
3.462814539670944214e-02 3.000662289559841156e-02
3.389636427164077759e-02 3.174132853746414185e-02
3.373437002301216125e-02 3.434893488883972168e-02
3.329034149646759033e-02 3.234665840864181519e-02
3.416675701737403870e-02 3.192315250635147095e-02
3.276666998863220215e-02 3.167711570858955383e-02
3.246851265430450439e-02 3.144966810941696167e-02
3.295015916228294373e-02 3.529882431030273438e-02
3.570482134819030762e-02 3.125353530049324036e-02
3.409715369343757629e-02 3.169111907482147217e-02
3.340993449091911316e-02 3.155881911516189575e-02
3.347102180123329163e-02 3.160154819488525391e-02
3.427851945161819458e-02 3.404530137777328491e-02
3.319747000932693481e-02 2.799275144934654236e-02
3.102272935211658478e-02 3.127691894769668579e-02
3.620888292789459229e-02 3.695265203714370728e-02
3.453521057963371277e-02 3.169019520282745361e-02
3.291819244623184204e-02 3.268256038427352905e-02
3.284873440861701965e-02 3.026871196925640106e-02
3.314238786697387695e-02 3.245314583182334900e-02
3.159030154347419739e-02 3.091329894959926605e-02
3.367897868156433105e-02 3.276506438851356506e-02
3.307329118251800537e-02 3.386431932449340820e-02
3.434314206242561340e-02 3.227132931351661682e-02
3.155869618058204651e-02 3.076820448040962219e-02
3.220156580209732056e-02 3.370836749672889709e-02
3.466967493295669556e-02 3.466178476810455322e-02
3.352566435933113098e-02 3.267848119139671326e-02
3.223425522446632385e-02 3.356496617197990417e-02
3.469371795654296875e-02 3.152940422296524048e-02
3.638074174523353577e-02 3.611401468515396118e-02
3.346818685531616211e-02 3.063282370567321777e-02
3.392573818564414978e-02 3.196389973163604736e-02
3.521250188350677490e-02 3.623034805059432983e-02
3.549855574965476990e-02 3.369385749101638794e-02
3.491374850273132324e-02 3.141623362898826599e-02
3.436300158500671387e-02 3.203060477972030640e-02
3.308694437146186829e-02 3.205290064215660095e-02
3.423541039228439331e-02 3.297527134418487549e-02
3.533199056982994080e-02 3.333208709955215454e-02
3.747486695647239685e-02 3.539592772722244263e-02
3.472876921296119690e-02 3.533023595809936523e-02
3.526387363672256470e-02 3.373394161462783813e-02
3.572571277618408203e-02 3.249735012650489807e-02
3.431778401136398315e-02 3.516642004251480103e-02
3.086691349744796753e-02 3.101898171007633209e-02
3.374780714511871338e-02 3.445865213871002197e-02
3.538554534316062927e-02 3.401955962181091309e-02
3.416356444358825684e-02 3.468300402164459229e-02
3.404454886913299561e-02 3.580533713102340698e-02
3.382973000407218933e-02 3.350006043910980225e-02
3.287193924188613892e-02 3.492718935012817383e-02
3.390805050730705261e-02 3.523736074566841125e-02
3.330491483211517334e-02 3.487241268157958984e-02
3.386221826076507568e-02 3.488478437066078186e-02
3.286380320787429810e-02 3.271261975169181824e-02
3.395275399088859558e-02 3.275448083877563477e-02
3.279868513345718384e-02 3.104933910071849823e-02
3.486586362123489380e-02 3.232586756348609924e-02
3.482255339622497559e-02 3.194790333509445190e-02
3.343183919787406921e-02 3.129092231392860413e-02
3.139993920922279358e-02 2.888030186295509338e-02
3.667242079973220825e-02 3.558906912803649902e-02
3.331056982278823853e-02 3.327789530158042908e-02
3.643536940217018127e-02 3.714876621961593628e-02
3.357473388314247131e-02 3.141352906823158264e-02
3.442503884434700012e-02 3.599794209003448486e-02
3.593150898814201355e-02 3.509439900517463684e-02
3.435572981834411621e-02 3.608691692352294922e-02
3.434104099869728088e-02 3.333643823862075806e-02
3.432718664407730103e-02 3.460787981748580933e-02
3.269786760210990906e-02 3.287070617079734802e-02
3.260533884167671204e-02 3.395878523588180542e-02
3.403625264763832092e-02 3.252811729907989502e-02
3.420487791299819946e-02 3.363444656133651733e-02
3.586875274777412415e-02 3.535436093807220459e-02
3.530800715088844299e-02 3.284570574760437012e-02
3.496795520186424255e-02 3.395498171448707581e-02
3.425567597150802612e-02 3.283413499593734741e-02
3.426910191774368286e-02 3.539504855871200562e-02
3.272099047899246216e-02 3.327260911464691162e-02
3.521578386425971985e-02 3.392039239406585693e-02
3.421125560998916626e-02 3.209675475955009460e-02
3.483437746763229370e-02 3.121325001120567322e-02
3.611656278371810913e-02 3.171339258551597595e-02
3.499261289834976196e-02 3.570490330457687378e-02
3.564223647117614746e-02 3.227804601192474365e-02
3.591987118124961853e-02 3.645342588424682617e-02
3.596444800496101379e-02 3.200088068842887878e-02
3.595127165317535400e-02 3.434774279594421387e-02
3.331375122070312500e-02 2.945009991526603699e-02
3.439678251743316650e-02 3.385991603136062622e-02
3.454445302486419678e-02 3.246786072850227356e-02
3.269864246249198914e-02 2.969094365835189819e-02
3.514008224010467529e-02 3.584741801023483276e-02
3.524705767631530762e-02 3.202739357948303223e-02
3.424606844782829285e-02 3.234160691499710083e-02
3.369029238820075989e-02 3.161007165908813477e-02
3.576098382472991943e-02 3.437032923102378845e-02
3.587662056088447571e-02 3.355682268738746643e-02
3.410140424966812134e-02 3.184637799859046936e-02
3.678382933139801025e-02 3.602018952369689941e-02
3.567096590995788574e-02 3.380851075053215027e-02
3.461574018001556396e-02 3.223385289311408997e-02
3.545230254530906677e-02 3.315053880214691162e-02
3.497180342674255371e-02 3.371448814868927002e-02
3.442422673106193542e-02 3.204173967242240906e-02
3.609305620193481445e-02 3.508808836340904236e-02
3.471254929900169373e-02 3.291968256235122681e-02
3.514342755079269409e-02 3.382664173841476440e-02
3.571001440286636353e-02 3.202326595783233643e-02
3.489408642053604126e-02 3.276284784078598022e-02
3.449133411049842834e-02 3.420198708772659302e-02
3.771441429853439331e-02 3.860687837004661560e-02
3.623716533184051514e-02 3.191584348678588867e-02
3.384978324174880981e-02 3.353539481759071350e-02
3.340178728103637695e-02 3.179055079817771912e-02
3.559992834925651550e-02 3.385580331087112427e-02
3.342320024967193604e-02 3.194615617394447327e-02
3.355079889297485352e-02 3.464475646615028381e-02
3.524410352110862732e-02 3.433432430028915405e-02
3.343969956040382385e-02 3.030001744627952576e-02
3.243428468704223633e-02 2.959664911031723022e-02
3.276180475950241089e-02 2.925944328308105469e-02
3.196435794234275818e-02 3.083577752113342285e-02
3.530536592006683350e-02 3.557284921407699585e-02
3.508295863866806030e-02 3.154746443033218384e-02
3.440482169389724731e-02 2.846597880125045776e-02
3.345621377229690552e-02 3.192834556102752686e-02
3.407090902328491211e-02 3.206830471754074097e-02
3.334470838308334351e-02 3.062121197581291199e-02
3.390616551041603088e-02 3.095733188092708588e-02
3.419142216444015503e-02 3.391974046826362610e-02
3.363459557294845581e-02 3.266388177871704102e-02
3.297778591513633728e-02 3.008295409381389618e-02
3.380399197340011597e-02 3.039225935935974121e-02
3.308501839637756348e-02 3.351598232984542847e-02
3.460398316383361816e-02 3.279507905244827271e-02
3.360064700245857239e-02 3.180750086903572083e-02
3.327136486768722534e-02 3.004600852727890015e-02
3.668853640556335449e-02 3.328678011894226074e-02
3.348597884178161621e-02 2.908246219158172607e-02
3.182126581668853760e-02 2.873566746711730957e-02
3.393207490444183350e-02 3.454365581274032593e-02
3.372170776128768921e-02 2.906526997685432434e-02
3.267310187220573425e-02 3.387855738401412964e-02
3.341462463140487671e-02 3.349975496530532837e-02
3.124238736927509308e-02 3.198652341961860657e-02
3.342092037200927734e-02 3.419468924403190613e-02
3.355607390403747559e-02 3.410588204860687256e-02
3.292343765497207642e-02 3.597782552242279053e-02
3.396004065871238708e-02 3.240767493844032288e-02
3.454242274165153503e-02 2.875949069857597351e-02
3.293740376830101013e-02 2.995226532220840454e-02
