6.094896793365478516e-02 1.443195808678865433e-02
6.111535429954528809e-02 1.022889744490385056e-02
6.332622468471527100e-02 1.206522248685359955e-02
6.138588860630989075e-02 1.210379041731357574e-02
5.998779460787773132e-02 1.075614802539348602e-02
6.111436709761619568e-02 9.681216441094875336e-03
6.172626838088035583e-02 8.988182991743087769e-03
6.242408603429794312e-02 1.513302326202392578e-02
5.980992689728736877e-02 1.150932721793651581e-02
6.059598177671432495e-02 1.101644989103078842e-02
6.040832400321960449e-02 9.005202911794185638e-03
6.240849569439888000e-02 1.369632221758365631e-02
6.192410737276077271e-02 1.312252692878246307e-02
6.148670241236686707e-02 1.451838389039039612e-02
6.111460924148559570e-02 1.272590644657611847e-02
6.085167825222015381e-02 1.003487221896648407e-02
6.168264523148536682e-02 1.250751502811908722e-02
6.169388070702552795e-02 1.388998702168464661e-02
6.169247254729270935e-02 1.252480410039424896e-02
6.181159242987632751e-02 1.225592289119958878e-02
6.191034987568855286e-02 1.474460773169994354e-02
6.076165661215782166e-02 9.844909422099590302e-03
6.193502619862556458e-02 1.380213536322116852e-02
6.128082796931266785e-02 9.205758571624755859e-03
6.245740503072738647e-02 1.264454517513513565e-02
6.231517717242240906e-02 1.554817333817481995e-02
6.117907911539077759e-02 1.114492770284414291e-02
6.222280487418174744e-02 1.140010077506303787e-02
6.275396794080734253e-02 1.381957437843084335e-02
6.279010325670242310e-02 1.349804922938346863e-02
6.080823019146919250e-02 1.372996345162391663e-02
6.130890920758247375e-02 1.347894966602325439e-02
6.168268993496894836e-02 1.165196672081947327e-02
6.196426972746849060e-02 1.431417092680931091e-02
6.262527406215667725e-02 1.647585257887840271e-02
6.111012399196624756e-02 1.310708094388246536e-02
6.152206286787986755e-02 1.012985035777091980e-02
6.156060099601745605e-02 1.403872109949588776e-02
6.156754866242408752e-02 1.101411040872335434e-02
6.252086907625198364e-02 1.454591378569602966e-02
6.182271242141723633e-02 1.538861356675624847e-02
6.216925382614135742e-02 1.470476388931274414e-02
6.236580759286880493e-02 1.462467666715383530e-02
6.182581931352615356e-02 1.467284373939037323e-02
6.375485658645629883e-02 1.495051383972167969e-02
6.061971560120582581e-02 1.033364981412887573e-02
6.272420287132263184e-02 1.434651203453540802e-02
6.197131425142288208e-02 1.527702622115612030e-02
6.318791210651397705e-02 1.964595913887023926e-02
6.119345501065254211e-02 1.192369125783443451e-02
6.140034273266792297e-02 1.275795325636863708e-02
6.284902989864349365e-02 1.559139601886272430e-02
6.284641474485397339e-02 1.329270936548709869e-02
6.166495382785797119e-02 1.367949973791837692e-02
6.196448951959609985e-02 1.420731469988822937e-02
6.118584796786308289e-02 1.350525207817554474e-02
6.003678217530250549e-02 1.229234226047992706e-02
6.167698279023170471e-02 1.426301151514053345e-02
6.206906586885452271e-02 1.063578762114048004e-02
6.053444743156433105e-02 1.196563523262739182e-02
6.341323256492614746e-02 1.500530075281858444e-02
6.062322482466697693e-02 9.136118926107883453e-03
6.064298376441001892e-02 1.402568351477384567e-02
5.969442427158355713e-02 1.131332758814096451e-02
6.122414395213127136e-02 1.193261891603469849e-02
5.998256802558898926e-02 1.111566089093685150e-02
6.138796731829643250e-02 1.357474830001592636e-02
6.069970875978469849e-02 1.237933430820703506e-02
6.392629444599151611e-02 1.411975175142288208e-02
6.253208220005035400e-02 1.578934304416179657e-02
6.074550002813339233e-02 1.503667235374450684e-02
6.263372302055358887e-02 1.534729171544313431e-02
6.029256805777549744e-02 1.243674382567405701e-02
6.333335489034652710e-02 1.462026126682758331e-02
6.089875102043151855e-02 1.151116006076335907e-02
6.198403984308242798e-02 1.532662566751241684e-02
5.990722402930259705e-02 1.354897022247314453e-02
6.133432313799858093e-02 1.345223281532526016e-02
6.317908316850662231e-02 1.466608047485351562e-02
6.362138688564300537e-02 1.746283844113349915e-02
6.229116395115852356e-02 1.149043720215559006e-02
6.203684955835342407e-02 1.320438180118799210e-02
6.155768409371376038e-02 1.446082536131143570e-02
6.218950077891349792e-02 1.020197570323944092e-02
6.307581067085266113e-02 1.430756878107786179e-02
6.174422428011894226e-02 1.640348508954048157e-02
6.007409095764160156e-02 1.097847986966371536e-02
6.292489916086196899e-02 1.158194523304700851e-02
6.119273230433464050e-02 1.081365905702114105e-02
6.145503744482994080e-02 1.263535767793655396e-02
6.289553642272949219e-02 1.536253374069929123e-02
6.239728257060050964e-02 1.431611366569995880e-02
6.135293468832969666e-02 1.563832908868789673e-02
6.368201971054077148e-02 1.369630731642246246e-02
6.138086318969726562e-02 1.254209410399198532e-02
6.085981056094169617e-02 1.251436769962310791e-02
6.006301566958427429e-02 1.144995912909507751e-02
6.265288591384887695e-02 1.563489995896816254e-02
6.083957478404045105e-02 1.637102104723453522e-02
6.125085800886154175e-02 1.573393680155277252e-02
6.200971454381942749e-02 1.535229291766881943e-02
6.268787384033203125e-02 1.574761793017387390e-02
6.132128834724426270e-02 1.561419386416673660e-02
6.124647334218025208e-02 1.495797280222177505e-02
6.265297532081604004e-02 1.289482414722442627e-02
6.174563616514205933e-02 1.285565271973609924e-02
6.210631132125854492e-02 1.701467856764793396e-02
6.141753867268562317e-02 1.300370879471302032e-02
6.359733641147613525e-02 1.696697622537612915e-02
6.065848469734191895e-02 1.387203112244606018e-02
6.130591034889221191e-02 1.262922957539558411e-02
5.980328470468521118e-02 1.788346841931343079e-02
6.206016615033149719e-02 2.113792113959789276e-02
6.236706674098968506e-02 1.280798390507698059e-02
6.074896082282066345e-02 1.179734431207180023e-02
6.174043565988540649e-02 1.420231536030769348e-02
5.991131812334060669e-02 1.412978116422891617e-02
6.250245869159698486e-02 1.668415591120719910e-02
5.925323814153671265e-02 1.188935246318578720e-02
6.212088838219642639e-02 1.533747557550668716e-02
6.016120314598083496e-02 1.156101934611797333e-02
6.332143396139144897e-02 1.548164896667003632e-02
5.923400446772575378e-02 1.265409681946039200e-02
6.003784760832786560e-02 1.271089538931846619e-02
5.906400084495544434e-02 9.426105767488479614e-03
6.163423135876655579e-02 1.808273792266845703e-02
5.802119523286819458e-02 1.212460920214653015e-02
5.978654697537422180e-02 1.000120863318443298e-02
6.060703471302986145e-02 1.116341724991798401e-02
5.804383754730224609e-02 1.085940003395080566e-02
5.916627869009971619e-02 1.136247161775827408e-02
6.101732328534126282e-02 1.249286439269781113e-02
6.058554723858833313e-02 1.340777799487113953e-02
5.914003401994705200e-02 5.994719453155994415e-03
5.949129536747932434e-02 1.104782242327928543e-02
5.985550209879875183e-02 1.134079694747924805e-02
5.892684310674667358e-02 1.267232559621334076e-02
5.837179347872734070e-02 7.197499275207519531e-03
5.964997038245201111e-02 1.206212397664785385e-02
6.064542010426521301e-02 1.280585769563913345e-02
6.001692637801170349e-02 1.015774346888065338e-02
6.024050340056419373e-02 1.027739979326725006e-02
5.742026120424270630e-02 9.597306139767169952e-03
5.915093794465065002e-02 6.344823166728019714e-03
5.891204625368118286e-02 1.290836185216903687e-02
6.024385988712310791e-02 1.078538410365581512e-02
6.098988279700279236e-02 1.057207584381103516e-02
5.880803614854812622e-02 7.098343223333358765e-03
5.910074710845947266e-02 8.835766464471817017e-03
5.972247943282127380e-02 1.260060910135507584e-02
5.796732380986213684e-02 8.980147540569305420e-03
6.064465269446372986e-02 9.543471038341522217e-03
5.944661423563957214e-02 8.159772492945194244e-03
5.998568609356880188e-02 1.067167147994041443e-02
6.187064573168754578e-02 1.101779565215110779e-02
5.988916009664535522e-02 1.424117852002382278e-02
6.051176041364669800e-02 8.588373661041259766e-03
6.149761006236076355e-02 1.117695029824972153e-02
5.919321626424789429e-02 1.084574125707149506e-02
6.021106243133544922e-02 7.525548338890075684e-03
5.796525999903678894e-02 6.654318422079086304e-03
6.011169776320457458e-02 1.011026650667190552e-02
6.077971681952476501e-02 1.192728243768215179e-02
6.064009666442871094e-02 9.435386396944522858e-03
6.057137995958328247e-02 1.090515963733196259e-02
6.190053746104240417e-02 1.056504808366298676e-02
6.079528108239173889e-02 1.237498968839645386e-02
6.064340844750404358e-02 7.077984511852264404e-03
6.105416268110275269e-02 1.366389077156782150e-02
6.225125864148139954e-02 1.171538420021533966e-02
6.269867718219757080e-02 1.324037369340658188e-02
6.222479045391082764e-02 1.234346721321344376e-02
6.201753765344619751e-02 1.287455577403306961e-02
5.956646427512168884e-02 8.666972629725933075e-03
6.037018448114395142e-02 7.542483508586883545e-03
6.211948022246360779e-02 1.023784466087818146e-02
6.108592823147773743e-02 1.322808768600225449e-02
6.173707917332649231e-02 1.105821039527654648e-02
5.969756841659545898e-02 1.295196171849966049e-02
6.229881569743156433e-02 1.796878501772880554e-02
6.129237636923789978e-02 1.094000786542892456e-02
5.868431553244590759e-02 1.034033112227916718e-02
6.188058480620384216e-02 1.126674003899097443e-02
5.942092463374137878e-02 1.054343953728675842e-02
6.157633289694786072e-02 1.589582115411758423e-02
6.156126409769058228e-02 1.039125677198171616e-02
6.197593733668327332e-02 1.450532674789428711e-02
6.030289456248283386e-02 1.226698048412799835e-02
6.084180623292922974e-02 1.267757825553417206e-02
6.209653243422508240e-02 1.175429299473762512e-02
6.022720783948898315e-02 1.486801449209451675e-02
6.204706802964210510e-02 1.233497262001037598e-02
6.223893538117408752e-02 1.382478699088096619e-02
5.884456634521484375e-02 7.459433749318122864e-03
6.133552640676498413e-02 1.230903901159763336e-02
6.145060807466506958e-02 1.220336742699146271e-02
6.157769262790679932e-02 1.289109606295824051e-02
6.155427172780036926e-02 1.301742438226938248e-02
6.191611289978027344e-02 1.266381517052650452e-02
5.994614213705062866e-02 7.641552947461605072e-03
6.101634353399276733e-02 1.323518902063369751e-02
6.049560755491256714e-02 1.459536608308553696e-02
6.160169094800949097e-02 1.339123770594596863e-02
6.108246743679046631e-02 1.117470208555459976e-02
6.130043789744377136e-02 1.097773108631372452e-02
6.072277575731277466e-02 1.089042983949184418e-02
6.164462864398956299e-02 1.375935599207878113e-02
6.041047722101211548e-02 1.229086704552173615e-02
6.266203522682189941e-02 1.111504435539245605e-02
6.165141612291336060e-02 1.584850996732711792e-02
6.002736836671829224e-02 9.949769824743270874e-03
6.174828484654426575e-02 1.630285009741783142e-02
5.983112752437591553e-02 1.371099054813385010e-02
6.279183179140090942e-02 1.535449922084808350e-02
5.798774957656860352e-02 7.609511725604534149e-03
6.183233112096786499e-02 1.292214356362819672e-02
5.995360761880874634e-02 1.355894654989242554e-02
6.226567924022674561e-02 1.625261455774307251e-02
6.139837577939033508e-02 1.451946794986724854e-02
6.034985557198524475e-02 1.203699037432670593e-02
6.191079691052436829e-02 1.327542774379253387e-02
6.240767240524291992e-02 1.196747086942195892e-02
6.466911733150482178e-02 1.308042835444211960e-02
6.191133707761764526e-02 1.498633064329624176e-02
6.275958567857742310e-02 1.355232950299978256e-02
6.206021457910537720e-02 1.015824545174837112e-02
6.269069761037826538e-02 1.476038619875907898e-02
6.328078359365463257e-02 1.390718761831521988e-02
6.262304633855819702e-02 1.392227783799171448e-02
6.226485967636108398e-02 1.258826348930597305e-02
6.328982859849929810e-02 1.451114006340503693e-02
6.233988329768180847e-02 1.296120136976242065e-02
6.329972296953201294e-02 1.403368078172206879e-02
6.228758394718170166e-02 1.205480284988880157e-02
6.142975389957427979e-02 1.077115722000598907e-02
6.313374638557434082e-02 1.171437837183475494e-02
6.189101561903953552e-02 1.121415663510560989e-02
6.162254884839057922e-02 8.602418936789035797e-03
6.293421983718872070e-02 1.202715281397104263e-02
6.361813843250274658e-02 1.378439832478761673e-02
6.287438422441482544e-02 1.022544782608747482e-02
6.305233389139175415e-02 1.368593890219926834e-02
6.240802258253097534e-02 1.275815069675445557e-02
6.315793842077255249e-02 1.015237718820571899e-02
6.201784312725067139e-02 9.545408189296722412e-03
6.415125727653503418e-02 1.413587201386690140e-02
6.481444835662841797e-02 1.249822229146957397e-02
6.262993812561035156e-02 1.083718426525592804e-02
6.454020738601684570e-02 1.227947138249874115e-02
6.384249031543731689e-02 1.455707475543022156e-02
6.308975815773010254e-02 1.073936372995376587e-02
6.179576367139816284e-02 9.566850960254669189e-03
6.350018084049224854e-02 1.479333080351352692e-02
6.158855184912681580e-02 1.167999953031539917e-02
6.255131214857101440e-02 1.149945240467786789e-02
6.089546531438827515e-02 1.015002653002738953e-02
6.298777461051940918e-02 1.386742945760488510e-02
6.414748728275299072e-02 1.463011093437671661e-02
6.084023043513298035e-02 9.233973920345306396e-03
6.301654130220413208e-02 1.143259834498167038e-02
6.295093148946762085e-02 1.009405124932527542e-02
6.399132311344146729e-02 1.458204723894596100e-02
6.402769684791564941e-02 1.312249805778264999e-02
5.971863120794296265e-02 8.084448054432868958e-03
6.335519254207611084e-02 1.483561191707849503e-02
6.256753206253051758e-02 1.291390322148799896e-02
6.567439436912536621e-02 1.311556156724691391e-02
6.249665841460227966e-02 6.730870343744754791e-03
6.338489800691604614e-02 1.036458089947700500e-02
6.421218067407608032e-02 1.194739807397127151e-02
6.336169689893722534e-02 9.834209457039833069e-03
6.228835880756378174e-02 9.978287853300571442e-03
6.345400959253311157e-02 1.277218572795391083e-02
6.292575597763061523e-02 1.373516209423542023e-02
6.337382644414901733e-02 1.087953709065914154e-02
6.372025609016418457e-02 8.194435387849807739e-03
6.292940676212310791e-02 1.207365468144416809e-02
6.375955790281295776e-02 1.170532312244176865e-02
6.237183138728141785e-02 8.662226609885692596e-03
6.417098641395568848e-02 1.048040390014648438e-02
6.452698260545730591e-02 1.175284013152122498e-02
6.106953322887420654e-02 1.308778394013643265e-02
6.307028979063034058e-02 7.701009511947631836e-03
6.223594397306442261e-02 1.074809022247791290e-02
6.331999599933624268e-02 1.322556287050247192e-02
6.180644407868385315e-02 1.110189314931631088e-02
6.278479844331741333e-02 1.198574155569076538e-02
6.274194270372390747e-02 1.171111874282360077e-02
6.143116950988769531e-02 8.738629519939422607e-03
6.346641480922698975e-02 1.367467828094959259e-02
6.411528587341308594e-02 1.070735231041908264e-02
6.392976641654968262e-02 1.172415539622306824e-02
6.227675452828407288e-02 1.110030990093946457e-02
6.347225606441497803e-02 1.022508088499307632e-02
6.221297010779380798e-02 8.122522383928298950e-03
6.504533439874649048e-02 1.651661098003387451e-02
6.210760399699211121e-02 1.213598903268575668e-02
6.331335008144378662e-02 1.357925869524478912e-02
6.418628990650177002e-02 1.387087628245353699e-02
6.419827789068222046e-02 1.314221508800983429e-02
6.264639645814895630e-02 1.276252325624227524e-02
6.191048026084899902e-02 7.700147107243537903e-03
6.372178345918655396e-02 1.236730441451072693e-02
6.280987709760665894e-02 1.324598677456378937e-02
6.127403676509857178e-02 1.092372275888919830e-02
6.288111954927444458e-02 1.432314235717058182e-02
6.477952748537063599e-02 1.489922031760215759e-02
6.134516373276710510e-02 7.211837917566299438e-03
6.233032792806625366e-02 1.136357616633176804e-02
6.443059444427490234e-02 1.233726926147937775e-02
6.247222423553466797e-02 1.300911512225866318e-02
6.190387159585952759e-02 1.040719263255596161e-02
6.286560744047164917e-02 9.367672726511955261e-03
6.228256598114967346e-02 1.472778618335723877e-02
6.082370132207870483e-02 1.094093080610036850e-02
6.157862767577171326e-02 9.743858128786087036e-03
6.251904368400573730e-02 1.164261903613805771e-02
6.332861632108688354e-02 1.272686198353767395e-02
6.023677065968513489e-02 1.319138426333665848e-02
6.050576269626617432e-02 1.089055649936199188e-02
6.197933852672576904e-02 1.289169397205114365e-02
6.090947985649108887e-02 9.964825585484504700e-03
6.114504858851432800e-02 1.150287035852670670e-02
6.219949200749397278e-02 1.082880329340696335e-02
6.359098851680755615e-02 1.184695400297641754e-02
6.064778566360473633e-02 7.035987451672554016e-03
6.187554076313972473e-02 1.484280172735452652e-02
6.111403927206993103e-02 1.104504242539405823e-02
6.087768077850341797e-02 8.758549578487873077e-03
6.206655874848365784e-02 1.494003087282180786e-02
5.984166264533996582e-02 6.747242994606494904e-03
5.971099436283111572e-02 9.035086259245872498e-03
6.081818416714668274e-02 1.257001329213380814e-02
6.064612790942192078e-02 1.283733919262886047e-02
6.119215860962867737e-02 1.148586533963680267e-02
5.893312767148017883e-02 1.074382010847330093e-02
6.077643111348152161e-02 1.255746185779571533e-02
6.030138209462165833e-02 1.185717061161994934e-02
5.975868925452232361e-02 1.049546338617801666e-02
5.979128926992416382e-02 1.235650014132261276e-02
6.138524413108825684e-02 1.250873319804668427e-02
5.972676351666450500e-02 9.668014012277126312e-03
6.138902157545089722e-02 1.293661817908287048e-02
5.993058159947395325e-02 1.106162928044795990e-02
6.062971800565719604e-02 1.072876900434494019e-02
6.032647192478179932e-02 1.202045194804668427e-02
5.948872864246368408e-02 8.506246842443943024e-03
5.981555208563804626e-02 1.208216696977615356e-02
6.113697215914726257e-02 1.476493943482637405e-02
6.001397967338562012e-02 9.771854616701602936e-03
5.960022658109664917e-02 1.097228471189737320e-02
5.819960683584213257e-02 1.034856960177421570e-02
6.034621223807334900e-02 1.146937906742095947e-02
5.911614000797271729e-02 1.195666845887899399e-02
6.089464575052261353e-02 1.146534550935029984e-02
6.008312478661537170e-02 1.180634368211030960e-02
6.050616130232810974e-02 1.250391546636819839e-02
5.803187936544418335e-02 9.972336702048778534e-03
5.960716679692268372e-02 1.262675411999225616e-02
5.991776660084724426e-02 1.173888146877288818e-02
5.833406373858451843e-02 1.312472205609083176e-02
6.072941794991493225e-02 1.295736711472272873e-02
5.743600055575370789e-02 1.014426629990339279e-02
6.090619415044784546e-02 1.261940039694309235e-02
5.747771263122558594e-02 1.271800883114337921e-02
5.795855075120925903e-02 9.150146506726741791e-03
6.118171662092208862e-02 8.743573911488056183e-03
5.914079397916793823e-02 1.014377642422914505e-02
5.999385938048362732e-02 1.291411556303501129e-02
5.962645262479782104e-02 1.325407624244689941e-02
5.852295830845832825e-02 9.609296917915344238e-03
5.745825543999671936e-02 6.616681814193725586e-03
6.124778091907501221e-02 1.150094345211982727e-02
5.946201831102371216e-02 1.133923232555389404e-02
5.839030072093009949e-02 6.189770996570587158e-03
5.974331870675086975e-02 1.407188829034566879e-02
6.002037599682807922e-02 1.264326833188533783e-02
5.979748070240020752e-02 1.202056929469108582e-02
6.109119206666946411e-02 1.343236397951841354e-02
5.995027720928192139e-02 1.075149606913328171e-02
6.298907846212387085e-02 1.469482295215129852e-02
6.018788367509841919e-02 6.647986359894275665e-03
5.871064215898513794e-02 8.705923333764076233e-03
5.796425789594650269e-02 8.780130185186862946e-03
5.943224206566810608e-02 1.013476587831974030e-02
6.031956896185874939e-02 9.098690003156661987e-03
5.939123779535293579e-02 9.772595018148422241e-03
5.906048789620399475e-02 1.105042360723018646e-02
6.047518923878669739e-02 1.100969500839710236e-02
6.079856678843498230e-02 1.163821015506982803e-02
6.122655048966407776e-02 1.086714304983615875e-02
6.072862818837165833e-02 1.328178495168685913e-02
5.982722714543342590e-02 7.785595953464508057e-03
6.184096261858940125e-02 1.101416815072298050e-02
5.890402570366859436e-02 9.081231430172920227e-03
6.098599359393119812e-02 1.279505714774131775e-02
6.007545813918113708e-02 8.991933427751064301e-03
6.042757257819175720e-02 1.306683104485273361e-02
5.973960459232330322e-02 6.386823952198028564e-03
6.158586964011192322e-02 1.160910353064537048e-02
6.116265431046485901e-02 1.324496977031230927e-02
5.989072471857070923e-02 8.963553234934806824e-03
6.276045739650726318e-02 1.408306136727333069e-02
6.130833178758621216e-02 1.441324315965175629e-02
6.135867163538932800e-02 1.661858335137367249e-02
5.986474826931953430e-02 9.224923327565193176e-03
6.021519377827644348e-02 1.264956966042518616e-02
5.968498438596725464e-02 8.032763376832008362e-03
6.040579080581665039e-02 1.324672717601060867e-02
5.931846797466278076e-02 9.423322975635528564e-03
6.207936257123947144e-02 1.187968347221612930e-02
6.030998751521110535e-02 1.182834804058074951e-02
6.275841593742370605e-02 1.529058441519737244e-02
6.172325089573860168e-02 1.303492486476898193e-02
5.964357405900955200e-02 9.355076588690280914e-03
6.119865551590919495e-02 1.376559864729642868e-02
6.032780557870864868e-02 9.548459202051162720e-03
6.163456663489341736e-02 1.122976467013359070e-02
6.053377687931060791e-02 1.610639691352844238e-02
5.945343151688575745e-02 1.024919748306274414e-02
6.041935831308364868e-02 1.040420308709144592e-02
6.142850220203399658e-02 1.166980713605880737e-02
6.119956821203231812e-02 1.130113378167152405e-02
5.984688922762870789e-02 1.084141619503498077e-02
6.053446605801582336e-02 1.269752904772758484e-02
5.983843654394149780e-02 1.173475384712219238e-02
5.876940861344337463e-02 1.044424343854188919e-02
6.098433583974838257e-02 1.222989149391651154e-02
6.151790916919708252e-02 1.343173068016767502e-02
6.047746911644935608e-02 1.019208692014217377e-02
6.119090318679809570e-02 1.152930781245231628e-02
6.024350970983505249e-02 1.139482297003269196e-02
5.745075643062591553e-02 5.652961321175098419e-03
6.255836784839630127e-02 1.400586962699890137e-02
5.953430756926536560e-02 9.846342727541923523e-03
6.298306584358215332e-02 1.203979179263114929e-02
6.149156391620635986e-02 1.234820019453763962e-02
6.049364432692527771e-02 9.892959147691726685e-03
5.987217277288436890e-02 1.368770189583301544e-02
6.124092265963554382e-02 1.191426441073417664e-02
5.978654325008392334e-02 1.001075655221939087e-02
6.053353473544120789e-02 8.957168087363243103e-03
6.147781759500503540e-02 1.126053370535373688e-02
6.010200455784797668e-02 6.438309326767921448e-03
6.171716749668121338e-02 1.465308759361505508e-02
6.411489099264144897e-02 1.636771112680435181e-02
6.096846237778663635e-02 1.186414528638124466e-02
6.135534867644309998e-02 1.174764148890972137e-02
6.045385822653770447e-02 8.729267865419387817e-03
6.180556863546371460e-02 9.303793311119079590e-03
5.987583473324775696e-02 8.503913879394531250e-03
6.075833365321159363e-02 1.481775473803281784e-02
6.155438348650932312e-02 8.228349499404430389e-03
6.221479177474975586e-02 1.066417526453733444e-02
6.251516938209533691e-02 1.354113407433032990e-02
5.990964546799659729e-02 3.584429621696472168e-03
6.144417449831962585e-02 9.613553993403911591e-03
6.055944412946701050e-02 1.034382171928882599e-02
6.022261455655097961e-02 1.241858955472707748e-02
5.927258357405662537e-02 9.604318998754024506e-03
6.144275888800621033e-02 1.173508726060390472e-02
6.226699054241180420e-02 1.116077229380607605e-02
5.979005992412567139e-02 9.549318812787532806e-03
6.153427809476852417e-02 9.965302422642707825e-03
6.163887679576873779e-02 1.574454829096794128e-02
6.146351248025894165e-02 1.267485320568084717e-02
6.317578256130218506e-02 1.070957258343696594e-02
6.125775724649429321e-02 1.098181493580341339e-02
6.330320984125137329e-02 1.227976009249687195e-02
6.130461767315864563e-02 9.451979771256446838e-03
6.084817275404930115e-02 1.019006595015525818e-02
6.021574884653091431e-02 1.312525570392608643e-02
6.013144925236701965e-02 1.334241777658462524e-02
6.288217753171920776e-02 1.189649850130081177e-02
6.207808852195739746e-02 1.622169092297554016e-02
5.866415798664093018e-02 9.264037013053894043e-03
5.954279005527496338e-02 1.143390033394098282e-02
6.020894646644592285e-02 1.319885626435279846e-02
6.183160096406936646e-02 1.450464501976966858e-02
6.148610636591911316e-02 1.203758642077445984e-02
6.162860244512557983e-02 1.295876968652009964e-02
6.064666435122489929e-02 1.405551098287105560e-02
6.288556754589080811e-02 1.430454291403293610e-02
6.170658022165298462e-02 1.131347939372062683e-02
6.131819263100624084e-02 1.439359225332736969e-02
6.143082305788993835e-02 9.475061669945716858e-03
6.142255663871765137e-02 1.384892128407955170e-02
6.221252679824829102e-02 1.188723836094141006e-02
6.119928136467933655e-02 1.417891308665275574e-02
6.122637167572975159e-02 8.147491142153739929e-03
6.132438033819198608e-02 1.258562598377466202e-02
6.249844655394554138e-02 1.176739390939474106e-02
5.957464128732681274e-02 1.153880078345537186e-02
6.065290421247482300e-02 1.060756295919418335e-02
6.325210630893707275e-02 1.677913591265678406e-02
6.113904714584350586e-02 1.076082512736320496e-02
6.072193384170532227e-02 1.040923129767179489e-02
6.183969974517822266e-02 1.241046003997325897e-02
5.959295853972434998e-02 1.289680879563093185e-02
6.048134714365005493e-02 1.170849986374378204e-02
6.129139289259910583e-02 1.067237369716167450e-02
6.177082657814025879e-02 1.077422685921192169e-02
6.018894538283348083e-02 1.139866001904010773e-02
6.000544130802154541e-02 1.187029574066400528e-02
6.122972443699836731e-02 1.197779923677444458e-02
6.179053336381912231e-02 1.224194094538688660e-02
5.874399468302726746e-02 8.257851935923099518e-03
6.040320917963981628e-02 1.280439831316471100e-02
6.016510725021362305e-02 1.141612883657217026e-02
6.082198396325111389e-02 1.162718329578638077e-02
6.073752045631408691e-02 7.095286622643470764e-03
6.174204498529434204e-02 1.270372234284877777e-02
6.138922646641731262e-02 1.207555178552865982e-02
6.245670467615127563e-02 1.334155909717082977e-02
6.146834418177604675e-02 1.120332255959510803e-02
6.071440503001213074e-02 1.151434145867824554e-02
6.156931445002555847e-02 1.169612631201744080e-02
5.989161506295204163e-02 9.743234142661094666e-03
6.284919381141662598e-02 1.233542524278163910e-02
6.119736284017562866e-02 7.875433191657066345e-03
6.030740216374397278e-02 1.165774744004011154e-02
6.039918214082717896e-02 7.995988242328166962e-03
6.093488261103630066e-02 1.017519365996122360e-02
6.159596517682075500e-02 1.384162716567516327e-02
5.891066044569015503e-02 1.098483428359031677e-02
6.138833612203598022e-02 1.047748513519763947e-02
5.932575464248657227e-02 8.235579356551170349e-03
6.009598448872566223e-02 1.273624692112207413e-02
6.119364500045776367e-02 1.020257640630006790e-02
6.180225685238838196e-02 1.228652708232402802e-02
6.159090250730514526e-02 1.269448455423116684e-02
6.190732493996620178e-02 9.782323613762855530e-03
6.299392879009246826e-02 1.242883224040269852e-02
6.217475235462188721e-02 1.277020573616027832e-02
6.167893484234809875e-02 1.040100306272506714e-02
5.979930981993675232e-02 9.795150719583034515e-03
6.190235167741775513e-02 1.095687970519065857e-02
6.334145367145538330e-02 1.328666228801012039e-02
6.143734976649284363e-02 7.044343277812004089e-03
6.180560216307640076e-02 1.695384457707405090e-02
6.092572957277297974e-02 1.089383382350206375e-02
6.035394221544265747e-02 9.664558805525302887e-03
6.271656602621078491e-02 1.225247979164123535e-02
6.306248903274536133e-02 1.535003073513507843e-02
6.090545654296875000e-02 1.079752855002880096e-02
6.060374528169631958e-02 5.528051406145095825e-03
6.118483841419219971e-02 1.091795042157173157e-02
5.947044864296913147e-02 7.020495831966400146e-03
6.116124987602233887e-02 1.308706682175397873e-02
6.301195919513702393e-02 1.202265638858079910e-02
6.011104956269264221e-02 8.044747635722160339e-03
6.194245070219039917e-02 1.319754123687744141e-02
6.145374849438667297e-02 9.570114314556121826e-03
6.208710372447967529e-02 1.155337691307067871e-02
6.159048154950141907e-02 1.097387820482254028e-02
5.995406955480575562e-02 1.214500702917575836e-02
6.176343932747840881e-02 1.399781182408332825e-02
6.185002997517585754e-02 1.065714377909898758e-02
6.093537434935569763e-02 1.371362246572971344e-02
6.086145713925361633e-02 8.569071069359779358e-03
6.215754151344299316e-02 1.425322517752647400e-02
6.128069758415222168e-02 1.148512866348028183e-02
6.271269172430038452e-02 1.209104899317026138e-02
6.312602758407592773e-02 1.146323792636394501e-02
6.343816965818405151e-02 1.204189751297235489e-02
6.019646301865577698e-02 1.008991710841655731e-02
6.196303293108940125e-02 1.402897853404283524e-02
6.254540383815765381e-02 1.561662275344133377e-02
6.098344549536705017e-02 1.314406841993331909e-02
6.004155427217483521e-02 1.199189387261867523e-02
6.323225796222686768e-02 1.222837716341018677e-02
6.147550791501998901e-02 1.444696635007858276e-02
6.099940091371536255e-02 1.239364966750144958e-02
6.299835443496704102e-02 1.458553597331047058e-02
6.238952651619911194e-02 1.253364980220794678e-02
5.991972982883453369e-02 7.844029925763607025e-03
6.121895834803581238e-02 9.562959894537925720e-03
6.339030712842941284e-02 1.390054542571306229e-02
6.246035173535346985e-02 1.216575317084789276e-02
6.226128712296485901e-02 1.055399794131517410e-02
6.180457025766372681e-02 1.188283320516347885e-02
6.119891256093978882e-02 5.131104961037635803e-03
6.193559616804122925e-02 1.263947971165180206e-02
6.306931376457214355e-02 1.323936693370342255e-02
6.439606100320816040e-02 1.682748273015022278e-02
6.125648692250251770e-02 1.056695636361837387e-02
6.094435602426528931e-02 9.807554073631763458e-03
6.296943128108978271e-02 1.116855628788471222e-02
6.286384910345077515e-02 9.577145799994468689e-03
6.259225308895111084e-02 1.142972148954868317e-02
6.207251176238059998e-02 1.152279227972030640e-02
6.237346306443214417e-02 1.213546097278594971e-02
6.286298483610153198e-02 1.116397045552730560e-02
6.167323887348175049e-02 1.075150631368160248e-02
6.339012086391448975e-02 1.224306318908929825e-02
6.288787722587585449e-02 1.360101997852325439e-02
6.130725145339965820e-02 7.799446582794189453e-03
6.095958501100540161e-02 1.070625334978103638e-02
6.095767766237258911e-02 1.031617633998394012e-02
6.386077404022216797e-02 1.049253344535827637e-02
6.234670057892799377e-02 1.200080290436744690e-02
6.153973564505577087e-02 9.228467941284179688e-03
6.214135512709617615e-02 9.954739362001419067e-03
6.047587841749191284e-02 7.544478401541709900e-03
6.174456328153610229e-02 1.205172762274742126e-02
6.050131097435951233e-02 9.578082710504531860e-03
5.907409638166427612e-02 1.285657379776239395e-02
6.100971251726150513e-02 1.158605329692363739e-02
6.101691350340843201e-02 1.114856079220771790e-02
5.863988772034645081e-02 7.003377191722393036e-03
6.175988540053367615e-02 1.007302664220333099e-02
6.208017468452453613e-02 1.159565895795822144e-02
5.975653231143951416e-02 1.147750578820705414e-02
6.199808791279792786e-02 1.283843629062175751e-02
6.174549087882041931e-02 1.136892009526491165e-02
6.131641194224357605e-02 1.154575962573289871e-02
6.276216357946395874e-02 1.236927695572376251e-02
6.197360157966613770e-02 1.010484900325536728e-02
6.450891494750976562e-02 1.509673893451690674e-02
5.993433669209480286e-02 1.161774992942810059e-02
6.139143183827400208e-02 8.824413642287254333e-03
6.194253265857696533e-02 1.143001392483711243e-02
6.406734138727188110e-02 1.066426839679479599e-02
6.153281778097152710e-02 7.861429825425148010e-03
6.157241761684417725e-02 9.867373853921890259e-03
6.052305549383163452e-02 1.047549583017826080e-02
6.085725873708724976e-02 9.054407477378845215e-03
6.101386621594429016e-02 1.074771769344806671e-02
6.118363142013549805e-02 1.413526665419340134e-02
6.177954748272895813e-02 8.838676847517490387e-03
6.185850501060485840e-02 1.199506781995296478e-02
5.976292490959167480e-02 8.782032877206802368e-03
6.082352623343467712e-02 1.150297094136476517e-02
6.230325251817703247e-02 9.914789348840713501e-03
5.971192568540573120e-02 8.147560991346836090e-03
6.200693920254707336e-02 1.469764672219753265e-02
6.386277824640274048e-02 1.247841119766235352e-02
6.032269448041915894e-02 1.298881694674491882e-02
6.298599392175674438e-02 1.378000341355800629e-02
6.067397445440292358e-02 1.275025494396686554e-02
6.391610950231552124e-02 1.480136625468730927e-02
6.206065043807029724e-02 1.043895073235034943e-02
6.099208816885948181e-02 1.423825323581695557e-02
6.246116757392883301e-02 1.357209309935569763e-02
6.029687449336051941e-02 9.537994861602783203e-03
6.309583783149719238e-02 1.546602416783571243e-02
6.411835551261901855e-02 1.589322835206985474e-02
6.238760426640510559e-02 1.374126505106687546e-02
6.288432329893112183e-02 1.303705573081970215e-02
6.263670325279235840e-02 1.272425521165132523e-02
6.131299585103988647e-02 1.226296648383140564e-02
6.278453022241592407e-02 1.235068775713443756e-02
6.257558614015579224e-02 1.288504712283611298e-02
6.177601963281631470e-02 1.118369214236736298e-02
6.231330707669258118e-02 1.421361789107322693e-02
6.172114610671997070e-02 1.060090400278568268e-02
6.052752211689949036e-02 1.027972530573606491e-02
6.405492126941680908e-02 1.519600488245487213e-02
6.167345494031906128e-02 1.496496610343456268e-02
6.350645422935485840e-02 1.136035379022359848e-02
6.110896170139312744e-02 1.066794060170650482e-02
6.192652881145477295e-02 9.929544292390346527e-03
5.948058143258094788e-02 1.106948778033256531e-02
5.939607694745063782e-02 9.663718752562999725e-03
6.236597150564193726e-02 1.071504317224025726e-02
6.015420705080032349e-02 8.536810055375099182e-03
6.298951059579849243e-02 1.227790862321853638e-02
6.001765653491020203e-02 1.013302244246006012e-02
6.238730624318122864e-02 1.408172678202390671e-02
6.088850647211074829e-02 1.215954683721065521e-02
6.297196447849273682e-02 1.235341932624578476e-02
6.060506030917167664e-02 1.329300552606582642e-02
6.394273042678833008e-02 1.525854691863059998e-02
6.116722524166107178e-02 1.121002063155174255e-02
6.549490243196487427e-02 1.724847964942455292e-02
6.367677450180053711e-02 1.365449838340282440e-02
6.296652555465698242e-02 1.460724230855703354e-02
6.113984808325767517e-02 9.688732214272022247e-03
6.055787205696105957e-02 1.157675310969352722e-02
6.268121302127838135e-02 1.275306195020675659e-02
6.175952404737472534e-02 8.237827569246292114e-03
6.173355132341384888e-02 1.406756881624460220e-02
6.166116148233413696e-02 1.512337103486061096e-02
6.258499622344970703e-02 1.281009148806333542e-02
6.040750816464424133e-02 9.460083208978176117e-03
5.919348075985908508e-02 9.889606386423110962e-03
6.041500717401504517e-02 7.250558584928512573e-03
6.157337129116058350e-02 1.455875486135482788e-02
6.091967597603797913e-02 8.020559325814247131e-03
6.057626381516456604e-02 1.157752983272075653e-02
6.053733825683593750e-02 9.371181018650531769e-03
6.160660833120346069e-02 1.106580160558223724e-02
6.025909259915351868e-02 1.153084076941013336e-02
6.128491088747978210e-02 9.934292174875736237e-03
5.924797058105468750e-02 8.097247220575809479e-03
6.188761815428733826e-02 1.141861267387866974e-02
6.041514500975608826e-02 1.157448068261146545e-02
6.045549735426902771e-02 9.223503991961479187e-03
5.989719927310943604e-02 1.042586471885442734e-02
5.871726945042610168e-02 5.633099004626274109e-03
6.077916547656059265e-02 1.365078426897525787e-02
6.056567654013633728e-02 8.109470829367637634e-03
5.943536758422851562e-02 1.192099042236804962e-02
6.127993017435073853e-02 1.358851231634616852e-02
5.832178518176078796e-02 6.009681150317192078e-03
6.128308922052383423e-02 1.025372743606567383e-02
6.094213575124740601e-02 9.863473474979400635e-03
6.291677057743072510e-02 1.302420906722545624e-02
6.262467056512832642e-02 1.287815719842910767e-02
6.094966083765029907e-02 1.339461002498865128e-02
6.024191156029701233e-02 1.068501546978950500e-02
5.886254832148551941e-02 9.845776483416557312e-03
6.071633100509643555e-02 1.014187373220920563e-02
6.143659353256225586e-02 1.155207119882106781e-02
5.892580002546310425e-02 1.019307319074869156e-02
6.047299131751060486e-02 9.604775346815586090e-03
5.873582884669303894e-02 9.965623728930950165e-03
6.026250123977661133e-02 1.150192320346832275e-02
6.183772534132003784e-02 1.200258731842041016e-02
5.918344482779502869e-02 1.140599884092807770e-02
6.103795021772384644e-02 1.310712285339832306e-02
6.147785112261772156e-02 1.294270902872085571e-02
5.979399010539054871e-02 1.188929565250873566e-02
5.791500583291053772e-02 1.270482689142227173e-02
5.838964134454727173e-02 7.790705189108848572e-03
6.150384619832038879e-02 1.342900283634662628e-02
6.078831106424331665e-02 1.499946042895317078e-02
5.907176062464714050e-02 9.538085199892520905e-03
6.057386100292205811e-02 1.430749241262674332e-02
5.894970893859863281e-02 1.041676849126815796e-02
6.046163663268089294e-02 9.632364846765995026e-03
6.089455634355545044e-02 1.349007431417703629e-02
5.889145284891128540e-02 1.370380632579326630e-02
6.060240417718887329e-02 1.125691551715135574e-02
6.033641472458839417e-02 1.214511040598154068e-02
5.893737822771072388e-02 8.428646251559257507e-03
6.157471984624862671e-02 8.832012303173542023e-03
5.923615768551826477e-02 1.492202654480934143e-02
5.889142304658889771e-02 9.816045872867107391e-03
6.014060974121093750e-02 1.342560444027185440e-02
5.990622192621231079e-02 1.321551576256752014e-02
6.210757046937942505e-02 1.343525201082229614e-02
6.036888062953948975e-02 1.322910934686660767e-02
6.129389628767967224e-02 1.353119593113660812e-02
5.869291350245475769e-02 8.488921448588371277e-03
6.020757555961608887e-02 1.174288708716630936e-02
6.129273027181625366e-02 1.208490040153264999e-02
6.004143878817558289e-02 1.292594708502292633e-02
5.988781526684761047e-02 1.061490178108215332e-02
5.888516083359718323e-02 1.122789829969406128e-02
5.884101241827011108e-02 8.618397638201713562e-03
6.257059425115585327e-02 1.742396876215934753e-02
5.996547639369964600e-02 1.252259686589241028e-02
6.002900749444961548e-02 1.102014444768428802e-02
6.142498180270195007e-02 1.524114049971103668e-02
5.994956195354461670e-02 1.061116531491279602e-02
5.971540510654449463e-02 1.271861977875232697e-02
5.868150293827056885e-02 9.774593636393547058e-03
6.220172345638275146e-02 1.595969311892986298e-02
6.086160987615585327e-02 1.471037045121192932e-02
6.111762672662734985e-02 1.273532956838607788e-02
6.034720316529273987e-02 1.338972337543964386e-02
6.040143966674804688e-02 1.131971925497055054e-02
5.980379134416580200e-02 1.307861879467964172e-02
6.144643202424049377e-02 1.381596177816390991e-02
5.818882584571838379e-02 7.508322596549987793e-03
6.074066460132598877e-02 1.166595518589019775e-02
5.971397086977958679e-02 9.978388436138629913e-03
6.059972196817398071e-02 1.342536136507987976e-02
5.905500799417495728e-02 1.288403477519750595e-02
5.964021012187004089e-02 1.164876017719507217e-02
5.988128855824470520e-02 1.026144996285438538e-02
5.765218660235404968e-02 6.843770854175090790e-03
6.057450547814369202e-02 1.516989991068840027e-02
5.994362756609916687e-02 1.487678848206996918e-02
5.818411335349082947e-02 6.793998181819915771e-03
6.055597588419914246e-02 1.416503265500068665e-02
5.934976413846015930e-02 7.162302732467651367e-03
6.051796302199363708e-02 8.097015321254730225e-03
6.055723875761032104e-02 9.854102507233619690e-03
5.968357995152473450e-02 1.164965704083442688e-02
6.190997362136840820e-02 1.571174897253513336e-02
6.070167943835258484e-02 1.287757605314254761e-02
6.090058758854866028e-02 1.375197246670722961e-02
5.981317535042762756e-02 9.138344787061214447e-03
5.929503589868545532e-02 1.148362457752227783e-02
5.923930555582046509e-02 1.317413896322250366e-02
5.883593484759330750e-02 1.329404953867197037e-02
5.845427140593528748e-02 8.915130980312824249e-03
5.847698822617530823e-02 8.522277697920799255e-03
6.155771762132644653e-02 1.308231055736541748e-02
5.932435765862464905e-02 9.691146202385425568e-03
6.105745956301689148e-02 1.065052859485149384e-02
5.845352634787559509e-02 1.097390241920948029e-02
6.019758433103561401e-02 1.219037454575300217e-02
5.827257409691810608e-02 6.963614374399185181e-03
5.856683105230331421e-02 8.824326097965240479e-03
5.969621241092681885e-02 8.898338302969932556e-03
5.918300896883010864e-02 1.098301075398921967e-02
6.178108602762222290e-02 1.525636203587055206e-02
6.035423278808593750e-02 1.148240827023983002e-02
5.998002365231513977e-02 1.289076916873455048e-02
5.760755762457847595e-02 7.929278537631034851e-03
6.082828715443611145e-02 1.231925189495086670e-02
6.022919714450836182e-02 1.445386558771133423e-02
5.946432054042816162e-02 1.188353169709444046e-02
5.943861231207847595e-02 1.369362510740756989e-02
5.984002724289894104e-02 1.169777475297451019e-02
5.666567385196685791e-02 7.561890408396720886e-03
6.029328703880310059e-02 1.370499935001134872e-02
5.937999114394187927e-02 1.075314264744520187e-02
6.081111729145050049e-02 7.738406769931316376e-03
6.064990907907485962e-02 9.211939759552478790e-03
5.898616835474967957e-02 1.043266989290714264e-02
6.172556802630424500e-02 1.293877884745597839e-02
5.999312922358512878e-02 1.271591335535049438e-02
5.833426117897033691e-02 1.006781216710805893e-02
6.047701835632324219e-02 1.474895980209112167e-02
5.831552669405937195e-02 1.264816336333751678e-02
6.158732995390892029e-02 1.295407116413116455e-02
6.016563624143600464e-02 8.753127418458461761e-03
6.045098602771759033e-02 1.392200961709022522e-02
6.040297821164131165e-02 1.112919766455888748e-02
6.064929440617561340e-02 8.072401396930217743e-03
6.145648658275604248e-02 8.760661818087100983e-03
6.166760995984077454e-02 1.388121023774147034e-02
6.055784597992897034e-02 1.316839642822742462e-02
5.974922329187393188e-02 6.349290721118450165e-03
6.172302365303039551e-02 1.397124212235212326e-02
5.916769057512283325e-02 8.199332281947135925e-03
5.900434777140617371e-02 1.312264520674943924e-02
6.023525074124336243e-02 1.129207294434309006e-02
5.800417065620422363e-02 1.311953552067279816e-02
5.960903689265251160e-02 1.203719340264797211e-02
6.017519161105155945e-02 9.734245948493480682e-03
6.044613942503929138e-02 9.835442528128623962e-03
6.194793432950973511e-02 1.363731920719146729e-02
5.874212458729743958e-02 8.375347591936588287e-03
6.005315110087394714e-02 1.264573447406291962e-02
5.928708240389823914e-02 1.018843054771423340e-02
6.168892234563827515e-02 8.784853853285312653e-03
5.975281447172164917e-02 1.135987788438796997e-02
6.242532655596733093e-02 9.955036453902721405e-03
5.922846496105194092e-02 1.004988979548215866e-02
5.861643701791763306e-02 7.883452810347080231e-03
5.808381736278533936e-02 1.144631858915090561e-02
6.124642491340637207e-02 1.770482398569583893e-02
6.020162627100944519e-02 1.280606910586357117e-02
5.854322761297225952e-02 8.903404697775840759e-03
5.887875705957412720e-02 1.681263744831085205e-02
5.811504274606704712e-02 9.826701134443283081e-03
6.065917015075683594e-02 1.166510209441184998e-02
6.033022701740264893e-02 1.343622803688049316e-02
5.835416913032531738e-02 1.468032784759998322e-02
5.954215675592422485e-02 1.303268037736415863e-02
6.158660724759101868e-02 1.209630444645881653e-02
6.041157990694046021e-02 1.273856498301029205e-02
6.115332245826721191e-02 1.308145001530647278e-02
6.007927656173706055e-02 1.603062264621257782e-02
6.160534173250198364e-02 1.366278715431690216e-02
5.820551514625549316e-02 1.095785200595855713e-02
5.823477357625961304e-02 9.903116151690483093e-03
5.974094569683074951e-02 1.365735847502946854e-02
6.190152093768119812e-02 1.527449116110801697e-02
5.906723067164421082e-02 1.197122968733310699e-02
5.829035490751266479e-02 1.113896351307630539e-02
6.039177998900413513e-02 1.402095332741737366e-02
6.116135418415069580e-02 1.368441060185432434e-02
5.888234451413154602e-02 1.268254593014717102e-02
5.954360961914062500e-02 1.462318934500217438e-02
5.911506339907646179e-02 1.087458059191703796e-02
6.029470637440681458e-02 1.460150070488452911e-02
6.013264507055282593e-02 1.084087975323200226e-02
5.889635533094406128e-02 9.928755462169647217e-03
6.332330405712127686e-02 1.422291062772274017e-02
6.179009750485420227e-02 1.399626396596431732e-02
5.991639569401741028e-02 1.243752054870128632e-02
6.106518954038619995e-02 1.172028109431266785e-02
6.024936214089393616e-02 1.285897381603717804e-02
6.062345206737518311e-02 1.255005598068237305e-02
5.888928100466728210e-02 8.026791736483573914e-03
6.121733039617538452e-02 1.194042526185512543e-02
6.140510365366935730e-02 1.483260467648506165e-02
5.993369221687316895e-02 1.247907243669033051e-02
5.934551730751991272e-02 1.182421855628490448e-02
6.225755065679550171e-02 1.345210522413253784e-02
6.121284887194633484e-02 1.411581505089998245e-02
6.054738909006118774e-02 1.157698314636945724e-02
6.042550504207611084e-02 1.333422679454088211e-02
6.026722490787506104e-02 1.198438182473182678e-02
6.111439317464828491e-02 1.225243508815765381e-02
6.264289468526840210e-02 1.280492357909679413e-02
5.949796363711357117e-02 9.822936728596687317e-03
6.123511120676994324e-02 1.354650128632783890e-02
6.220987066626548767e-02 9.738152846693992615e-03
6.146384030580520630e-02 1.190672535449266434e-02
6.021130830049514771e-02 5.006866529583930969e-03
6.281845271587371826e-02 1.355533208698034286e-02
6.147476285696029663e-02 1.447346806526184082e-02
6.090927124023437500e-02 1.156750600785017014e-02
6.417392939329147339e-02 1.393573544919490814e-02
6.147696450352668762e-02 1.100108586251735687e-02
6.116621568799018860e-02 1.250686869025230408e-02
5.974306538701057434e-02 1.244416832923889160e-02
6.195926666259765625e-02 1.275183260440826416e-02
6.121877953410148621e-02 1.259450800716876984e-02
5.946486070752143860e-02 1.055628806352615356e-02
5.986664444208145142e-02 8.432455360889434814e-03
6.087869033217430115e-02 1.069542579352855682e-02
6.297341734170913696e-02 1.288638170808553696e-02
6.256934255361557007e-02 1.166576147079467773e-02
6.041592359542846680e-02 1.356786675751209259e-02
6.034387648105621338e-02 9.637666866183280945e-03
6.297470629215240479e-02 1.367167662829160690e-02
6.188932433724403381e-02 1.029840297996997833e-02
6.024315953254699707e-02 1.105577778071165085e-02
6.108661368489265442e-02 1.315873023122549057e-02
6.009873375296592712e-02 1.106789521872997284e-02
6.195943057537078857e-02 1.122699864208698273e-02
6.240769103169441223e-02 1.048953272402286530e-02
6.020224466919898987e-02 8.075703866779804230e-03
6.065706908702850342e-02 1.305917091667652130e-02
5.938993394374847412e-02 8.726494386792182922e-03
6.127240508794784546e-02 1.000118069350719452e-02
6.291031092405319214e-02 1.194125786423683167e-02
6.226399168372154236e-02 1.151904556900262833e-02
6.001729518175125122e-02 9.264971129596233368e-03
6.320362538099288940e-02 1.232429221272468567e-02
6.297966092824935913e-02 1.459350809454917908e-02
6.004550680518150330e-02 7.056614384055137634e-03
6.196325272321701050e-02 8.609986864030361176e-03
5.919805914163589478e-02 5.343809723854064941e-03
6.317495554685592651e-02 1.198421977460384369e-02
6.173026189208030701e-02 1.120389066636562347e-02
6.172156706452369690e-02 1.208311505615711212e-02
5.836547538638114929e-02 5.801847204566001892e-03
6.224981695413589478e-02 1.156076882034540176e-02
5.957112461328506470e-02 8.875149302184581757e-03
6.079435721039772034e-02 1.076601818203926086e-02
5.957175046205520630e-02 9.782856330275535583e-03
6.126215308904647827e-02 1.014776714146137238e-02
6.021523103117942810e-02 9.336946532130241394e-03
5.939654633402824402e-02 1.058741100132465363e-02
5.976551398634910583e-02 7.106876932084560394e-03
6.061575934290885925e-02 1.292191073298454285e-02
5.867047607898712158e-02 7.168998941779136658e-03
5.975510552525520325e-02 8.966636843979358673e-03
6.071826070547103882e-02 1.456176955252885818e-02
5.907552689313888550e-02 4.602421075105667114e-03
5.865999683737754822e-02 8.273490704596042633e-03
6.039068102836608887e-02 8.046094328165054321e-03
6.014930084347724915e-02 1.220022421330213547e-02
5.879595875740051270e-02 7.004429586231708527e-03
5.879604071378707886e-02 1.029148790985345840e-02
5.882265791296958923e-02 9.801436215639114380e-03
5.959080532193183899e-02 9.171715006232261658e-03
5.918319895863533020e-02 1.041643135249614716e-02
6.020749732851982117e-02 9.213382378220558167e-03
6.156024336814880371e-02 1.049742847681045532e-02
6.028984487056732178e-02 1.012805104255676270e-02
6.119816005229949951e-02 8.693439885973930359e-03
6.099092960357666016e-02 1.014166325330734253e-02
6.140910834074020386e-02 9.864749386906623840e-03
6.008432060480117798e-02 6.901454180479049683e-03
6.136085465550422668e-02 1.015103608369827271e-02
6.065975502133369446e-02 1.163977663964033127e-02
5.917741358280181885e-02 9.513040073215961456e-03
6.088934838771820068e-02 1.034249365329742432e-02
6.032868474721908569e-02 8.524918928742408752e-03
5.891397222876548767e-02 6.897775456309318542e-03
5.854842811822891235e-02 9.652962908148765564e-03
6.027088314294815063e-02 1.044229976832866669e-02
5.972059443593025208e-02 8.302863687276840210e-03
5.909075587987899780e-02 5.334723740816116333e-03
5.974517017602920532e-02 9.851599112153053284e-03
6.080298498272895813e-02 9.043551981449127197e-03
6.095121428370475769e-02 7.301924750208854675e-03
6.320007145404815674e-02 8.947397582232952118e-03
6.078441068530082703e-02 5.998242646455764771e-03
5.997430905699729919e-02 6.154494360089302063e-03
6.056787073612213135e-02 8.905969560146331787e-03
6.167914345860481262e-02 7.312913425266742706e-03
6.029600277543067932e-02 6.812674924731254578e-03
5.963294208049774170e-02 9.764683432877063751e-03
5.899106711149215698e-02 8.265662007033824921e-03
6.036754697561264038e-02 6.211284548044204712e-03
6.074347347021102905e-02 9.428072720766067505e-03
5.846316367387771606e-02 7.690782658755779266e-03
5.883028358221054077e-02 4.528397694230079651e-03
5.983592942357063293e-02 6.424487568438053131e-03
5.757531523704528809e-02 1.535043120384216309e-03
5.910998210310935974e-02 4.064378328621387482e-03
6.020471826195716858e-02 6.660971790552139282e-03
6.054878607392311096e-02 8.087253198027610779e-03
6.080754473805427551e-02 7.294277660548686981e-03
5.981768295168876648e-02 3.272848203778266907e-03
5.859150737524032593e-02 3.757067024707794189e-03
5.925541743636131287e-02 4.897383973002433777e-03
5.881641060113906860e-02 4.459906369447708130e-03
5.995784327387809753e-02 6.226507015526294708e-03
6.108410283923149109e-02 6.194964051246643066e-03
6.160683929920196533e-02 9.408351965248584747e-03
5.880386382341384888e-02 3.923494368791580200e-03
6.123484671115875244e-02 8.662307634949684143e-03
6.108964607119560242e-02 8.404925465583801270e-03
5.979166179895401001e-02 6.284201517701148987e-03
5.935821682214736938e-02 8.878645487129688263e-03
6.068617850542068481e-02 8.167764171957969666e-03
5.870350450277328491e-02 5.324586294591426849e-03
6.068034097552299500e-02 8.410770446062088013e-03
6.057256460189819336e-02 1.136526279151439667e-02
6.148876249790191650e-02 8.901526220142841339e-03
6.076953187584877014e-02 6.830987520515918732e-03
6.062707677483558655e-02 7.555686868727207184e-03
6.261890381574630737e-02 8.968858048319816589e-03
6.227337568998336792e-02 7.212346419692039490e-03
6.094761565327644348e-02 4.881655797362327576e-03
6.170754134654998779e-02 9.835870936512947083e-03
5.986472591757774353e-02 3.384575247764587402e-03
6.135617569088935852e-02 3.974688239395618439e-03
6.129649281501770020e-02 7.671357132494449615e-03
6.198702007532119751e-02 9.451096877455711365e-03
6.114504486322402954e-02 8.414613083004951477e-03
6.253607571125030518e-02 1.012350060045719147e-02
6.027905270457267761e-02 8.435836061835289001e-03
5.900448933243751526e-02 5.077819339931011200e-03
5.998859554529190063e-02 6.008151918649673462e-03
6.336589902639389038e-02 1.295001246035099030e-02
6.100099906325340271e-02 8.885746821761131287e-03
6.163552403450012207e-02 7.144514471292495728e-03
6.084857508540153503e-02 7.131051272153854370e-03
6.208094954490661621e-02 6.662258878350257874e-03
6.191644445061683655e-02 9.006746113300323486e-03
6.207036599516868591e-02 9.309826418757438660e-03
6.130240112543106079e-02 6.969800218939781189e-03
5.983056128025054932e-02 8.109413087368011475e-03
6.255755573511123657e-02 9.362267330288887024e-03
6.192389130592346191e-02 1.135443709790706635e-02
6.323222070932388306e-02 7.642396725714206696e-03
6.294873356819152832e-02 1.163912843912839890e-02
6.060969829559326172e-02 8.320457302033901215e-03
6.264220923185348511e-02 8.902929723262786865e-03
6.259720772504806519e-02 8.769297040998935699e-03
6.043313071131706238e-02 7.886186242103576660e-03
6.015809997916221619e-02 6.721056997776031494e-03
6.045532226562500000e-02 1.091899257153272629e-02
6.173783913254737854e-02 9.713439270853996277e-03
6.064049154520034790e-02 7.143021561205387115e-03
5.997301638126373291e-02 9.121455252170562744e-03
6.101362779736518860e-02 1.251034438610076904e-02
6.183056905865669250e-02 1.076643913984298706e-02
5.968482419848442078e-02 8.688462898135185242e-03
6.036052107810974121e-02 9.459115564823150635e-03
6.035567820072174072e-02 9.615028277039527893e-03
6.051688641309738159e-02 6.655133329331874847e-03
6.055426970124244690e-02 9.995419532060623169e-03
6.308753043413162231e-02 9.149226360023021698e-03
6.216404587030410767e-02 1.185627095401287079e-02
6.140858680009841919e-02 1.000201981514692307e-02
5.987861007452011108e-02 6.029095500707626343e-03
6.052050366997718811e-02 7.658734917640686035e-03
6.208346784114837646e-02 1.133809424936771393e-02
6.173837557435035706e-02 9.280093014240264893e-03
6.330287456512451172e-02 1.191593799740076065e-02
6.092461943626403809e-02 9.240645915269851685e-03
6.214100122451782227e-02 6.392677314579486847e-03
6.180520728230476379e-02 1.237371750175952911e-02
6.139972805976867676e-02 7.173358462750911713e-03
6.302206963300704956e-02 1.182469166815280914e-02
6.230950355529785156e-02 1.028699334710836411e-02
5.940489843487739563e-02 6.042065098881721497e-03
6.084483861923217773e-02 7.291647605597972870e-03
6.099949032068252563e-02 7.812676019966602325e-03
5.938285216689109802e-02 4.902304150164127350e-03
6.178943440318107605e-02 9.785612113773822784e-03
6.061011925339698792e-02 8.154807612299919128e-03
6.158879026770591736e-02 9.230834431946277618e-03
6.091377511620521545e-02 7.486238144338130951e-03
6.142785027623176575e-02 4.518532194197177887e-03
6.112094223499298096e-02 8.985649794340133667e-03
6.237421557307243347e-02 8.074025623500347137e-03
5.978060886263847351e-02 3.373667597770690918e-03
6.328960508108139038e-02 7.484208792448043823e-03
5.998140946030616760e-02 5.917014554142951965e-03
6.157514452934265137e-02 8.641017600893974304e-03
6.229214370250701904e-02 8.518425747752189636e-03
6.087380647659301758e-02 6.779562681913375854e-03
6.067806109786033630e-02 6.737041287124156952e-03
6.290578097105026245e-02 5.860194563865661621e-03
6.315749883651733398e-02 1.007597520947456360e-02
6.093744188547134399e-02 5.694162100553512573e-03
6.164226308465003967e-02 4.747435450553894043e-03
6.210111826658248901e-02 6.657190620899200439e-03
6.352241337299346924e-02 7.990463636815547943e-03
6.138598918914794922e-02 7.508138194680213928e-03
6.171075999736785889e-02 8.716132491827011108e-03
6.125681474804878235e-02 3.830449655652046204e-03
6.223144754767417908e-02 8.398126810789108276e-03
6.223591417074203491e-02 9.724766016006469727e-03
6.191817298531532288e-02 1.026876922696828842e-02
6.182824075222015381e-02 6.230548024177551270e-03
6.110500171780586243e-02 8.381182327866554260e-03
6.177574768662452698e-02 7.755102589726448059e-03
6.305262446403503418e-02 7.480695843696594238e-03
6.099211424589157104e-02 5.612561479210853577e-03
6.070527434349060059e-02 8.377608843147754669e-03
6.286320835351943970e-02 9.289059787988662720e-03
6.328074634075164795e-02 1.028137933462858200e-02
6.249902397394180298e-02 6.962211802601814270e-03
6.261384487152099609e-02 6.259609013795852661e-03
6.273089349269866943e-02 8.788491599261760712e-03
6.303080171346664429e-02 4.184156656265258789e-03
6.142188236117362976e-02 6.363828666508197784e-03
6.137383356690406799e-02 5.984432995319366455e-03
6.032427772879600525e-02 3.119071945548057556e-03
6.307601183652877808e-02 7.325362414121627808e-03
6.249225884675979614e-02 8.771952241659164429e-03
5.977010354399681091e-02 8.432242088019847870e-03
6.290147453546524048e-02 9.182525798678398132e-03
6.414401531219482422e-02 1.002374291419982910e-02
6.183829531073570251e-02 4.686454311013221741e-03
6.144944578409194946e-02 6.759842857718467712e-03
6.263144314289093018e-02 8.293559774756431580e-03
6.358300149440765381e-02 1.063440553843975067e-02
6.373014301061630249e-02 1.378624420613050461e-02
6.105094403028488159e-02 8.158140815794467926e-03
6.133070588111877441e-02 6.183972582221031189e-03
6.053358688950538635e-02 6.321849301457405090e-03
6.196359917521476746e-02 7.759233936667442322e-03
6.143713369965553284e-02 9.732989594340324402e-03
6.071351096034049988e-02 3.162106499075889587e-03
6.217121332883834839e-02 8.290291763842105865e-03
6.157467886805534363e-02 5.131110548973083496e-03
6.190995126962661743e-02 1.159727200865745544e-02
6.187368556857109070e-02 7.358492352068424225e-03
6.237044557929039001e-02 1.008509099483489990e-02
6.212156638503074646e-02 7.765256799757480621e-03
6.144247204065322876e-02 9.223597124218940735e-03
6.317571550607681274e-02 9.060326032340526581e-03
6.086326390504837036e-02 6.301099434494972229e-03
6.250970810651779175e-02 8.230572566390037537e-03
6.225318834185600281e-02 7.613822817802429199e-03
6.256698817014694214e-02 1.009389664977788925e-02
6.265120953321456909e-02 6.577991880476474762e-03
6.378597021102905273e-02 1.152593456208705902e-02
6.416431814432144165e-02 8.104752749204635620e-03
6.373467296361923218e-02 8.917117491364479065e-03
6.183573603630065918e-02 3.811337053775787354e-03
6.284646689891815186e-02 7.623946294188499451e-03
6.290442496538162231e-02 7.195206359028816223e-03
6.231519207358360291e-02 4.956006072461605072e-03
6.169545650482177734e-02 7.014528848230838776e-03
6.426750868558883667e-02 6.575319916009902954e-03
6.332340836524963379e-02 8.023919537663459778e-03
6.239489465951919556e-02 7.724581286311149597e-03
6.256574392318725586e-02 8.578560315072536469e-03
6.240746378898620605e-02 5.077240988612174988e-03
6.282145529985427856e-02 9.260863997042179108e-03
6.304755061864852905e-02 9.463625028729438782e-03
6.076362356543540955e-02 7.378149777650833130e-03
6.190975010395050049e-02 6.251617334783077240e-03
6.367629766464233398e-02 8.562473580241203308e-03
6.253002583980560303e-02 9.138420224189758301e-03
6.037977710366249084e-02 4.690647125244140625e-03
6.231001764535903931e-02 9.866075590252876282e-03
6.251955032348632812e-02 9.173441678285598755e-03
6.283053755760192871e-02 1.201350614428520203e-02
6.190222129225730896e-02 7.273457013070583344e-03
6.069678813219070435e-02 7.556023076176643372e-03
5.880402028560638428e-02 5.975767970085144043e-03
6.092727184295654297e-02 4.371751099824905396e-03
6.156696751713752747e-02 9.443608112633228302e-03
6.201640889048576355e-02 8.850827813148498535e-03
6.161748617887496948e-02 6.637305021286010742e-03
6.076937168836593628e-02 6.012083962559700012e-03
6.006942689418792725e-02 7.388306781649589539e-03
6.222166493535041809e-02 4.529761150479316711e-03
6.196571514010429382e-02 8.856611326336860657e-03
6.117917224764823914e-02 7.233338430523872375e-03
6.173939257860183716e-02 4.579924046993255615e-03
6.090487167239189148e-02 7.410642690956592560e-03
6.107056140899658203e-02 9.372375905513763428e-03
6.267596781253814697e-02 8.249011822044849396e-03
6.332094967365264893e-02 8.882613852620124817e-03
5.866970494389533997e-02 4.520189948379993439e-03
6.026495620608329773e-02 9.993456304073333740e-03
5.950058251619338989e-02 8.606711402535438538e-03
6.215989589691162109e-02 8.658606559038162231e-03
6.057024002075195312e-02 9.021924808621406555e-03
6.430911272764205933e-02 1.029944978654384613e-02
5.997216701507568359e-02 5.091167986392974854e-03
6.168125197291374207e-02 6.246940232813358307e-03
6.227421015501022339e-02 1.062009762972593307e-02
6.278586387634277344e-02 8.055305108428001404e-03
6.262151151895523071e-02 9.531944058835506439e-03
6.144791841506958008e-02 7.451588287949562073e-03
