2.599013224244117737e-02 6.554334610700607300e-02
2.823434397578239441e-02 6.706412136554718018e-02
2.591792494058609009e-02 6.593873351812362671e-02
2.692423388361930847e-02 6.231532990932464600e-02
2.439343184232711792e-02 5.674751102924346924e-02
2.528368309140205383e-02 6.141541153192520142e-02
2.271895855665206909e-02 5.741982907056808472e-02
2.465461567044258118e-02 5.448390543460845947e-02
2.414815872907638550e-02 5.896357446908950806e-02
2.350663021206855774e-02 6.189931929111480713e-02
2.390559762716293335e-02 5.643127113580703735e-02
2.321720123291015625e-02 5.913837999105453491e-02
2.185117453336715698e-02 5.762666463851928711e-02
2.454378083348274231e-02 6.254532188177108765e-02
2.431114017963409424e-02 6.313905119895935059e-02
2.140167355537414551e-02 5.857384949922561646e-02
2.314029633998870850e-02 6.475373357534408569e-02
2.359444275498390198e-02 6.151869893074035645e-02
2.305938675999641418e-02 6.124820560216903687e-02
2.344794943928718567e-02 6.487739086151123047e-02
2.642992511391639709e-02 6.798631697893142700e-02
2.462406456470489502e-02 6.605925410985946655e-02
2.416678890585899353e-02 6.162796914577484131e-02
2.495656907558441162e-02 6.466673314571380615e-02
2.405022084712982178e-02 6.205914169549942017e-02
2.629538998007774353e-02 6.427615135908126831e-02
2.592342346906661987e-02 6.312000751495361328e-02
2.786962315440177917e-02 6.804344803094863892e-02
2.657367289066314697e-02 6.472367048263549805e-02
2.455395832657814026e-02 5.984617769718170166e-02
2.800102531909942627e-02 6.426350027322769165e-02
2.841158211231231689e-02 6.271301209926605225e-02
2.801325172185897827e-02 6.069286912679672241e-02
2.721338346600532532e-02 5.965523421764373779e-02
2.715467661619186401e-02 5.763684213161468506e-02
2.797813713550567627e-02 5.847254395484924316e-02
3.019482456147670746e-02 6.164424866437911987e-02
2.881413698196411133e-02 6.053380668163299561e-02
2.886059880256652832e-02 5.676151067018508911e-02
3.094127960503101349e-02 6.352216750383377075e-02
3.006473369896411896e-02 6.555566936731338501e-02
3.153072670102119446e-02 6.144192814826965332e-02
3.093998134136199951e-02 6.521379947662353516e-02
3.153554722666740417e-02 6.556602567434310913e-02
3.102070838212966919e-02 6.415575742721557617e-02
3.243886679410934448e-02 6.267851591110229492e-02
3.064191341400146484e-02 6.179061532020568848e-02
3.173391148447990417e-02 6.629111617803573608e-02
3.129348903894424438e-02 6.223390996456146240e-02
2.952888607978820801e-02 6.133805215358734131e-02
3.197641670703887939e-02 6.524027138948440552e-02
3.063384816050529480e-02 6.413525342941284180e-02
3.148847445845603943e-02 6.345185637474060059e-02
2.955430187284946442e-02 6.016415357589721680e-02
3.042758814990520477e-02 5.941525846719741821e-02
3.106915578246116638e-02 6.424254924058914185e-02
3.023181855678558350e-02 6.436391919851303101e-02
2.954882010817527771e-02 6.270701438188552856e-02
3.281128406524658203e-02 6.455516815185546875e-02
3.171687200665473938e-02 6.074565649032592773e-02
3.202459216117858887e-02 6.316210329532623291e-02
3.174176812171936035e-02 6.198709458112716675e-02
3.116042353212833405e-02 6.439893692731857300e-02
3.146512061357498169e-02 6.318225711584091187e-02
3.114418126642704010e-02 6.202993541955947876e-02
3.202015161514282227e-02 6.267222017049789429e-02
3.391649574041366577e-02 6.558304280042648315e-02
3.276396170258522034e-02 6.764730811119079590e-02
3.279780596494674683e-02 6.282734870910644531e-02
3.243973106145858765e-02 6.781855225563049316e-02
3.166860714554786682e-02 6.690630316734313965e-02
3.202107921242713928e-02 6.846537441015243530e-02
3.396885469555854797e-02 6.501951813697814941e-02
3.146187961101531982e-02 6.667830795049667358e-02
3.158348053693771362e-02 6.840394437313079834e-02
3.355042636394500732e-02 6.746030598878860474e-02
3.359152749180793762e-02 6.609585881233215332e-02
3.424037247896194458e-02 7.109459489583969116e-02
3.418159857392311096e-02 6.971181929111480713e-02
3.443747758865356445e-02 6.342983990907669067e-02
3.484092280268669128e-02 6.490921229124069214e-02
3.671053051948547363e-02 6.900361925363540649e-02
3.315985575318336487e-02 6.405437737703323364e-02
3.532450273633003235e-02 6.473299860954284668e-02
3.341914713382720947e-02 6.108038127422332764e-02
3.341402113437652588e-02 6.427492946386337280e-02
3.406260907649993896e-02 6.039458513259887695e-02
3.367177397012710571e-02 6.342294812202453613e-02
3.562116250395774841e-02 6.364703923463821411e-02
3.261906653642654419e-02 6.058783829212188721e-02
3.581102192401885986e-02 6.095098704099655151e-02
3.397797048091888428e-02 5.864007025957107544e-02
3.662312775850296021e-02 6.100203841924667358e-02
3.646596148610115051e-02 6.390966475009918213e-02
3.720815852284431458e-02 5.695914477109909058e-02
3.548982739448547363e-02 5.666208267211914062e-02
3.600551187992095947e-02 5.842585116624832153e-02
3.667866438627243042e-02 6.106761842966079712e-02
3.578734770417213440e-02 5.687054991722106934e-02
3.544771298766136169e-02 6.046769022941589355e-02
3.574919328093528748e-02 5.918934196233749390e-02
3.547213226556777954e-02 6.038464605808258057e-02
3.588180989027023315e-02 6.035938858985900879e-02
3.428468108177185059e-02 6.117558479309082031e-02
3.394530713558197021e-02 5.782908946275711060e-02
3.534864634275436401e-02 6.018614768981933594e-02
3.285290673375129700e-02 6.075932085514068604e-02
3.462447971105575562e-02 5.990120023488998413e-02
3.437620401382446289e-02 5.853965878486633301e-02
3.446310013532638550e-02 5.761933326721191406e-02
3.281159326434135437e-02 5.411344766616821289e-02
3.486708551645278931e-02 6.316836923360824585e-02
3.306558728218078613e-02 5.879954248666763306e-02
3.236951678991317749e-02 5.963443964719772339e-02
3.401486575603485107e-02 6.041239202022552490e-02
3.532721102237701416e-02 6.234763562679290771e-02
3.442477062344551086e-02 5.839402228593826294e-02
3.554512932896614075e-02 6.126351654529571533e-02
3.253760188817977905e-02 5.916292220354080200e-02
3.261885792016983032e-02 5.859513580799102783e-02
3.280667960643768311e-02 5.895850062370300293e-02
3.299348428845405579e-02 5.896706879138946533e-02
3.185242414474487305e-02 5.693678557872772217e-02
3.296670317649841309e-02 5.949438363313674927e-02
3.084777668118476868e-02 5.638357996940612793e-02
3.158371150493621826e-02 5.482523143291473389e-02
2.943214401602745056e-02 5.360021442174911499e-02
2.884405851364135742e-02 5.435331910848617554e-02
2.820743620395660400e-02 5.397886037826538086e-02
2.991798706352710724e-02 5.333463102579116821e-02
3.063317015767097473e-02 5.837760865688323975e-02
2.986720204353332520e-02 5.378273874521255493e-02
3.148682415485382080e-02 5.745211243629455566e-02
3.013516217470169067e-02 5.363320559263229370e-02
2.863354235887527466e-02 5.182172358036041260e-02
3.062749281525611877e-02 5.109898746013641357e-02
3.098910674452781677e-02 5.292545258998870850e-02
3.163314610719680786e-02 5.211266875267028809e-02
3.279394656419754028e-02 5.477192997932434082e-02
3.259447216987609863e-02 5.404601991176605225e-02
3.247074782848358154e-02 5.238688737154006958e-02
3.139153867959976196e-02 5.660732835531234741e-02
3.179995715618133545e-02 5.507592111825942993e-02
3.257009387016296387e-02 5.419620126485824585e-02
3.098891675472259521e-02 5.747586488723754883e-02
3.116139397025108337e-02 5.672197043895721436e-02
2.920171245932579041e-02 5.431509017944335938e-02
3.121579438447952271e-02 5.360320955514907837e-02
2.974545210599899292e-02 5.258625745773315430e-02
3.155664354562759399e-02 5.710967630147933960e-02
3.164527565240859985e-02 5.705353617668151855e-02
2.921510860323905945e-02 5.008049309253692627e-02
3.077483735978603363e-02 5.388139933347702026e-02
3.054392337799072266e-02 5.303472280502319336e-02
3.166093677282333374e-02 5.326174199581146240e-02
3.134740889072418213e-02 5.537744611501693726e-02
3.206595405936241150e-02 5.366938561201095581e-02
3.103066794574260712e-02 5.338774621486663818e-02
3.252533078193664551e-02 6.014494597911834717e-02
3.252775222063064575e-02 6.171049922704696655e-02
2.970585972070693970e-02 5.341646075248718262e-02
3.295357897877693176e-02 5.708032101392745972e-02
3.379147872328758240e-02 5.744562298059463501e-02
3.251442685723304749e-02 5.892600864171981812e-02
3.349831700325012207e-02 6.131843477487564087e-02
3.126988932490348816e-02 5.644479393959045410e-02
3.221182525157928467e-02 5.724006891250610352e-02
3.395246341824531555e-02 5.867768079042434692e-02
3.331932425498962402e-02 5.710173398256301880e-02
3.372302278876304626e-02 6.078962981700897217e-02
3.323052078485488892e-02 5.750651657581329346e-02
3.139328211545944214e-02 5.931477248668670654e-02
3.359817713499069214e-02 5.768594145774841309e-02
3.327739983797073364e-02 6.071967631578445435e-02
3.324333578348159790e-02 5.929891020059585571e-02
3.174963593482971191e-02 5.631111562252044678e-02
3.404957801103591919e-02 6.137572228908538818e-02
3.303674608469009399e-02 5.751692503690719604e-02
3.374611213803291321e-02 5.863065272569656372e-02
3.551776707172393799e-02 5.901241302490234375e-02
3.487806022167205811e-02 5.817602574825286865e-02
3.466939181089401245e-02 5.485336482524871826e-02
3.497037291526794434e-02 5.729351192712783813e-02
3.632283955812454224e-02 5.831314623355865479e-02
3.571774065494537354e-02 5.867536365985870361e-02
3.629095107316970825e-02 5.973195284605026245e-02
3.528492897748947144e-02 5.729465931653976440e-02
3.255580365657806396e-02 5.988504737615585327e-02
3.516062349081039429e-02 6.119367480278015137e-02
3.269223123788833618e-02 5.655909329652786255e-02
3.478340059518814087e-02 6.442335993051528931e-02
3.237634152173995972e-02 5.759316682815551758e-02
3.508451208472251892e-02 6.104367226362228394e-02
3.299461677670478821e-02 6.083133816719055176e-02
3.171185404062271118e-02 6.018488109111785889e-02
3.467671945691108704e-02 6.169341504573822021e-02
3.480879217386245728e-02 6.207038462162017822e-02
3.518254682421684265e-02 6.106182187795639038e-02
3.308009356260299683e-02 6.080863624811172485e-02
3.556472435593605042e-02 6.125858426094055176e-02
3.373409062623977661e-02 6.136193126440048218e-02
3.508022427558898926e-02 6.180258095264434814e-02
3.466772288084030151e-02 5.974587053060531616e-02
3.280347585678100586e-02 5.509422719478607178e-02
3.397710248827934265e-02 5.581200122833251953e-02
3.488955274224281311e-02 5.742217600345611572e-02
3.363063931465148926e-02 5.690881609916687012e-02
3.555435687303543091e-02 5.947753041982650757e-02
3.497409448027610779e-02 5.652713775634765625e-02
3.712050616741180420e-02 5.729692429304122925e-02
3.591945767402648926e-02 5.816849321126937866e-02
3.737571835517883301e-02 5.630031228065490723e-02
3.656878694891929626e-02 5.442149192094802856e-02
3.738360106945037842e-02 5.938103795051574707e-02
3.574493899941444397e-02 6.140084564685821533e-02
3.447074815630912781e-02 5.613164603710174561e-02
3.763301670551300049e-02 5.931202322244644165e-02
3.489574790000915527e-02 5.686840415000915527e-02
3.492103144526481628e-02 5.787607282400131226e-02
3.304227814078330994e-02 5.638737231492996216e-02
3.636645525693893433e-02 5.697593837976455688e-02
3.670238703489303589e-02 5.901104211807250977e-02
3.609037399291992188e-02 5.756741017103195190e-02
3.613344952464103699e-02 5.829329043626785278e-02
3.827160224318504333e-02 5.824781954288482666e-02
3.987655043601989746e-02 6.154450029134750366e-02
4.124183952808380127e-02 6.457911431789398193e-02
4.041581600904464722e-02 6.097639352083206177e-02
3.872732073068618774e-02 5.951710790395736694e-02
4.277069121599197388e-02 6.123753637075424194e-02
3.841365128755569458e-02 5.973662436008453369e-02
3.922463953495025635e-02 5.903945118188858032e-02
3.889282792806625366e-02 6.159157305955886841e-02
3.930304944515228271e-02 6.218783557415008545e-02
3.757750988006591797e-02 6.185157597064971924e-02
3.661165386438369751e-02 5.976811051368713379e-02
3.949658572673797607e-02 5.936705321073532104e-02
4.057916998863220215e-02 5.928082764148712158e-02
4.103302210569381714e-02 6.434399634599685669e-02
3.863934800028800964e-02 5.948591232299804688e-02
4.307918995618820190e-02 5.787944048643112183e-02
4.074834287166595459e-02 5.973379313945770264e-02
4.022426903247833252e-02 5.835705250501632690e-02
4.280430078506469727e-02 6.095259636640548706e-02
4.150099307298660278e-02 5.957731604576110840e-02
3.862038254737854004e-02 5.507905781269073486e-02
4.289071261882781982e-02 6.252251565456390381e-02
3.966414183378219604e-02 5.861183255910873413e-02
4.111534357070922852e-02 6.081116944551467896e-02
4.015601426362991333e-02 6.093932688236236572e-02
3.801759704947471619e-02 6.082001328468322754e-02
4.000616818666458130e-02 5.638922750949859619e-02
3.929953277111053467e-02 5.674546957015991211e-02
4.151607304811477661e-02 5.910243839025497437e-02
4.199789464473724365e-02 5.719051510095596313e-02
4.090154916048049927e-02 5.557223409414291382e-02
3.877586871385574341e-02 5.281869322061538696e-02
4.269305616617202759e-02 5.408506095409393311e-02
4.026526212692260742e-02 5.225607007741928101e-02
4.336075484752655029e-02 5.554791539907455444e-02
4.056691005825996399e-02 5.125472694635391235e-02
4.108392819762229919e-02 5.439855903387069702e-02
4.194363206624984741e-02 5.567681789398193359e-02
4.158694297075271606e-02 5.679633468389511108e-02
4.409377276897430420e-02 6.005547940731048584e-02
4.021083936095237732e-02 5.534476786851882935e-02
3.995051980018615723e-02 5.746270716190338135e-02
3.755499050021171570e-02 5.044384300708770752e-02
3.906045481562614441e-02 5.089893937110900879e-02
4.151718690991401672e-02 5.726255476474761963e-02
4.146927595138549805e-02 5.725806206464767456e-02
4.261223226785659790e-02 5.858102440834045410e-02
3.934470564126968384e-02 5.553705245256423950e-02
3.899339213967323303e-02 5.509099364280700684e-02
3.868293389678001404e-02 5.023319274187088013e-02
3.978896141052246094e-02 5.323331058025360107e-02
3.833046555519104004e-02 5.104825645685195923e-02
4.195225983858108521e-02 5.651455372571945190e-02
3.895542025566101074e-02 5.390217155218124390e-02
3.873058408498764038e-02 5.191276222467422485e-02
3.799764066934585571e-02 5.236673355102539062e-02
3.711245954036712646e-02 5.441985279321670532e-02
3.552135452628135681e-02 5.617322772741317749e-02
3.714343160390853882e-02 6.047221273183822632e-02
3.506501019001007080e-02 5.356366187334060669e-02
3.651085868477821350e-02 5.881465226411819458e-02
3.298031538724899292e-02 5.323341488838195801e-02
3.177248314023017883e-02 5.437688529491424561e-02
3.382944688200950623e-02 5.804774165153503418e-02
3.358573839068412781e-02 6.024404615163803101e-02
3.339454904198646545e-02 6.034661829471588135e-02
3.198060393333435059e-02 5.992035567760467529e-02
3.190144896507263184e-02 5.797226727008819580e-02
3.254345059394836426e-02 5.986829102039337158e-02
2.976542338728904724e-02 5.654831230640411377e-02
3.025185689330101013e-02 5.538547784090042114e-02
3.232420980930328369e-02 5.955988168716430664e-02
2.968753688037395477e-02 5.370924621820449829e-02
3.235517814755439758e-02 5.771873146295547485e-02
2.774750441312789917e-02 4.892770200967788696e-02
2.974160388112068176e-02 5.821560323238372803e-02
2.997469715774059296e-02 5.354669690132141113e-02
2.912813611328601837e-02 5.335532128810882568e-02
2.934883907437324524e-02 5.111458897590637207e-02
3.080235235393047333e-02 4.994712024927139282e-02
3.071282617747783661e-02 5.455721169710159302e-02
3.176905959844589233e-02 4.982575774192810059e-02
3.362188115715980530e-02 5.308004468679428101e-02
3.052624501287937164e-02 5.273104459047317505e-02
3.361575305461883545e-02 5.201566219329833984e-02
3.401721641421318054e-02 5.269085615873336792e-02
3.182142227888107300e-02 4.821287095546722412e-02
3.412586450576782227e-02 5.061019212007522583e-02
3.689460456371307373e-02 5.830504000186920166e-02
3.574858233332633972e-02 5.522536486387252808e-02
3.512313961982727051e-02 5.503212660551071167e-02
3.612506389617919922e-02 5.497483909130096436e-02
3.578274697065353394e-02 5.576372146606445312e-02
3.648387640714645386e-02 5.947788804769515991e-02
3.490417450666427612e-02 5.715867131948471069e-02
3.504277765750885010e-02 5.427888035774230957e-02
3.619574755430221558e-02 5.933710187673568726e-02
3.488764911890029907e-02 5.691196769475936890e-02
3.513033688068389893e-02 5.790504813194274902e-02
3.553494438529014587e-02 5.595841258764266968e-02
3.261474892497062683e-02 5.493029952049255371e-02
3.466646000742912292e-02 5.480562150478363037e-02
3.019200451672077179e-02 5.070421099662780762e-02
3.180625289678573608e-02 5.035191774368286133e-02
3.169051557779312134e-02 5.053677409887313843e-02
3.186250478029251099e-02 5.051267892122268677e-02
3.242009505629539490e-02 5.481707304716110229e-02
3.334136679768562317e-02 4.974883794784545898e-02
3.012308478355407715e-02 5.413731932640075684e-02
3.411683440208435059e-02 5.268020182847976685e-02
2.967021986842155457e-02 5.447159707546234131e-02
3.172365203499794006e-02 5.541811138391494751e-02
3.018010780215263367e-02 5.512722581624984741e-02
2.805639803409576416e-02 5.186151713132858276e-02
6.610304117202758789e-04 2.399628981947898865e-03
2.270061522722244263e-03 2.138316631317138672e-03
-2.487897872924804688e-04 -1.401178538799285889e-03
2.858563512563705444e-02 5.366875231266021729e-02
2.854449301958084106e-02 5.289132148027420044e-02
2.746377140283584595e-02 4.992257803678512573e-02
2.682057768106460571e-02 4.501570016145706177e-02
2.728947624564170837e-02 5.191645771265029907e-02
2.409794181585311890e-02 4.912358522415161133e-02
2.541298419237136841e-02 4.660406708717346191e-02
2.510243654251098633e-02 4.523383080959320068e-02
2.471661195158958435e-02 4.925208538770675659e-02
2.522909641265869141e-02 4.625651240348815918e-02
2.517282217741012573e-02 4.759705066680908203e-02
2.413203567266464233e-02 4.471318423748016357e-02
2.304659783840179443e-02 4.692740738391876221e-02
2.382017672061920166e-03 5.085816606879234314e-03
2.151349186897277832e-02 4.517672955989837646e-02
1.953274011611938477e-02 4.180558025836944580e-02
2.298347651958465576e-03 6.790421903133392334e-03
7.349513471126556396e-04 3.867855295538902283e-03
1.912692934274673462e-02 4.106933623552322388e-02
1.861669123172760010e-02 4.310313612222671509e-02
1.911880448460578918e-02 4.670355468988418579e-02
1.777192577719688416e-02 4.335504025220870972e-02
1.902598887681961060e-02 4.689218103885650635e-02
1.709631085395812988e-02 3.919555246829986572e-02
2.115074545145034790e-02 4.875893890857696533e-02
1.750681549310684204e-02 4.037387669086456299e-02
4.925243556499481201e-03 1.136136613786220551e-02
1.728290691971778870e-02 4.060230404138565063e-02
2.295663207769393921e-02 4.693767428398132324e-02
2.060496434569358826e-02 4.033386707305908203e-02
2.055155485868453979e-02 4.480845481157302856e-02
4.644896835088729858e-03 9.495904669165611267e-03
2.129235491156578064e-02 3.873343765735626221e-02
2.250563353300094604e-02 4.509986191987991333e-02
2.156050130724906921e-02 4.108757525682449341e-02
2.103584259748458862e-02 3.163912892341613770e-02
5.350325256586074829e-03 7.102185860276222229e-03
2.238586544990539551e-02 3.797923773527145386e-02
2.431377023458480835e-02 3.667901456356048584e-02
2.372519671916961670e-02 3.361106663942337036e-02
2.588045969605445862e-02 3.751395270228385925e-02
2.416465431451797485e-02 3.287738561630249023e-02
2.546072006225585938e-02 3.555938601493835449e-02
2.229841053485870361e-02 3.229102492332458496e-02
2.576997876167297363e-02 3.856996446847915649e-02
3.046102821826934814e-03 4.622453823685646057e-03
2.662320435047149658e-02 3.650626540184020996e-02
2.301457896828651428e-02 3.302865475416183472e-02
5.710035562515258789e-03 7.760120555758476257e-03
2.460389584302902222e-02 3.584121167659759521e-02
2.640292793512344360e-02 4.022847115993499756e-02
2.459778264164924622e-02 3.664432466030120850e-02
3.995217382907867432e-03 6.048295646905899048e-03
2.283545583486557007e-02 3.454312682151794434e-02
2.451320737600326538e-02 3.680308908224105835e-02
5.123339593410491943e-03 8.178431540727615356e-03
1.847233623266220093e-02 2.697096578776836395e-02
2.983473241329193115e-03 5.315095186233520508e-03
2.420328557491302490e-03 2.681706100702285767e-03
1.911244168877601624e-02 3.441147506237030029e-02
3.866903483867645264e-03 6.636938080191612244e-03
1.694098114967346191e-03 3.314046189188957214e-03
1.765711978077888489e-02 3.570263832807540894e-02
2.827331423759460449e-03 4.086090251803398132e-03
1.881855726242065430e-02 3.693171590566635132e-02
2.029887586832046509e-02 3.938637673854827881e-02
1.068659126758575439e-03 2.308074384927749634e-03
2.149778604507446289e-02 4.077585041522979736e-02
7.126703858375549316e-04 9.267386049032211304e-04
1.924963295459747314e-02 3.547164797782897949e-02
4.317902028560638428e-03 5.485696718096733093e-03
1.935764774680137634e-02 3.499747812747955322e-02
2.844497561454772949e-03 5.378575995564460754e-03
-1.340843737125396729e-04 -3.407914191484451294e-04
2.525981515645980835e-03 5.071064457297325134e-03
2.109967544674873352e-02 3.427380323410034180e-02
2.390503883361816406e-03 1.162929460406303406e-03
2.117508277297019958e-02 3.255940973758697510e-02
3.435291349887847900e-03 8.969085291028022766e-03
2.092588692903518677e-02 2.997319959104061127e-02
4.183709621429443359e-03 8.942205458879470825e-03
-2.056002616882324219e-03 -5.643991753458976746e-03
2.903953194618225098e-03 4.841266199946403503e-03
1.817501336336135864e-02 3.004191257059574127e-02
1.034580171108245850e-03 3.469690680503845215e-03
1.432437449693679810e-03 1.713432371616363525e-03
2.282944321632385254e-02 3.060161881148815155e-02
1.345869153738021851e-03 7.788427174091339111e-04
-3.714188933372497559e-04 1.119131222367286682e-03
5.166977643966674805e-05 -4.000589251518249512e-05
-3.521740436553955078e-04 -1.042203977704048157e-03
1.383677124977111816e-03 2.694534137845039368e-03
2.645324915647506714e-03 2.222400158643722534e-03
2.311760187149047852e-02 2.823154814541339874e-02
2.147220075130462646e-03 2.485388889908790588e-03
-8.664727210998535156e-04 7.289964705705642700e-04
6.252788007259368896e-04 -3.645582124590873718e-03
1.678079366683959961e-03 4.084276035428047180e-03
5.725063383579254150e-04 1.856585964560508728e-03
-1.256912946701049805e-03 -4.966575652360916138e-03
1.285873353481292725e-03 1.529527828097343445e-03
-2.210065722465515137e-04 1.740762963891029358e-03
6.666108965873718262e-04 -2.053081989288330078e-04
-2.427995204925537109e-03 -2.534845843911170959e-03
1.307740807533264160e-03 4.555238410830497742e-03
-8.670613169670104980e-04 -1.383313909173011780e-03
7.082521915435791016e-05 -3.614883869886398315e-03
1.736059784889221191e-04 -6.071664392948150635e-04
6.906986236572265625e-04 2.050289884209632874e-03
-2.255104482173919678e-03 -4.401056095957756042e-03
1.062892377376556396e-03 1.787547022104263306e-03
-8.677691221237182617e-05 7.327459752559661865e-05
5.168877542018890381e-04 8.495301008224487305e-04
6.705299019813537598e-04 -2.388376742601394653e-04
-2.216100692749023438e-04 1.482110470533370972e-03
-6.732717156410217285e-04 -4.476141184568405151e-04
-1.003354787826538086e-03 -2.328658476471900940e-03
-1.099854707717895508e-04 -2.670796588063240051e-03
-9.176880121231079102e-05 3.763753920793533325e-04
-1.427456736564636230e-04 1.491585746407508850e-03
1.536458730697631836e-04 1.300275325775146484e-04
1.863807439804077148e-03 2.883616834878921509e-04
-1.563332974910736084e-03 -2.574771642684936523e-03
-2.297386527061462402e-05 3.289656713604927063e-03
5.430430173873901367e-04 7.924158126115798950e-04
1.030936837196350098e-03 2.681892365217208862e-03
-9.149312973022460938e-06 -1.471754163503646851e-03
-1.212604343891143799e-03 -2.054059877991676331e-03
2.152562141418457031e-03 4.509182646870613098e-03
-7.941015064716339111e-04 2.705020830035209656e-03
8.481368422508239746e-04 -1.016814261674880981e-03
1.237552613019943237e-03 -1.584941521286964417e-03
-2.526119351387023926e-03 -2.767223864793777466e-03
-7.996708154678344727e-04 1.195987686514854431e-03
1.070305705070495605e-03 2.068413421511650085e-03
5.421116948127746582e-04 2.690875902771949768e-03
1.872908324003219604e-03 -7.644202560186386108e-04
-8.598491549491882324e-04 -1.183524727821350098e-04
3.802031278610229492e-04 5.305726081132888794e-04
9.164214134216308594e-04 -9.871963411569595337e-04
-2.149336040019989014e-03 -2.913363277912139893e-03
1.388765871524810791e-03 4.360973834991455078e-03
-1.648683100938796997e-03 -2.900097519159317017e-03
-5.199834704399108887e-04 -8.371397852897644043e-04
4.395693540573120117e-04 7.926747202873229980e-04
-1.816973090171813965e-04 1.774748787283897400e-03
1.096829771995544434e-03 -1.404320821166038513e-03
-1.661814749240875244e-03 -6.677582859992980957e-04
1.497231423854827881e-04 -1.025060191750526428e-03
2.146661281585693359e-04 1.775452867150306702e-03
6.081685423851013184e-04 1.570798456668853760e-03
-4.211477935314178467e-04 8.512288331985473633e-05
1.255035400390625000e-03 2.316834405064582825e-03
4.452466964721679688e-05 -2.714525908231735229e-04
-1.409910619258880615e-03 -1.394504681229591370e-03
2.237036824226379395e-05 -2.360275015234947205e-03
1.191675662994384766e-03 3.672977909445762634e-03
-1.546002924442291260e-03 -1.176968216896057129e-03
-3.859400749206542969e-05 -2.664504572749137878e-03
-9.236223995685577393e-04 -2.373635768890380859e-03
7.544606924057006836e-04 5.143847316503524780e-03
-8.848682045936584473e-05 1.249862834811210632e-03
2.308502793312072754e-03 2.383235841989517212e-04
-4.935078322887420654e-04 3.171358257532119751e-03
-1.085475087165832520e-03 -2.112986519932746887e-03
2.155713737010955811e-04 1.191990450024604797e-03
-3.709718585014343262e-04 -1.951737329363822937e-03
4.606731235980987549e-04 -2.074873074889183044e-03
-2.978742122650146484e-05 -3.530178219079971313e-04
1.621432602405548096e-04 9.451005607843399048e-04
-5.843639373779296875e-04 1.752782613039016724e-03
-3.369227051734924316e-04 5.831047892570495605e-04
3.636367619037628174e-04 8.496120572090148926e-04
-1.102834939956665039e-04 -1.145889982581138611e-03
1.019328832626342773e-03 -1.225067302584648132e-03
-9.922087192535400391e-04 2.267299219965934753e-03
-1.684136688709259033e-03 -4.716675728559494019e-03
-8.387006819248199463e-04 -3.781786188483238220e-03
2.061106264591217041e-03 5.648536607623100281e-03
-1.370947808027267456e-03 -1.572646200656890869e-03
5.022659897804260254e-04 -4.133488982915878296e-04
8.645579218864440918e-04 3.599295392632484436e-03
-1.831457018852233887e-03 -1.743881031870841980e-03
3.698095679283142090e-05 -1.701971516013145447e-03
1.071840524673461914e-04 -1.240970566868782043e-03
8.482486009597778320e-04 4.418523982167243958e-03
2.010516822338104248e-03 1.901220530271530151e-04
5.360059440135955811e-04 -2.499379217624664307e-03
8.318684995174407959e-04 -3.812592476606369019e-04
-6.455332040786743164e-04 1.416826620697975159e-03
-1.207992434501647949e-03 8.385013788938522339e-04
6.605572998523712158e-04 -2.994220703840255737e-04
1.312099397182464600e-03 9.801294654607772827e-04
-3.000326454639434814e-03 -4.018045961856842041e-03
1.723464578390121460e-03 2.636706456542015076e-03
-2.160266041755676270e-03 -7.298383861780166626e-04
1.625515520572662354e-03 1.753401011228561401e-04
-7.994621992111206055e-04 9.360890835523605347e-04
1.224279403686523438e-03 1.420399174094200134e-03
4.675686359405517578e-04 7.152054458856582642e-04
2.466142177581787109e-05 -3.020530566573143005e-03
8.780099451541900635e-04 1.416111364960670471e-03
-5.257874727249145508e-05 -2.036428079009056091e-03
-8.816570043563842773e-04 -8.082073181867599487e-04
3.448054194450378418e-04 3.331700339913368225e-03
-7.623434066772460938e-05 -6.005093455314636230e-04
-8.930712938308715820e-04 -1.844018697738647461e-07
-9.220838546752929688e-05 -4.536043852567672729e-04
6.754882633686065674e-04 6.992351263761520386e-04
5.745813250541687012e-04 3.307381644845008850e-03
2.131450921297073364e-03 2.855043858289718628e-04
1.389607787132263184e-04 7.249973714351654053e-04
3.016319125890731812e-03 2.835100516676902771e-03
-2.681218087673187256e-03 -4.081485792994499207e-03
1.445896923542022705e-03 4.619736224412918091e-03
1.650199294090270996e-02 2.289183996617794037e-02
-1.354005187749862671e-03 1.169333234429359436e-03
3.812476992607116699e-03 3.675805404782295227e-03
1.045465469360351562e-03 -8.601564913988113403e-04
3.685303032398223877e-03 3.723395988345146179e-03
7.788687944412231445e-04 1.229519024491310120e-03
-6.821937859058380127e-04 7.929429411888122559e-04
-1.797519624233245850e-03 -1.637807115912437439e-03
1.879863440990447998e-03 2.176294103264808655e-03
-9.253881871700286865e-04 -8.875560015439987183e-04
2.163648605346679688e-04 -1.112565398216247559e-03
2.034120261669158936e-04 -1.213794574141502380e-03
-6.224624812602996826e-04 2.335542812943458557e-03
1.426585018634796143e-03 -3.845058381557464600e-05
8.706599473953247070e-04 2.020100131630897522e-03
6.175786256790161133e-05 7.974188774824142456e-04
-1.546293497085571289e-04 -1.010991632938385010e-03
-2.069719135761260986e-03 -1.921623945236206055e-03
-7.607564330101013184e-04 -1.583149656653404236e-03
1.044396311044692993e-03 -1.516824588179588318e-03
2.071969211101531982e-04 -1.116728410124778748e-03
7.815062999725341797e-04 -8.517261594533920288e-04
2.986900508403778076e-04 1.260429620742797852e-03
1.784134656190872192e-03 3.126865252852439880e-03
-8.189529180526733398e-04 4.499033093452453613e-04
-7.351562380790710449e-04 1.164516434073448181e-03
-1.030575484037399292e-03 -1.300273463129997253e-03
-2.340599894523620605e-04 1.468282192945480347e-03
1.079495996236801147e-03 9.250193834304809570e-04
1.071050763130187988e-03 3.556123003363609314e-03
6.967894732952117920e-04 -3.850407898426055908e-03
8.229538798332214355e-04 1.478565856814384460e-03
-1.069828867912292480e-03 9.451936930418014526e-04
1.272343099117279053e-03 1.710815355181694031e-03
-4.620999097824096680e-04 2.391282469034194946e-04
-1.988723874092102051e-03 1.541661098599433899e-03
-1.475758850574493408e-03 -4.310863092541694641e-03
-2.069808542728424072e-04 -1.796135678887367249e-03
-4.198513925075531006e-04 -1.493399962782859802e-03
2.710893750190734863e-04 1.255236566066741943e-05
-5.476400256156921387e-04 -1.716310158371925354e-03
-5.933046340942382812e-04 -1.079840585589408875e-03
-3.965720534324645996e-04 4.782062023878097534e-04
2.531491219997406006e-03 5.735179409384727478e-03
-1.068875193595886230e-03 1.254752278327941895e-04
7.816329598426818848e-04 -1.315554603934288025e-03
-4.353374242782592773e-05 -8.675362914800643921e-04
-5.018785595893859863e-04 5.361475050449371338e-04
1.226946711540222168e-03 1.582136377692222595e-03
-1.306451857089996338e-03 -2.006497234106063843e-03
1.423612236976623535e-03 2.504063770174980164e-03
3.362894058227539062e-04 -8.405707776546478271e-04
2.756342291831970215e-04 -2.464484423398971558e-03
2.233609557151794434e-04 2.910774201154708862e-03
-8.157119154930114746e-04 5.591269582509994507e-04
-2.455852925777435303e-03 -5.465768277645111084e-03
6.553158164024353027e-04 2.306560054421424866e-03
5.197972059249877930e-04 6.434451788663864136e-04
1.085780560970306396e-03 5.910228937864303589e-04
-5.036555230617523193e-04 -4.471372812986373901e-04
-6.570294499397277832e-04 1.220617443323135376e-03
7.571242749691009521e-04 1.418218016624450684e-04
1.128226518630981445e-03 -7.589142769575119019e-04
-3.801248967647552490e-04 1.212870702147483826e-03
4.980564117431640625e-04 2.211518585681915283e-03
8.707046508789062500e-04 -3.421049565076828003e-03
-7.658898830413818359e-04 -1.954039558768272400e-03
5.670003592967987061e-04 6.889104843139648438e-04
-7.905587553977966309e-04 1.180624589323997498e-03
1.230716705322265625e-03 5.447529256343841553e-04
1.720935106277465820e-03 2.241214737296104431e-03
-1.006089150905609131e-03 3.539677709341049194e-04
-6.961151957511901855e-04 2.146679908037185669e-04
-1.394048333168029785e-03 -1.877779141068458557e-03
-2.052560448646545410e-03 -2.219039946794509888e-03
-1.494437456130981445e-04 -1.285051926970481873e-03
-3.013834357261657715e-04 -2.076031640172004700e-03
1.148298382759094238e-03 2.157038077712059021e-03
-1.798570156097412109e-05 1.279884949326515198e-03
9.290836751461029053e-04 4.553999751806259155e-04
1.349233090877532959e-03 2.913167700171470642e-03
7.092356681823730469e-04 -1.567227765917778015e-03
-1.279246062040328979e-03 -3.481296822428703308e-03
3.088861703872680664e-04 2.143010497093200684e-04
9.158998727798461914e-05 -5.271209403872489929e-03
6.865561008453369141e-04 2.757316455245018005e-03
7.897317409515380859e-04 1.236306503415107727e-03
-3.098808228969573975e-04 8.406545966863632202e-04
1.034006476402282715e-03 1.202395185828208923e-03
-6.821639835834503174e-04 -6.562415510416030884e-04
-9.593665599822998047e-04 -1.612259075045585632e-03
1.753866672515869141e-05 -8.665602654218673706e-04
4.935711622238159180e-04 3.647791221737861633e-03
-7.800236344337463379e-04 -1.392470672726631165e-03
-1.861520111560821533e-03 -1.375982537865638733e-03
-9.130798280239105225e-04 2.643436193466186523e-03
2.095848321914672852e-05 -1.526208594441413879e-03
1.842826604843139648e-04 1.352449879050254822e-03
-8.937790989875793457e-04 1.019172370433807373e-03
2.095751464366912842e-03 -2.482602372765541077e-03
2.292968332767486572e-03 1.920191571116447449e-03
-7.526576519012451172e-05 1.515937969088554382e-03
2.606026828289031982e-04 1.519601792097091675e-04
-1.435853540897369385e-03 1.574661582708358765e-04
2.064913511276245117e-03 1.622866839170455933e-03
1.479610800743103027e-04 2.832589671015739441e-03
-6.325468420982360840e-04 -1.919213682413101196e-04
-2.400949597358703613e-04 1.980697736144065857e-03
-2.004168927669525146e-04 3.572795540094375610e-04
5.921088159084320068e-04 -1.856865361332893372e-03
-1.559704542160034180e-04 7.988344877958297729e-04
-3.141984343528747559e-04 -2.086292952299118042e-04
-7.257461547851562500e-04 -1.707000657916069031e-03
-4.153475165367126465e-04 -4.373993724584579468e-03
-2.058073878288269043e-04 -5.973391234874725342e-04
2.881661057472229004e-04 -1.949002966284751892e-03
5.349814891815185547e-04 8.020363748073577881e-04
1.265015453100204468e-03 3.324456512928009033e-03
5.503371357917785645e-05 -2.074984833598136902e-03
-1.078791916370391846e-03 3.418102860450744629e-04
-5.795210599899291992e-04 -1.692375168204307556e-03
-3.108941018581390381e-04 -5.004480481147766113e-04
-7.930994033813476562e-04 -3.372121602296829224e-03
5.749836564064025879e-04 -2.573022618889808655e-03
-1.526016741991043091e-03 -3.928834572434425354e-03
-8.283331990242004395e-04 -2.385979518294334412e-03
2.536430954933166504e-03 3.198599442839622498e-03
1.600168645381927490e-03 3.445347771048545837e-03
-6.525143980979919434e-04 -4.533324390649795532e-04
-7.637590169906616211e-04 -2.137726172804832458e-03
-7.953159511089324951e-04 5.679018795490264893e-05
2.058856189250946045e-03 3.690777346491813660e-03
2.515614032745361328e-04 2.250600606203079224e-03
-5.390569567680358887e-04 5.573555827140808105e-04
1.062806695699691772e-03 8.832477033138275146e-04
-8.229427039623260498e-04 1.594888046383857727e-03
6.050467491149902344e-04 1.471297815442085266e-03
-5.786567926406860352e-04 -2.677924931049346924e-04
1.072905957698822021e-03 -3.566015511751174927e-04
-8.299499750137329102e-04 -2.903250977396965027e-03
-6.606057286262512207e-05 2.853386104106903076e-05
1.404240727424621582e-03 1.582190394401550293e-03
9.788051247596740723e-04 2.965386956930160522e-04
4.117116332054138184e-04 5.433615297079086304e-04
-2.301707863807678223e-04 -4.055351018905639648e-05
-1.342847943305969238e-03 -1.848505809903144836e-03
-2.412870526313781738e-04 -1.445479691028594971e-03
-8.449032902717590332e-04 -2.093277871608734131e-04
1.526359468698501587e-03 2.932960167527198792e-03
2.739578485488891602e-05 -2.279043197631835938e-03
-1.508384943008422852e-03 -3.591232001781463623e-03
-1.064073294401168823e-03 -1.026825979351997375e-03
-5.522072315216064453e-04 -9.007267653942108154e-04
7.551610469818115234e-04 2.136791124939918518e-03
-7.217451930046081543e-04 -3.962012007832527161e-03
-1.715868711471557617e-05 -8.330587297677993774e-04
2.966299653053283691e-04 2.194901928305625916e-03
-2.023801207542419434e-04 -2.387966960668563843e-04
8.847750723361968994e-04 2.836931496858596802e-03
9.156763553619384766e-05 2.228189259767532349e-04
5.060508847236633301e-04 1.051085069775581360e-03
1.554369926452636719e-03 -9.354297071695327759e-04
7.831193506717681885e-04 -5.079265683889389038e-04
-2.220369875431060791e-03 -9.662266820669174194e-04
-1.559957861900329590e-03 2.023251727223396301e-03
7.381066679954528809e-04 1.402853056788444519e-03
-8.967518806457519531e-04 -1.102812588214874268e-03
-2.275146543979644775e-04 5.020741373300552368e-04
-5.154013633728027344e-04 9.349007159471511841e-04
-1.149207353591918945e-03 -4.305681213736534119e-03
6.216764450073242188e-04 8.809361606836318970e-04
-1.192077994346618652e-03 2.522172406315803528e-03
-3.608092665672302246e-04 4.114817827939987183e-03
-9.185373783111572266e-04 6.340164691209793091e-04
2.833828330039978027e-04 -2.412224188446998596e-03
2.072103321552276611e-03 3.358367830514907837e-03
-4.544034600257873535e-04 -1.842396333813667297e-03
9.828656911849975586e-04 -3.946499899029731750e-03
-2.467140555381774902e-03 -5.437238141894340515e-03
7.670633494853973389e-04 -1.625284552574157715e-03
1.232489943504333496e-03 1.675499603152275085e-03
-1.835938543081283569e-03 3.736075013875961304e-04
-4.754886031150817871e-04 8.332170546054840088e-05
2.118460834026336670e-04 2.696881070733070374e-03
-1.176074147224426270e-03 1.399982720613479614e-04
3.374144434928894043e-04 2.797771245241165161e-03
8.323937654495239258e-04 1.989537850022315979e-03
2.754747867584228516e-03 3.183118999004364014e-03
1.573927700519561768e-03 3.246350213885307312e-03
2.281367778778076172e-05 6.834100931882858276e-04
-1.600138843059539795e-03 -2.646517008543014526e-03
-9.638443589210510254e-05 -1.785330474376678467e-03
2.706795930862426758e-04 -4.232767969369888306e-04
-8.669495582580566406e-05 2.887193113565444946e-04
2.272538840770721436e-04 4.393216222524642944e-04
-6.463006138801574707e-04 -2.172889187932014465e-03
-8.237138390541076660e-04 -1.641811802983283997e-03
9.828433394432067871e-04 1.891145482659339905e-03
1.329988241195678711e-03 3.077471628785133362e-03
4.829540848731994629e-04 -3.312136977910995483e-04
-1.070313155651092529e-04 -3.399234265089035034e-04
4.203692078590393066e-04 1.752562820911407471e-04
1.177284866571426392e-03 1.414995640516281128e-04
9.551346302032470703e-04 4.197657108306884766e-05
-9.269602596759796143e-04 -7.026717066764831543e-04
-9.051412343978881836e-04 -2.919251099228858948e-03
-7.238239049911499023e-04 -1.704880967736244202e-03
-5.697757005691528320e-04 -1.072997227311134338e-03
-8.189529180526733398e-04 1.250281929969787598e-03
1.227550208568572998e-03 1.479905098676681519e-03
-1.661598682403564453e-03 -1.334562897682189941e-03
1.784078776836395264e-04 1.330481842160224915e-03
3.080293536186218262e-04 3.693439066410064697e-05
-2.040535211563110352e-03 3.494191914796829224e-04
2.780258655548095703e-04 6.425585597753524780e-04
2.080202102661132812e-04 1.816481351852416992e-03
1.830328255891799927e-03 5.319183692336082458e-03
2.416133880615234375e-03 2.497078850865364075e-03
6.213113665580749512e-04 3.012891858816146851e-03
2.179741859436035156e-04 -1.082587987184524536e-04
-1.422837376594543457e-03 -1.179203391075134277e-03
-3.243759274482727051e-04 -8.050277829170227051e-04
-2.397671341896057129e-04 -1.625031232833862305e-03
-6.195679306983947754e-04 -3.307655453681945801e-03
-9.601190686225891113e-05 -2.269256860017776489e-03
-4.269368946552276611e-04 -2.156279981136322021e-03
5.550161004066467285e-04 -4.483144730329513550e-04
9.678974747657775879e-04 1.913178712129592896e-04
-2.325102686882019043e-04 2.119131386280059814e-05
7.201768457889556885e-04 4.455372691154479980e-04
1.950412988662719727e-04 8.033756166696548462e-04
-3.685057163238525391e-04 -6.269197911024093628e-04
-9.610727429389953613e-04 -1.168595626950263977e-03
-1.541152596473693848e-04 4.808343946933746338e-04
-7.914640009403228760e-04 -5.301348865032196045e-04
-2.691835165023803711e-03 -4.581859335303306580e-03
-1.533590257167816162e-03 -7.083825767040252686e-05
-3.398284316062927246e-04 -1.461045816540718079e-03
1.920312643051147461e-04 3.847759217023849487e-04
2.555433660745620728e-03 4.122933372855186462e-03
1.356068998575210571e-03 2.645865082740783691e-03
-1.056440174579620361e-03 1.241918653249740601e-03
1.258492469787597656e-03 -7.061138749122619629e-04
1.294594258069992065e-03 1.154197379946708679e-03
-2.127811312675476074e-04 -1.525314524769783020e-03
-3.533475100994110107e-04 6.088130176067352295e-04
-8.016005158424377441e-04 -8.154157549142837524e-04
-1.922473311424255371e-04 -1.244736835360527039e-03
1.145154237747192383e-03 -2.284834161400794983e-03
7.153823971748352051e-04 2.473283559083938599e-03
-1.369796693325042725e-03 -3.594178706407546997e-04
-8.013099431991577148e-05 -4.650857299566268921e-04
-1.151040196418762207e-04 -1.365849748253822327e-03
7.214583456516265869e-04 8.018445223569869995e-04
5.480647087097167969e-05 -4.192274063825607300e-04
1.455765217542648315e-03 1.960529014468193054e-03
4.501007497310638428e-04 6.756149232387542725e-04
-9.211897850036621094e-05 2.870000898838043213e-04
4.777312278747558594e-04 3.713307902216911316e-03
-4.594922065734863281e-04 -4.103966057300567627e-05
-3.820396959781646729e-04 -1.124434173107147217e-03
-1.041401177644729614e-03 -2.176826819777488708e-03
-9.633600711822509766e-06 1.364042982459068298e-03
1.410879194736480713e-03 4.075516015291213989e-03
3.044679760932922363e-04 -2.474281936883926392e-04
-2.665631473064422607e-04 1.742636784911155701e-03
1.261625438928604126e-03 -3.149434924125671387e-03
-1.901514828205108643e-03 -4.706053063273429871e-03
-2.285763621330261230e-04 -2.204075455665588379e-03
7.344521582126617432e-04 -7.420424371957778931e-04
-6.013140082359313965e-04 -2.402700483798980713e-04
-7.382631301879882812e-04 -3.556832671165466309e-04
6.914772093296051025e-04 1.219963654875755310e-03
1.311004161834716797e-04 1.605624333024024963e-03
4.343874752521514893e-04 1.493828371167182922e-03
2.181343734264373779e-04 1.177480444312095642e-03
-8.877776563167572021e-04 -1.474862918257713318e-03
2.371147274971008301e-04 2.369387075304985046e-03
-5.838721990585327148e-04 7.291156798601150513e-04
-1.711674034595489502e-03 -2.158055081963539124e-03
5.596615374088287354e-04 3.913322463631629944e-03
-9.994208812713623047e-05 -3.946274518966674805e-04
2.163425087928771973e-04 -1.988803967833518982e-03
-6.742849946022033691e-04 -2.481741830706596375e-03
6.030723452568054199e-04 2.236044034361839294e-03
1.129597425460815430e-03 2.942156046628952026e-03
6.076544523239135742e-04 2.752019092440605164e-03
-1.425877213478088379e-03 -2.191526815295219421e-03
-1.297295093536376953e-04 -3.298012539744377136e-03
8.186623454093933105e-04 -1.968163996934890747e-04
1.009657979011535645e-03 3.687353804707527161e-03
-1.816824078559875488e-03 -9.270627051591873169e-04
-7.830597460269927979e-04 -3.918508067727088928e-03
3.308504819869995117e-04 2.155536785721778870e-03
-4.276148974895477295e-04 1.082472503185272217e-03
4.544332623481750488e-04 2.431608736515045166e-04
6.312206387519836426e-04 -8.984003216028213501e-04
-2.424642443656921387e-04 1.143291592597961426e-03
-7.271543145179748535e-04 -2.323603257536888123e-03
-1.763403415679931641e-04 8.151996880769729614e-04
5.402043461799621582e-04 1.790074631571769714e-03
1.915097236633300781e-04 -2.507077530026435852e-03
1.846477389335632324e-04 7.332544773817062378e-04
-9.865798056125640869e-04 -6.454773247241973877e-04
-8.079186081886291504e-04 -6.303768604993820190e-04
-2.999044954776763916e-04 -8.377749472856521606e-04
3.732927143573760986e-04 2.141417935490608215e-03
-1.198295503854751587e-03 5.280151963233947754e-04
1.648366451263427734e-03 -9.338520467281341553e-04
-8.518397808074951172e-04 -2.458620816469192505e-03
-6.675273180007934570e-04 -2.853598445653915405e-03
7.256567478179931641e-04 2.590650692582130432e-03
1.233350485563278198e-03 3.218390047550201416e-04
-3.152005374431610107e-04 2.971459180116653442e-04
-2.814680337905883789e-04 1.499155536293983459e-03
2.366229891777038574e-04 -4.689078778028488159e-04
7.668435573577880859e-04 -6.007142364978790283e-04
-2.203881740570068359e-05 -5.682129412889480591e-04
-8.832961320877075195e-04 -2.146031707525253296e-03
4.384666681289672852e-05 -1.436671242117881775e-03
-6.512925028800964355e-05 3.130532801151275635e-03
-3.488287329673767090e-04 1.384587958455085754e-03
6.710477173328399658e-04 8.267536759376525879e-04
-1.596130430698394775e-03 -2.404177561402320862e-03
3.070253878831863403e-03 2.416612580418586731e-03
-1.211415976285934448e-03 -1.858239993453025818e-03
-1.383949071168899536e-03 -1.930305734276771545e-03
2.201151102781295776e-03 1.468546688556671143e-04
-2.845078706741333008e-04 7.716193795204162598e-04
1.730434596538543701e-03 2.636281773447990417e-03
2.275258302688598633e-04 1.456884667277336121e-03
-2.935670316219329834e-03 -3.298258408904075623e-03
-4.068762063980102539e-05 1.630410552024841309e-03
-4.091113805770874023e-05 -1.260200515389442444e-03
-2.056322991847991943e-03 -2.487488090991973877e-04
1.984335482120513916e-03 2.218408510088920593e-03
6.981864571571350098e-04 -1.146486029028892517e-03
7.215254008769989014e-04 3.366669639945030212e-03
2.411678433418273926e-04 -6.573032587766647339e-04
-1.960210502147674561e-03 -4.141530022025108337e-03
2.420544624328613281e-04 -2.780221402645111084e-04
1.151308417320251465e-03 2.976285293698310852e-03
1.351550221443176270e-03 1.742070540785789490e-03
-1.021031290292739868e-03 -3.042677417397499084e-03
-2.318359911441802979e-03 -2.166228368878364563e-03
1.430548727512359619e-03 1.529959961771965027e-03
1.350484788417816162e-03 1.454127952456474304e-03
-5.778856575489044189e-04 1.064097508788108826e-03
1.567944884300231934e-03 -1.199854537844657898e-03
5.627237260341644287e-04 2.784825861454010010e-03
6.623230874538421631e-04 1.311121508479118347e-03
-3.918260335922241211e-04 7.063280791044235229e-04
5.003809928894042969e-04 1.040596514940261841e-03
-1.924283802509307861e-03 -2.735687419772148132e-03
1.887466758489608765e-03 1.578118652105331421e-03
-1.926697790622711182e-03 -3.493228927254676819e-03
2.821609377861022949e-04 3.768248483538627625e-03
1.603811979293823242e-04 -1.988451927900314331e-03
1.525819301605224609e-03 -7.655564695596694946e-04
-2.863071858882904053e-04 2.106066793203353882e-03
-1.658722758293151855e-04 -4.000943154096603394e-04
-1.763388514518737793e-03 -4.954822361469268799e-04
1.451022922992706299e-03 2.164039760828018188e-04
1.558408141136169434e-03 4.053732380270957947e-03
-5.624890327453613281e-04 -3.032704815268516541e-03
2.258360385894775391e-03 5.145385861396789551e-03
-2.891965210437774658e-03 -4.076145589351654053e-03
1.744516193866729736e-03 4.405966028571128845e-03
-9.569823741912841797e-04 2.570953220129013062e-04
4.158690571784973145e-04 -5.157608538866043091e-04
1.919940114021301270e-04 -1.072427257895469666e-03
6.098225712776184082e-04 1.023419201374053955e-03
8.273497223854064941e-05 1.855392009019851685e-03
6.204620003700256348e-04 1.544201746582984924e-03
-3.861896693706512451e-04 3.183301538228988647e-03
1.412034034729003906e-03 3.777660429477691650e-03
1.840259879827499390e-03 3.952143713831901550e-03
2.017999067902565002e-02 3.852349519729614258e-02
6.241615861654281616e-03 1.495624892413616180e-02
2.226284146308898926e-02 4.282606393098831177e-02
2.308721095323562622e-02 4.324627667665481567e-02
5.310975015163421631e-03 1.146472059190273285e-02
2.313890308141708374e-02 4.517653584480285645e-02
2.246532961726188660e-02 4.665822535753250122e-02
2.459848672151565552e-02 4.913047701120376587e-02
2.274242043495178223e-02 4.969828575849533081e-02
2.367898821830749512e-02 5.022405087947845459e-02
2.056503295898437500e-02 4.252821207046508789e-02
6.639711558818817139e-03 1.530225016176700592e-02
1.577038317918777466e-02 3.931440412998199463e-02
4.130028188228607178e-03 8.880589157342910767e-03
1.972276717424392700e-03 5.607081577181816101e-03
1.905575022101402283e-02 4.722968488931655884e-02
2.037607878446578979e-02 5.339796841144561768e-02
1.880151778459548950e-02 4.833725094795227051e-02
9.111016988754272461e-04 5.240824073553085327e-03
4.878863692283630371e-04 2.581421285867691040e-04
4.382096230983734131e-04 6.018314510583877563e-03
2.500824630260467529e-04 2.111678943037986755e-03
1.813443750143051147e-02 4.785396158695220947e-02
1.989431679248809814e-02 4.776137322187423706e-02
1.889947056770324707e-02 4.934663325548171997e-02
1.991169899702072144e-02 5.407477170228958130e-02
2.041462808847427368e-02 4.817895591259002686e-02
2.081971988081932068e-02 5.338024348020553589e-02
2.236314117908477783e-02 5.657996982336044312e-02
2.143847942352294922e-02 5.149476975202560425e-02
2.080729603767395020e-02 5.456571280956268311e-02
2.013975009322166443e-02 5.334050953388214111e-02
2.346625924110412598e-02 5.606642365455627441e-02
2.188327908515930176e-02 5.585216730833053589e-02
2.013101428747177124e-02 5.235648155212402344e-02
1.656665280461311340e-02 5.001651495695114136e-02
3.123376518487930298e-03 3.404801711440086365e-03
1.890084892511367798e-02 5.048914253711700439e-02
2.002047747373580933e-02 5.021099373698234558e-02
1.983931660652160645e-02 5.143175274133682251e-02
1.968194171786308289e-02 4.657806456089019775e-02
2.110876888036727905e-02 5.696071684360504150e-02
2.059277892112731934e-02 5.042521655559539795e-02
2.263690531253814697e-02 5.013971030712127686e-02
2.122545987367630005e-02 5.543114244937896729e-02
2.283781394362449646e-02 5.338316410779953003e-02
2.264584600925445557e-02 5.134794116020202637e-02
2.318580076098442078e-02 5.064444988965988159e-02
2.460920810699462891e-02 5.446489900350570679e-02
2.216931432485580444e-02 5.298896133899688721e-02
2.211637794971466064e-02 5.490794777870178223e-02
2.228075265884399414e-02 5.510084331035614014e-02
2.120861411094665527e-02 5.472239851951599121e-02
1.937985420227050781e-02 5.651827156543731689e-02
2.207956835627555847e-02 6.025566160678863525e-02
2.038884535431861877e-02 5.737415701150894165e-02
1.806755363941192627e-02 5.262265354394912720e-02
2.039625123143196106e-02 5.759570002555847168e-02
2.103218436241149902e-02 5.662970244884490967e-02
1.971290633082389832e-02 5.702418833971023560e-02
1.999006792902946472e-02 5.544822663068771362e-02
1.855011656880378723e-02 5.626809597015380859e-02
1.857093721628189087e-02 5.365242063999176025e-02
1.680605486035346985e-02 5.471542477607727051e-02
1.841098815202713013e-02 5.778561532497406006e-02
1.738492771983146667e-02 5.322509258985519409e-02
2.015718817710876465e-02 5.999700725078582764e-02
1.953923702239990234e-02 5.819923430681228638e-02
1.845705509185791016e-02 5.974037945270538330e-02
1.942253112792968750e-02 5.550563335418701172e-02
2.003314718604087830e-02 6.156244128942489624e-02
2.323509752750396729e-02 5.743277072906494141e-02
2.313790842890739441e-02 6.124610453844070435e-02
2.318117022514343262e-02 5.960282683372497559e-02
2.491199225187301636e-02 6.063959747552871704e-02
2.519889920949935913e-02 5.938105285167694092e-02
2.475742250680923462e-02 5.642768740653991699e-02
2.450821921229362488e-02 5.724126100540161133e-02
2.563748136162757874e-02 6.097181141376495361e-02
2.360648661851882935e-02 5.262610316276550293e-02
2.431324496865272522e-02 5.840618908405303955e-02
2.352984249591827393e-02 5.899473279714584351e-02
2.512583136558532715e-02 5.817759782075881958e-02
2.349700778722763062e-02 6.019216775894165039e-02
2.296177297830581665e-02 5.920296907424926758e-02
2.303390949964523315e-02 5.849310010671615601e-02
2.268195897340774536e-02 5.644463002681732178e-02
2.202012389898300171e-02 5.944715440273284912e-02
2.306721359491348267e-02 5.813699960708618164e-02
2.245688438415527344e-02 5.913539975881576538e-02
2.248138189315795898e-02 5.970115959644317627e-02
2.202427014708518982e-02 5.763004720211029053e-02
2.268623560667037964e-02 5.996417254209518433e-02
2.439785003662109375e-02 6.083376705646514893e-02
2.397015690803527832e-02 6.136886775493621826e-02
2.349828183650970459e-02 6.100971996784210205e-02
2.354241907596588135e-02 5.934903025627136230e-02
2.483534067869186401e-02 5.943439155817031860e-02
2.396768331527709961e-02 5.856660008430480957e-02
2.391357719898223877e-02 5.933127552270889282e-02
2.422948554158210754e-02 5.808724462985992432e-02
2.226228266954421997e-02 5.970382690429687500e-02
2.164940163493156433e-02 5.656905472278594971e-02
2.002407610416412354e-02 5.538782477378845215e-02
2.034018933773040771e-02 5.747079849243164062e-02
1.856206357479095459e-02 5.381607264280319214e-02
1.975408941507339478e-02 5.694346129894256592e-02
1.998218894004821777e-02 5.639098584651947021e-02
1.887474209070205688e-02 5.665109306573867798e-02
1.966100186109542847e-02 5.739392340183258057e-02
2.171424776315689087e-02 6.012687087059020996e-02
2.170114591717720032e-02 5.646671354770660400e-02
2.153884246945381165e-02 5.586223304271697998e-02
2.194086462259292603e-02 5.475651472806930542e-02
2.132295817136764526e-02 5.722241103649139404e-02
2.214222028851509094e-02 5.718906223773956299e-02
2.374305576086044312e-02 5.956403166055679321e-02
2.039362490177154541e-02 5.658294260501861572e-02
2.323714643716812134e-02 5.368447303771972656e-02
2.124297991394996643e-02 5.729191750288009644e-02
1.914192736148834229e-02 5.276281386613845825e-02
2.082726359367370605e-02 5.697545409202575684e-02
1.949022710323333740e-02 5.524142831563949585e-02
1.698318123817443848e-02 5.291896313428878784e-02
1.984953135251998901e-02 5.497087538242340088e-02
1.954710856080055237e-02 5.907313525676727295e-02
1.703501492738723755e-02 5.418238043785095215e-02
1.716925948858261108e-02 5.051786452531814575e-02
2.083271369338035583e-02 5.753610283136367798e-02
1.911850273609161377e-02 5.552436411380767822e-02
2.065756916999816895e-02 5.943436920642852783e-02
1.790810376405715942e-02 5.762670934200286865e-02
1.953754574060440063e-02 5.950249731540679932e-02
1.722980290651321411e-02 5.727786570787429810e-02
1.660279929637908936e-02 5.646437406539916992e-02
1.617890223860740662e-02 5.631662160158157349e-02
1.897059381008148193e-02 6.207795441150665283e-02
1.577681303024291992e-02 5.762366950511932373e-02
1.622740924358367920e-02 5.456885695457458496e-02
1.918525993824005127e-02 5.614712834358215332e-02
1.630236208438873291e-02 5.609815567731857300e-02
1.822853833436965942e-02 5.722272396087646484e-02
1.958647742867469788e-02 6.296928226947784424e-02
1.965539157390594482e-02 5.948188900947570801e-02
2.056055888533592224e-02 5.897861719131469727e-02
1.914590597152709961e-02 5.912579596042633057e-02
1.819373294711112976e-02 5.666087567806243896e-02
1.934115588665008545e-02 6.218243390321731567e-02
2.088677138090133667e-02 6.242340058088302612e-02
1.974072307348251343e-02 6.042394042015075684e-02
2.120466530323028564e-02 5.937486886978149414e-02
2.279356494545936584e-02 6.273436546325683594e-02
2.303393930196762085e-02 6.038764119148254395e-02
2.089159190654754639e-02 5.859967321157455444e-02
2.295999228954315186e-02 5.815989524126052856e-02
2.509219944477081299e-02 6.020465493202209473e-02
2.588772401213645935e-02 6.072150170803070068e-02
2.445907145738601685e-02 5.706541985273361206e-02
2.518501505255699158e-02 5.909264087677001953e-02
2.511712908744812012e-02 5.733565241098403931e-02
2.498326823115348816e-02 5.966018885374069214e-02
2.423543483018875122e-02 5.704365670680999756e-02
2.545987069606781006e-02 5.805750191211700439e-02
2.421062067151069641e-02 5.711193382740020752e-02
2.428801357746124268e-02 5.716758966445922852e-02
2.376323193311691284e-02 5.535831302404403687e-02
2.282197028398513794e-02 5.506572127342224121e-02
2.256593853235244751e-02 5.676515400409698486e-02
2.422576397657394409e-02 5.875188857316970825e-02
2.332913130521774292e-02 5.381873995065689087e-02
2.169014513492584229e-02 5.415456742048263550e-02
2.245492488145828247e-02 5.524814873933792114e-02
2.301476895809173584e-02 5.504169315099716187e-02
2.053100615739822388e-02 5.326250195503234863e-02
2.217839658260345459e-02 5.295182764530181885e-02
2.221007272601127625e-02 5.218423157930374146e-02
2.413837239146232605e-02 6.092657893896102905e-02
2.182583510875701904e-02 5.102858692407608032e-02
2.089012414216995239e-02 5.258987098932266235e-02
2.257845550775527954e-02 5.444827675819396973e-02
2.361769974231719971e-02 5.824169516563415527e-02
2.191402018070220947e-02 5.767176300287246704e-02
2.093180269002914429e-02 5.587767809629440308e-02
2.225285768508911133e-02 5.489912629127502441e-02
2.089514210820198059e-02 5.575848370790481567e-02
2.214852347970008850e-02 5.649415403604507446e-02
2.182412892580032349e-02 5.583955347537994385e-02
2.096454426646232605e-02 5.125556141138076782e-02
2.208215743303298950e-02 5.713237822055816650e-02
2.384154498577117920e-02 6.041701138019561768e-02
2.034159004688262939e-02 5.275890231132507324e-02
2.304247766733169556e-02 5.533030629158020020e-02
2.269950509071350098e-02 5.938414484262466431e-02
2.207423746585845947e-02 5.867206305265426636e-02
2.374459058046340942e-02 5.755275487899780273e-02
2.315700426697731018e-02 6.147565692663192749e-02
2.262615412473678589e-02 6.206121295690536499e-02
2.263597026467323303e-02 5.549453943967819214e-02
2.248457446694374084e-02 5.803456157445907593e-02
2.383010834455490112e-02 6.122943013906478882e-02
2.618002146482467651e-02 6.391948461532592773e-02
2.289187908172607422e-02 5.735022574663162231e-02
2.397998049855232239e-02 5.942846834659576416e-02
2.438775822520256042e-02 5.979177355766296387e-02
2.305981516838073730e-02 5.900982767343521118e-02
2.267825230956077576e-02 5.929557234048843384e-02
2.329409867525100708e-02 5.734352767467498779e-02
2.367295697331428528e-02 5.970156192779541016e-02
2.282153815031051636e-02 5.685570836067199707e-02
2.440510690212249756e-02 5.918037891387939453e-02
2.391704171895980835e-02 5.583326518535614014e-02
2.606749534606933594e-02 6.014320254325866699e-02
2.324574440717697144e-02 5.620989948511123657e-02
2.567292004823684692e-02 6.200388073921203613e-02
2.478979527950286865e-02 5.919314175844192505e-02
2.600382268428802490e-02 5.910185724496841431e-02
2.626294270157814026e-02 6.105177104473114014e-02
2.741523087024688721e-02 5.807842314243316650e-02
2.619648724794387817e-02 6.235970556735992432e-02
2.703883498907089233e-02 6.070939451456069946e-02
2.564845979213714600e-02 5.853827297687530518e-02
2.499287202954292297e-02 5.638263374567031860e-02
2.704984694719314575e-02 5.916820466518402100e-02
2.664822712540626526e-02 5.615337938070297241e-02
2.623585984110832214e-02 5.781157314777374268e-02
2.690792456269264221e-02 5.774851888418197632e-02
2.817689254879951477e-02 5.769214034080505371e-02
2.837096154689788818e-02 5.620025098323822021e-02
2.882958203554153442e-02 5.584101378917694092e-02
2.851646393537521362e-02 5.624817311763763428e-02
2.845520526170730591e-02 5.506239086389541626e-02
3.040573000907897949e-02 5.562268197536468506e-02
3.093152865767478943e-02 6.075264513492584229e-02
2.981888875365257263e-02 5.234641581773757935e-02
2.823080867528915405e-02 5.399683117866516113e-02
2.992323227226734161e-02 5.742429196834564209e-02
3.054122254252433777e-02 5.515106767416000366e-02
3.080154769122600555e-02 5.918184667825698853e-02
3.231773898005485535e-02 5.789226293563842773e-02
3.079429641366004944e-02 5.850347131490707397e-02
3.281422704458236694e-02 5.927029252052307129e-02
3.230199217796325684e-02 5.865681916475296021e-02
3.302790969610214233e-02 5.918440222740173340e-02
3.257359564304351807e-02 5.853614956140518188e-02
3.448327630758285522e-02 5.943585187196731567e-02
3.178094327449798584e-02 5.278516560792922974e-02
3.338083997368812561e-02 5.606561154127120972e-02
3.239965066313743591e-02 5.822715908288955688e-02
3.395634889602661133e-02 5.740437656641006470e-02
3.328612446784973145e-02 5.853961408138275146e-02
3.347080945968627930e-02 5.643630027770996094e-02
3.380328044295310974e-02 5.813845247030258179e-02
3.323725983500480652e-02 5.994395911693572998e-02
3.127646818757057190e-02 5.679099261760711670e-02
3.303341567516326904e-02 5.895238369703292847e-02
3.203824535012245178e-02 5.782251060009002686e-02
2.998686954379081726e-02 5.942483991384506226e-02
3.366717696189880371e-02 6.054391711950302124e-02
3.100550733506679535e-02 5.691926181316375732e-02
3.153426200151443481e-02 6.174266338348388672e-02
3.302242234349250793e-02 5.896512418985366821e-02
3.189502656459808350e-02 6.204973906278610229e-02
6.092365086078643799e-02 7.969831116497516632e-03
6.405372917652130127e-02 1.405025646090507507e-02
6.269548088312149048e-02 1.143580954521894455e-02
6.373219937086105347e-02 1.259790547192096710e-02
