2.301396429538726807e-02 2.337364666163921356e-02
1.990614086389541626e-02 2.186730131506919861e-02
2.191173285245895386e-02 2.035275474190711975e-02
2.229071035981178284e-02 1.838893070816993713e-02
2.059747651219367981e-02 2.368192002177238464e-02
2.211641147732734680e-02 2.345550432801246643e-02
2.152822166681289673e-02 2.544731833040714264e-02
2.010322734713554382e-02 2.063019387423992157e-02
1.916850358247756958e-02 2.421900443732738495e-02
2.163452655076980591e-02 2.233799174427986145e-02
1.938952505588531494e-02 2.192190289497375488e-02
1.994250714778900146e-02 2.434042096138000488e-02
2.072580903768539429e-02 2.402369491755962372e-02
1.951722800731658936e-02 2.160754427313804626e-02
1.767828315496444702e-02 1.968426257371902466e-02
1.844398677349090576e-02 1.814327389001846313e-02
1.934704184532165527e-02 2.046333998441696167e-02
1.845240220427513123e-02 1.838157884776592255e-02
1.986765116453170776e-02 2.059796825051307678e-02
1.787868887186050415e-02 1.626415923237800598e-02
1.951334998011589050e-02 1.748827286064624786e-02
1.801413297653198242e-02 1.651085354387760162e-02
1.961696147918701172e-02 2.266389876604080200e-02
1.763543114066123962e-02 1.899818889796733856e-02
1.848806440830230713e-02 2.234219387173652649e-02
1.688761636614799500e-02 1.674884930253028870e-02
1.684795320034027100e-02 1.824206486344337463e-02
1.776525750756263733e-02 2.162804082036018372e-02
1.634627580642700195e-02 2.027988806366920471e-02
1.575898006558418274e-02 1.981866359710693359e-02
1.837918534874916077e-02 2.335722371935844421e-02
1.692698150873184204e-02 2.103710174560546875e-02
1.636949181556701660e-02 1.845560409128665924e-02
1.799006015062332153e-02 1.970202848315238953e-02
1.677856594324111938e-02 1.757933758199214935e-02
1.661427691578865051e-02 1.676021888852119446e-02
2.029500901699066162e-02 1.725289225578308105e-02
1.802035421133041382e-02 1.773670688271522522e-02
2.100665494799613953e-02 1.574833318591117859e-02
2.016812562942504883e-02 1.509919576346874237e-02
2.046972513198852539e-02 1.533175166696310043e-02
2.093644812703132629e-02 1.314090937376022339e-02
2.067488804459571838e-02 1.292035542428493500e-02
2.171480283141136169e-02 1.387806609272956848e-02
2.135777473449707031e-02 1.215919479727745056e-02
2.190876752138137817e-02 1.084369141608476639e-02
2.198869735002517700e-02 1.105137728154659271e-02
2.272259071469306946e-02 9.877303615212440491e-03
2.359398826956748962e-02 9.078428149223327637e-03
2.518278732895851135e-02 7.935523055493831635e-03
2.562435343861579895e-02 8.662153035402297974e-03
2.616631612181663513e-02 5.528263747692108154e-03
2.760174870491027832e-02 7.255289703607559204e-03
2.667739242315292358e-02 5.664496682584285736e-03
2.675894647836685181e-02 7.477276958525180817e-03
2.764488011598587036e-02 4.415631294250488281e-03
2.980347722768783569e-02 6.768824532628059387e-03
3.048971481621265411e-02 6.842860020697116852e-03
2.972860820591449738e-02 7.988996803760528564e-03
2.856373786926269531e-02 8.227508515119552612e-03
2.946767956018447876e-02 7.444884628057479858e-03
2.678861469030380249e-02 8.676586672663688660e-03
2.806349098682403564e-02 1.181033905595541000e-02
2.881541103124618530e-02 1.381738856434822083e-02
2.845564112067222595e-02 1.032455451786518097e-02
2.942076884210109711e-02 1.402972452342510223e-02
2.575690671801567078e-02 1.360727287828922272e-02
2.557583153247833252e-02 1.549231633543968201e-02
2.270261198282241821e-02 1.846031099557876587e-02
2.240552008152008057e-02 1.747685857117176056e-02
2.290224283933639526e-02 1.668606512248516083e-02
2.278245240449905396e-02 1.904396712779998779e-02
2.225810661911964417e-02 2.007845230400562286e-02
2.100481092929840088e-02 2.028782479465007782e-02
2.087939903140068054e-02 1.893052272498607635e-02
2.085914090275764465e-02 1.994777843356132507e-02
2.099449560046195984e-02 2.104124054312705994e-02
2.137516811490058899e-02 2.353655919432640076e-02
2.345719933509826660e-02 2.080342918634414673e-02
2.456516399979591370e-02 2.265733666718006134e-02
2.493647113442420959e-02 2.157272212207317352e-02
2.500837668776512146e-02 2.378582581877708435e-02
2.565713226795196533e-02 2.441936917603015900e-02
2.580108866095542908e-02 2.437307685613632202e-02
2.548081800341606140e-02 2.279110625386238098e-02
2.750764042139053345e-02 2.705055288970470428e-02
2.796232327818870544e-02 2.500626444816589355e-02
2.926188707351684570e-02 2.546356990933418274e-02
2.794547006487846375e-02 1.839397847652435303e-02
3.097891062498092651e-02 2.254526689648628235e-02
3.343775123357772827e-02 2.823696844279766083e-02
3.215759620070457458e-02 2.158229425549507141e-02
3.173804283142089844e-02 2.295171283185482025e-02
3.210449218750000000e-02 2.238065563142299652e-02
3.349712491035461426e-02 1.907739229500293732e-02
3.147187829017639160e-02 2.170152403414249420e-02
3.094498440623283386e-02 2.083924598991870880e-02
3.074264898896217346e-02 2.616138942539691925e-02
2.844172716140747070e-02 1.875952817499637604e-02
2.753341943025588989e-02 2.462729997932910919e-02
2.611786127090454102e-02 2.262583933770656586e-02
2.663091942667961121e-02 2.169142663478851318e-02
2.946388348937034607e-02 2.472724206745624542e-02
2.719727531075477600e-02 2.332850359380245209e-02
2.815665304660797119e-02 2.012554556131362915e-02
2.718428522348403931e-02 2.223749645054340363e-02
2.593416720628738403e-02 2.237058803439140320e-02
2.499554678797721863e-02 1.800154522061347961e-02
2.704511582851409912e-02 1.963585615158081055e-02
2.654086425900459290e-02 2.001063525676727295e-02
2.506059035658836365e-02 1.967105455696582794e-02
2.507188171148300171e-02 1.909649372100830078e-02
2.500580996274948120e-02 1.870543509721755981e-02
2.468115836381912231e-02 1.755190454423427582e-02
2.447252348065376282e-02 1.646956428885459900e-02
2.491580694913864136e-02 1.962546631693840027e-02
2.318081632256507874e-02 1.717915013432502747e-02
2.395531907677650452e-02 2.152069844305515289e-02
2.317390590906143188e-02 1.457474101334810257e-02
2.284155413508415222e-02 2.093724533915519714e-02
2.188254147768020630e-02 1.538530364632606506e-02
2.324886247515678406e-02 2.062141522765159607e-02
2.018880099058151245e-02 1.439245883375406265e-02
2.031482011079788208e-02 1.468308735638856888e-02
2.011625096201896667e-02 1.640744507312774658e-02
2.091518044471740723e-02 1.506462879478931427e-02
2.207685261964797974e-02 1.835956983268260956e-02
2.101765200495719910e-02 1.551733631640672684e-02
2.223964035511016846e-02 1.447861827909946442e-02
2.369442954659461975e-02 1.608299463987350464e-02
2.383641526103019714e-02 1.763162203133106232e-02
2.233672514557838440e-02 1.657181419432163239e-02
2.420866116881370544e-02 1.846330612897872925e-02
2.175459265708923340e-02 1.757531985640525818e-02
2.366455644369125366e-02 1.803289726376533508e-02
2.322972193360328674e-02 1.693290472030639648e-02
2.322067692875862122e-02 1.597300730645656586e-02
2.211302146315574646e-02 2.024682611227035522e-02
2.376715093851089478e-02 1.709947548806667328e-02
2.196947112679481506e-02 1.687810011208057404e-02
2.131421864032745361e-02 1.619157567620277405e-02
2.204846963286399841e-02 1.955751329660415649e-02
2.003160864114761353e-02 1.725749298930168152e-02
2.236390858888626099e-02 1.435959525406360626e-02
2.111105620861053467e-02 1.692373678088188171e-02
2.287568897008895874e-02 1.720993220806121826e-02
2.241150662302970886e-02 1.979020051658153534e-02
2.263334020972251892e-02 1.564042642712593079e-02
2.281952649354934692e-02 1.703540235757827759e-02
2.237781882286071777e-02 1.751826703548431396e-02
2.209068462252616882e-02 1.781336590647697449e-02
2.282648906111717224e-02 1.914475113153457642e-02
2.182014286518096924e-02 1.545311883091926575e-02
2.220294997096061707e-02 1.588743180036544800e-02
2.156611904501914978e-02 1.898717880249023438e-02
2.327781170606613159e-02 2.222301438450813293e-02
2.259829640388488770e-02 2.126552350819110870e-02
2.218068763613700867e-02 1.764198765158653259e-02
2.227226272225379944e-02 1.997476443648338318e-02
2.256793156266212463e-02 2.181019261479377747e-02
2.328068763017654419e-02 2.284917049109935760e-02
2.225960046052932739e-02 1.730577647686004639e-02
2.187321707606315613e-02 1.948087289929389954e-02
2.130628749728202820e-02 2.174267917871475220e-02
2.198517322540283203e-02 1.893137767910957336e-02
2.171795070171356201e-02 2.024003490805625916e-02
1.975311338901519775e-02 1.867732033133506775e-02
2.227828279137611389e-02 2.272366546094417572e-02
2.097751945257186890e-02 2.227365225553512573e-02
2.184093743562698364e-02 1.903496682643890381e-02
2.235939726233482361e-02 1.860402524471282959e-02
2.174931019544601440e-02 1.793494448065757751e-02
2.348764985799789429e-02 2.377138659358024597e-02
2.193332463502883911e-02 1.879771426320075989e-02
2.099323272705078125e-02 1.981142535805702209e-02
2.244640141725540161e-02 2.383587881922721863e-02
2.070269733667373657e-02 2.096355333924293518e-02
2.053339034318923950e-02 2.036516368389129639e-02
2.145564556121826172e-02 2.121024951338768005e-02
1.979994773864746094e-02 2.065949887037277222e-02
2.064567804336547852e-02 2.462704852223396301e-02
1.962359994649887085e-02 1.919331401586532593e-02
2.243563532829284668e-02 2.459876611828804016e-02
2.001759409904479980e-02 2.244365960359573364e-02
2.028064802289009094e-02 2.015413716435432434e-02
2.210833132266998291e-02 2.147093415260314941e-02
2.083318680524826050e-02 2.365291491150856018e-02
2.104992046952247620e-02 2.077805995941162109e-02
2.044380456209182739e-02 2.254688367247581482e-02
2.017764747142791748e-02 1.880922354757785797e-02
2.129518985748291016e-02 2.016175538301467896e-02
1.977299153804779053e-02 1.886013150215148926e-02
2.068696916103363037e-02 2.129841968417167664e-02
2.328343316912651062e-02 2.072008512914180756e-02
2.184619382023811340e-02 1.711122691631317139e-02
2.154409885406494141e-02 2.086506783962249756e-02
2.058776840567588806e-02 1.883207261562347412e-02
2.216116338968276978e-02 1.956676691770553589e-02
2.251397073268890381e-02 2.082055434584617615e-02
2.197749167680740356e-02 1.889496855437755585e-02
1.968586444854736328e-02 2.097469195723533630e-02
2.047160267829895020e-02 1.962748728692531586e-02
1.863836869597434998e-02 1.766906492412090302e-02
1.867632567882537842e-02 2.021982148289680481e-02
1.840687543153762817e-02 1.993221230804920197e-02
2.023145556449890137e-02 2.108132094144821167e-02
1.818917691707611084e-02 1.641245186328887939e-02
1.823413372039794922e-02 2.224067971110343933e-02
2.094975113868713379e-02 1.600462384521961212e-02
2.018027007579803467e-02 1.868725754320621490e-02
2.255672588944435120e-02 1.890170201659202576e-02
2.209830284118652344e-02 1.529392506927251816e-02
2.491895854473114014e-02 1.492067798972129822e-02
2.368111163377761841e-02 1.465461961925029755e-02
2.409471943974494934e-02 1.532224938273429871e-02
2.554548531770706177e-02 1.119788456708192825e-02
2.377541363239288330e-02 1.498123630881309509e-02
2.386802807450294495e-02 1.084741950035095215e-02
2.423134818673133850e-02 1.457885559648275375e-02
2.443272247910499573e-02 1.315755769610404968e-02
2.478345483541488647e-02 1.087968423962593079e-02
2.493085712194442749e-02 1.548494677990674973e-02
2.507367730140686035e-02 9.524670429527759552e-03
2.611923217773437500e-02 1.285609602928161621e-02
2.605905756354331970e-02 1.278598047792911530e-02
3.018118068575859070e-02 1.357918884605169296e-02
3.366701304912567139e-02 1.247684098780155182e-02
3.796361386775970459e-02 1.576291024684906006e-02
3.896096348762512207e-02 1.255925279110670090e-02
4.221928492188453674e-02 1.673796586692333221e-02
4.045238345861434937e-02 1.515878364443778992e-02
3.857585415244102478e-02 1.583407260477542877e-02
3.739519789814949036e-02 1.325302757322788239e-02
3.663355112075805664e-02 1.603302173316478729e-02
3.401952236890792847e-02 1.316888630390167236e-02
3.255005925893783569e-02 1.212375797331333160e-02
2.806355059146881104e-02 1.113443914800882339e-02
2.390052005648612976e-02 1.046117022633552551e-02
2.086634188890457153e-02 1.035101246088743210e-02
2.093603461980819702e-02 1.134431920945644379e-02
2.094501256942749023e-02 9.398713707923889160e-03
2.216484397649765015e-02 1.007146947085857391e-02
2.255279570817947388e-02 1.269013155251741409e-02
2.489392831921577454e-02 1.529272831976413727e-02
2.246835082769393921e-02 1.672049984335899353e-02
2.463801950216293335e-02 1.926289498805999756e-02
2.427066490054130554e-02 1.848918758332729340e-02
2.510885521769523621e-02 2.040476724505424500e-02
2.701816707849502563e-02 2.122979238629341125e-02
2.694264799356460571e-02 2.029983513057231903e-02
2.713530510663986206e-02 1.892617717385292053e-02
2.960382401943206787e-02 2.091739699244499207e-02
3.056400455534458160e-02 1.493506506085395813e-02
3.079330921173095703e-02 1.283880509436130524e-02
3.016264922916889191e-02 7.175127044320106506e-03
3.413519635796546936e-02 8.835903368890285492e-03
3.489881753921508789e-02 4.993770271539688110e-04
3.860010206699371338e-02 1.088218763470649719e-03
3.989436477422714233e-02 3.166107460856437683e-03
4.078428447246551514e-02 4.742667078971862793e-04
4.373031109571456909e-02 2.815432846546173096e-03
4.443044215440750122e-02 7.941257208585739136e-04
4.515270888805389404e-02 6.037601269781589508e-03
4.228802025318145752e-02 7.963337004184722900e-03
4.078836366534233093e-02 9.585995227098464966e-03
3.893761709332466125e-02 1.083002611994743347e-02
3.399865701794624329e-02 1.212841179221868515e-02
3.167349845170974731e-02 1.325109601020812988e-02
3.004742972552776337e-02 1.315380446612834930e-02
2.683854103088378906e-02 1.195999979972839355e-02
2.580671012401580811e-02 1.157223060727119446e-02
2.146489918231964111e-02 1.505442429333925247e-02
2.060664445161819458e-02 1.302787289023399353e-02
2.492741495370864868e-02 1.994322985410690308e-02
2.229861542582511902e-02 1.390654034912586212e-02
2.304770797491073608e-02 1.211023051291704178e-02
2.367461472749710083e-02 1.576511748135089874e-02
2.384186908602714539e-02 1.581263542175292969e-02
2.405375242233276367e-02 1.341362018138170242e-02
2.419419959187507629e-02 1.503307372331619263e-02
2.299631386995315552e-02 1.733296923339366913e-02
2.359198406338691711e-02 1.373454649001359940e-02
2.289863675832748413e-02 1.717919483780860901e-02
2.162676677107810974e-02 1.461880747228860855e-02
2.356430888175964355e-02 1.430176384747028351e-02
2.181667834520339966e-02 1.608884707093238831e-02
2.323823422193527222e-02 1.700144261121749878e-02
2.262785658240318298e-02 1.075105834752321243e-02
2.090508490800857544e-02 1.538689993321895599e-02
2.216811105608940125e-02 1.388416532427072525e-02
2.161117643117904663e-02 1.222135405987501144e-02
2.236754074692726135e-02 1.744362711906433105e-02
2.170860022306442261e-02 1.485031284391880035e-02
2.347864955663681030e-02 1.437890529632568359e-02
2.242024242877960205e-02 1.400671526789665222e-02
2.142748236656188965e-02 1.574160158634185791e-02
2.293841913342475891e-02 1.449797768145799637e-02
2.237426489591598511e-02 1.496803667396306992e-02
2.394854649901390076e-02 1.731694117188453674e-02
2.368623763322830200e-02 1.664422638714313507e-02
2.281384170055389404e-02 1.435891911387443542e-02
2.395782992243766785e-02 1.452219299972057343e-02
2.545743063092231750e-02 1.757070794701576233e-02
2.453505247831344604e-02 1.601999253034591675e-02
2.417422086000442505e-02 1.393845491111278534e-02
2.342253550887107849e-02 1.583471521735191345e-02
2.406574785709381104e-02 1.964863389730453491e-02
2.441398426890373230e-02 1.980666816234588623e-02
2.061975747346878052e-02 1.930908113718032837e-02
2.279974520206451416e-02 2.192506939172744751e-02
2.120324224233627319e-02 1.730728521943092346e-02
1.978631317615509033e-02 2.118743024766445160e-02
1.978769898414611816e-02 2.165712602436542511e-02
1.993973925709724426e-02 2.314350381493568420e-02
1.723733544349670410e-02 2.474592439830303192e-02
2.016271278262138367e-02 2.490461617708206177e-02
2.000153064727783203e-02 2.459846064448356628e-02
2.144547924399375916e-02 2.526409551501274109e-02
2.152591943740844727e-02 2.458832040429115295e-02
2.191243320703506470e-02 2.847203984856605530e-02
2.298451960086822510e-02 2.615376189351081848e-02
2.372559905052185059e-02 3.000828996300697327e-02
2.315376698970794678e-02 2.718368172645568848e-02
2.262219041585922241e-02 2.984128706157207489e-02
2.306190505623817444e-02 3.096929937601089478e-02
2.092166244983673096e-02 3.027099743485450745e-02
2.371096611022949219e-02 3.107932209968566895e-02
2.149684727191925049e-02 3.126053512096405029e-02
1.924550533294677734e-02 2.863303944468498230e-02
2.136542275547981262e-02 2.993708476424217224e-02
1.833011209964752197e-02 2.643196843564510345e-02
2.031461521983146667e-02 2.903304994106292725e-02
1.909822970628738403e-02 2.845202758908271790e-02
1.933471113443374634e-02 2.472268044948577881e-02
1.918955147266387939e-02 2.316057495772838593e-02
1.776371896266937256e-02 2.372118458151817322e-02
2.035643905401229858e-02 2.450028806924819946e-02
1.987303420901298523e-02 2.490272745490074158e-02
1.850251853466033936e-02 2.267768979072570801e-02
2.021007984876632690e-02 2.380001917481422424e-02
1.955107226967811584e-02 2.046542800962924957e-02
2.189457044005393982e-02 2.559499070048332214e-02
1.961322128772735596e-02 2.095485478639602661e-02
2.195235341787338257e-02 2.592859789729118347e-02
2.305386215448379517e-02 2.275864779949188232e-02
2.021708339452743530e-02 1.884213089942932129e-02
2.348816022276878357e-02 2.166359499096870422e-02
2.399301528930664062e-02 2.091487310826778412e-02
2.430462837219238281e-02 2.096539177000522614e-02
2.308578044176101685e-02 2.006134763360023499e-02
2.383833751082420349e-02 2.006792090833187103e-02
2.637429535388946533e-02 1.860920898616313934e-02
2.492251247167587280e-02 1.834324374794960022e-02
2.286669611930847168e-02 1.888637244701385498e-02
2.405664324760437012e-02 1.875330321490764618e-02
2.339021489024162292e-02 1.951470226049423218e-02
2.347673848271369934e-02 1.897590048611164093e-02
2.281023561954498291e-02 2.119209244847297668e-02
2.437954023480415344e-02 1.898879185318946838e-02
2.321651205420494080e-02 1.863299869000911713e-02
2.232025191187858582e-02 2.083498239517211914e-02
2.455815672874450684e-02 2.287657931447029114e-02
2.298844233155250549e-02 2.021655254065990448e-02
2.492372319102287292e-02 2.583337947726249695e-02
2.154462784528732300e-02 1.746643334627151489e-02
2.328283339738845825e-02 2.373730391263961792e-02
2.368859946727752686e-02 2.086655795574188232e-02
2.174289524555206299e-02 2.205746993422508240e-02
2.263408526778221130e-02 2.274065092206001282e-02
2.122539281845092773e-02 2.322656847536563873e-02
2.097374945878982544e-02 2.251250669360160828e-02
2.168308943510055542e-02 2.465942874550819397e-02
1.914998516440391541e-02 2.482522279024124146e-02
2.008783444762229919e-02 2.535089850425720215e-02
1.852568238973617554e-02 2.300642058253288269e-02
2.077911049127578735e-02 2.467577904462814331e-02
1.964833587408065796e-02 2.647979184985160828e-02
1.941505074501037598e-02 2.503220550715923309e-02
2.027714997529983521e-02 2.443769387900829315e-02
1.976407691836357117e-02 2.627313137054443359e-02
2.025876939296722412e-02 2.611631341278553009e-02
2.067943662405014038e-02 2.654528059065341949e-02
2.082044631242752075e-02 2.448229677975177765e-02
1.947617530822753906e-02 2.950396388769149780e-02
2.050126716494560242e-02 2.602031826972961426e-02
1.823274418711662292e-02 2.480832301080226898e-02
1.860915124416351318e-02 2.583353966474533081e-02
1.950527727603912354e-02 2.530103176832199097e-02
1.625598222017288208e-02 2.761408500373363495e-02
1.868990808725357056e-02 2.612148225307464600e-02
1.743311807513237000e-02 2.679531089961528778e-02
1.914890483021736145e-02 2.432957291603088379e-02
1.848467439413070679e-02 2.661061286926269531e-02
2.080067247152328491e-02 2.750121802091598511e-02
1.979369670152664185e-02 2.349103614687919617e-02
2.163133025169372559e-02 3.117011487483978271e-02
2.120872586965560913e-02 2.953017503023147583e-02
2.102043479681015015e-02 3.118587285280227661e-02
2.144205942749977112e-02 3.058728761970996857e-02
1.977112889289855957e-02 2.711960300803184509e-02
2.079943567514419556e-02 2.845531702041625977e-02
1.880623027682304382e-02 2.660620957612991333e-02
2.123142033815383911e-02 3.059568628668785095e-02
2.066829800605773926e-02 2.752810530364513397e-02
1.922199502587318420e-02 2.410629205405712128e-02
1.858638599514961243e-02 1.901801116764545441e-02
2.519175410270690918e-03 5.333276465535163879e-03
-3.978610038757324219e-05 -2.222880721092224121e-05
-1.942180097103118896e-03 -1.329666003584861755e-03
2.737842500209808350e-03 2.469642087817192078e-03
-5.965866148471832275e-04 -7.425490766763687134e-04
-7.779262959957122803e-04 -9.833406656980514526e-04
3.978908061981201172e-04 -2.219706773757934570e-03
-1.512680202722549438e-03 -6.571691483259201050e-04
2.638086676597595215e-03 2.407535910606384277e-03
-1.447625458240509033e-03 4.257094115018844604e-04
6.848312914371490479e-04 2.383962273597717285e-03
-9.781122207641601562e-05 -3.194976598024368286e-04
-1.124277710914611816e-03 2.117007970809936523e-04
2.159520983695983887e-03 1.424266025424003601e-03
-4.456266760826110840e-04 1.060949638485908508e-03
2.445355057716369629e-04 -1.087078824639320374e-03
3.592967987060546875e-04 2.303650602698326111e-03
-1.605637371540069580e-04 -4.682458937168121338e-03
-3.348924219608306885e-03 -3.731988370418548584e-03
2.349298447370529175e-03 5.047243088483810425e-03
-2.338662743568420410e-04 -2.911677584052085876e-03
3.082826733589172363e-04 -5.185026675462722778e-04
-3.140792250633239746e-04 -1.698598265647888184e-03
-2.838000655174255371e-04 1.923818141222000122e-03
5.278326570987701416e-04 8.336547762155532837e-04
1.394491642713546753e-03 2.839243039488792419e-03
8.594393730163574219e-04 2.248099073767662048e-03
-5.360394716262817383e-04 -4.694033414125442505e-04
1.936778426170349121e-04 -2.035649493336677551e-03
1.959279179573059082e-04 2.068957313895225525e-03
-7.199719548225402832e-04 -5.726931616663932800e-03
-7.763504981994628906e-05 4.268344491720199585e-04
4.189610481262207031e-04 6.113555282354354858e-04
3.671646118164062500e-05 2.031398937106132507e-03
8.285865187644958496e-04 3.453129902482032776e-03
-5.302205681800842285e-04 -1.027246937155723572e-03
7.940158247947692871e-04 3.745984286069869995e-04
-6.143152713775634766e-04 -1.333301886916160583e-03
-1.355133950710296631e-03 -2.900289371609687805e-03
-1.916605979204177856e-03 -4.265254363417625427e-03
2.282820641994476318e-03 2.223066985607147217e-03
-1.486688852310180664e-03 2.866629511117935181e-04
-5.104504525661468506e-04 -3.008693456649780273e-04
1.603487879037857056e-03 3.463501110672950745e-03
-2.685822546482086182e-04 3.433506935834884644e-04
4.324540495872497559e-04 4.149519838392734528e-03
-1.664787530899047852e-03 -1.898033544421195984e-03
1.022472977638244629e-03 -2.672867849469184875e-03
8.801519870758056641e-04 -3.740880638360977173e-04
8.212700486183166504e-04 1.191347837448120117e-03
3.142133355140686035e-04 3.052748739719390869e-03
-1.889161765575408936e-03 -3.963576629757881165e-03
1.017540693283081055e-03 5.686115473508834839e-04
8.478686213493347168e-04 5.503585562109947205e-03
-1.850236207246780396e-03 -3.605639562010765076e-03
-1.837301999330520630e-03 -7.352251559495925903e-04
-9.353756904602050781e-04 -2.183664590120315552e-03
9.707212448120117188e-04 1.443734392523765564e-03
5.578175187110900879e-04 5.522184073925018311e-05
3.266893327236175537e-04 9.947773069143295288e-04
-1.725234091281890869e-03 -2.136530354619026184e-03
1.542642712593078613e-04 -4.353746771812438965e-05
2.317160367965698242e-03 1.340989023447036743e-03
6.302557885646820068e-04 -1.244274899363517761e-03
3.467388451099395752e-04 -6.615687161684036255e-04
-8.263066411018371582e-04 2.795681357383728027e-04
9.949468076229095459e-04 1.586414873600006104e-04
-9.353831410408020020e-05 -8.416492491960525513e-04
-8.285492658615112305e-04 -2.466633915901184082e-03
7.294118404388427734e-04 9.297616779804229736e-04
7.624700665473937988e-04 4.143007099628448486e-03
5.242228507995605469e-05 2.747166901826858521e-03
-6.627067923545837402e-04 -1.484485343098640442e-03
1.946292817592620850e-03 2.560717985033988953e-03
7.773041725158691406e-04 1.327989622950553894e-03
-1.149296760559082031e-03 -3.145955502986907959e-03
6.490573287010192871e-04 1.042950898408889771e-04
2.237632870674133301e-04 1.669339835643768311e-03
6.872266530990600586e-04 -1.291075721383094788e-03
-1.851949840784072876e-03 -3.326253965497016907e-03
1.181811094284057617e-04 -9.701363742351531982e-04
2.284497022628784180e-04 1.268535852432250977e-03
-6.156936287879943848e-04 5.898419767618179321e-04
7.477104663848876953e-04 4.897173494100570679e-04
-1.784414052963256836e-05 2.587568014860153198e-04
6.741806864738464355e-04 -1.979658380150794983e-03
-2.137180417776107788e-03 -3.843156620860099792e-03
8.523464202880859375e-04 1.483162865042686462e-03
1.685313880443572998e-03 6.196871399879455566e-04
3.426745533943176270e-04 2.307953312993049622e-03
-1.303032040596008301e-04 2.522327005863189697e-03
2.751424908638000488e-03 5.153013393282890320e-03
-1.158192753791809082e-04 -1.858055591583251953e-03
7.577016949653625488e-04 6.272140890359878540e-04
2.990644425153732300e-03 1.012394204735755920e-03
1.337307691574096680e-02 1.630113273859024048e-02
1.510954275727272034e-02 1.910406723618507385e-02
4.855886101722717285e-03 5.816407501697540283e-03
1.584640890359878540e-02 1.827856153249740601e-02
1.609974354505538940e-02 1.885867491364479065e-02
1.872773841023445129e-02 2.244864776730537415e-02
1.489938050508499146e-02 1.707163825631141663e-02
1.650100946426391602e-02 2.232637256383895874e-02
1.559768617153167725e-02 2.025053277611732483e-02
1.340316236019134521e-02 1.873487234115600586e-02
1.405855268239974976e-02 2.549045532941818237e-02
1.379568502306938171e-02 1.198435947299003601e-02
4.286609590053558350e-03 4.246653988957405090e-03
1.094025373458862305e-02 1.206267066299915314e-02
1.486033201217651367e-02 1.648957282304763794e-02
1.612572371959686279e-02 1.738232746720314026e-02
1.880137249827384949e-02 2.015158906579017639e-02
1.907074451446533203e-02 1.776031032204627991e-02
2.153327688574790955e-02 2.060883864760398865e-02
2.091462165117263794e-02 1.992518454790115356e-02
2.449493855237960815e-02 2.207240834832191467e-02
2.457220107316970825e-02 2.140717208385467529e-02
2.452766895294189453e-02 2.321190759539604187e-02
2.581717818975448608e-02 2.283294871449470520e-02
2.408753335475921631e-02 1.987109705805778503e-02
2.495123818516731262e-02 2.126486413180828094e-02
2.552998811006546021e-02 2.378921583294868469e-02
2.054174616932868958e-02 1.665833592414855957e-02
2.073328942060470581e-02 2.132945135235786438e-02
1.950756832957267761e-02 2.598088607192039490e-02
1.653096079826354980e-02 1.708413660526275635e-02
1.529637724161148071e-02 2.388520911335945129e-02
1.463232189416885376e-02 2.270041033625602722e-02
1.291811466217041016e-02 2.356029674410820007e-02
1.159074530005455017e-02 2.264737337827682495e-02
1.159545779228210449e-02 2.329030632972717285e-02
1.033389568328857422e-02 2.581606060266494751e-02
1.401102915406227112e-02 2.494710311293601990e-02
1.458470523357391357e-02 2.315223217010498047e-02
1.611616462469100952e-02 2.374087832868099213e-02
1.581984385848045349e-02 2.319267392158508301e-02
1.689225807785987854e-02 2.391727082431316376e-02
1.633408665657043457e-02 2.558519504964351654e-02
1.633215323090553284e-02 2.032013610005378723e-02
1.629633456468582153e-02 1.959744468331336975e-02
1.819592714309692383e-02 2.519414201378822327e-02
1.684459298849105835e-02 2.252622880041599274e-02
1.592557877302169800e-02 2.106981351971626282e-02
1.501136273145675659e-02 2.547351829707622528e-02
1.500547677278518677e-02 2.219691686332225800e-02
1.501252129673957825e-02 2.551334537565708160e-02
1.355950161814689636e-02 1.901822909712791443e-02
1.547002047300338745e-02 2.481094375252723694e-02
1.559753715991973877e-02 2.389482781291007996e-02
1.783683523535728455e-02 2.444713562726974487e-02
1.728138327598571777e-02 2.286002971231937408e-02
1.809455454349517822e-02 2.274213358759880066e-02
1.817191764712333679e-02 1.739032939076423645e-02
1.971759647130966187e-02 2.372162416577339172e-02
2.137635648250579834e-02 2.431079745292663574e-02
2.227719128131866455e-02 1.947283558547496796e-02
2.148085087537765503e-02 2.179507724940776825e-02
2.105016261339187622e-02 2.116654813289642334e-02
1.926258578896522522e-02 1.805259101092815399e-02
2.058714255690574646e-02 2.165330946445465088e-02
2.164818346500396729e-02 1.844659075140953064e-02
2.060177922248840332e-02 2.047497034072875977e-02
1.950413733720779419e-02 1.790631748735904694e-02
1.992027461528778076e-02 1.831833273172378540e-02
1.889081671833992004e-02 1.765155047178268433e-02
2.011068165302276611e-02 1.866685599088668823e-02
1.877870410680770874e-02 1.970239914953708649e-02
1.740438491106033325e-02 1.902525871992111206e-02
1.827467232942581177e-02 1.790849491953849792e-02
1.895300298929214478e-02 1.687962934374809265e-02
1.744492352008819580e-02 2.071423828601837158e-02
1.813926175236701965e-02 1.994147151708602905e-02
1.683990284800529480e-02 1.843527331948280334e-02
1.642829924821853638e-02 1.656588539481163025e-02
1.615999266505241394e-02 2.037959732115268707e-02
1.706910505890846252e-02 2.335451915860176086e-02
1.499009877443313599e-02 1.921199820935726166e-02
1.799166575074195862e-02 2.185280062258243561e-02
1.611727103590965271e-02 1.934075541794300079e-02
1.686418429017066956e-02 2.071605436503887177e-02
1.707676053047180176e-02 2.393763512372970581e-02
1.705142483115196228e-02 2.266733162105083466e-02
1.863524690270423889e-02 2.597435191273689270e-02
1.646661013364791870e-02 2.326825819909572601e-02
1.680944859981536865e-02 2.101160213351249695e-02
1.754308864474296570e-02 2.264893986284732819e-02
1.922005042433738708e-02 2.438917383551597595e-02
1.972126215696334839e-02 2.024853229522705078e-02
1.967534050345420837e-02 2.140067704021930695e-02
2.048964053392410278e-02 2.164734154939651489e-02
1.755031943321228027e-02 1.517394464462995529e-02
1.675919070839881897e-02 2.099312841892242432e-02
1.978737115859985352e-02 1.818903908133506775e-02
1.850713416934013367e-02 1.784989610314369202e-02
1.806353777647018433e-02 1.905979029834270477e-02
1.790517196059226990e-02 2.025367692112922668e-02
1.748760789632797241e-02 1.966347917914390564e-02
1.503655314445495605e-02 1.891800388693809509e-02
1.483155041933059692e-02 2.087301760911941528e-02
1.573930680751800537e-02 1.792297884821891785e-02
1.489636301994323730e-02 1.966213434934616089e-02
1.632903143763542175e-02 2.045546099543571472e-02
1.885425299406051636e-02 2.010108157992362976e-02
1.609511300921440125e-02 1.931243762373924255e-02
1.715592294931411743e-02 1.840159483253955841e-02
1.975745707750320435e-02 2.047102339565753937e-02
2.033461257815361023e-02 2.239772304892539978e-02
1.927490532398223877e-02 1.902978681027889252e-02
2.199504151940345764e-02 2.143900841474533081e-02
2.104463428258895874e-02 2.042192965745925903e-02
2.131162956357002258e-02 1.970262266695499420e-02
1.987888291478157043e-02 2.135049924254417419e-02
2.113841846585273743e-02 2.246182411909103394e-02
2.110194414854049683e-02 1.973001286387443542e-02
2.155209332704544067e-02 2.080650441348552704e-02
2.158267050981521606e-02 2.324546128511428833e-02
2.181704714894294739e-02 2.127062156796455383e-02
2.079028263688087463e-02 1.998079568147659302e-02
2.240237593650817871e-02 1.877042651176452637e-02
2.205429226160049438e-02 2.216893061995506287e-02
2.232553809881210327e-02 2.001642435789108276e-02
2.206765115261077881e-02 2.141972258687019348e-02
2.442135289311408997e-02 2.233806252479553223e-02
2.363050356507301331e-02 2.028963342308998108e-02
2.334106713533401489e-02 2.008382417261600494e-02
2.338493615388870239e-02 2.149836346507072449e-02
2.462965995073318481e-02 2.415823563933372498e-02
2.446691691875457764e-02 2.159712463617324829e-02
2.483539283275604248e-02 2.237490564584732056e-02
2.431649342179298401e-02 1.865362934768199921e-02
2.310639619827270508e-02 2.140583842992782593e-02
2.382495999336242676e-02 2.039827033877372742e-02
2.394945174455642700e-02 1.927736587822437286e-02
2.404472976922988892e-02 2.075260505080223083e-02
2.541059255599975586e-02 2.066792733967304230e-02
2.523982524871826172e-02 2.264598198235034943e-02
2.373823150992393494e-02 2.125737071037292480e-02
2.384851872920989990e-02 2.108334191143512726e-02
2.386353164911270142e-02 1.973737031221389771e-02
2.488414198160171509e-02 2.257957309484481812e-02
2.329457551240921021e-02 2.278047055006027222e-02
2.288805693387985229e-02 1.803720928728580475e-02
2.224693447351455688e-02 2.062751352787017822e-02
2.434715256094932556e-02 2.560923993587493896e-02
2.204240486025810242e-02 1.961934939026832581e-02
2.262530103325843811e-02 2.308773249387741089e-02
2.131435275077819824e-02 2.059166692197322845e-02
2.199991419911384583e-02 2.287924289703369141e-02
2.188800647854804993e-02 2.175711840391159058e-02
2.175549417734146118e-02 2.448191307485103607e-02
2.201230078935623169e-02 2.253583446145057678e-02
2.305924147367477417e-02 2.403195947408676147e-02
2.251337468624114990e-02 2.233005687594413757e-02
2.262187749147415161e-02 2.301597967743873596e-02
2.298868820071220398e-02 2.329007908701896667e-02
2.346061170101165771e-02 2.279205247759819031e-02
2.397699654102325439e-02 2.288275025784969330e-02
2.356057614088058472e-02 2.045064046978950500e-02
2.470957860350608826e-02 2.311049588024616241e-02
2.395230904221534729e-02 1.962722837924957275e-02
2.424928545951843262e-02 2.144221030175685883e-02
2.506735175848007202e-02 2.296822145581245422e-02
2.448356524109840393e-02 2.075538039207458496e-02
2.442058175802230835e-02 2.159535326063632965e-02
2.389432489871978760e-02 2.081470750272274017e-02
2.326095849275588989e-02 2.152639441192150116e-02
2.342878282070159912e-02 2.309362217783927917e-02
2.198761329054832458e-02 2.205050922930240631e-02
2.222428843379020691e-02 2.217173203825950623e-02
2.283207327127456665e-02 2.359647303819656372e-02
2.236160635948181152e-02 2.205410785973072052e-02
2.122998982667922974e-02 2.333971858024597168e-02
2.269102260470390320e-02 2.304214239120483398e-02
2.147751301527023315e-02 2.294505760073661804e-02
2.279216051101684570e-02 2.370248548686504364e-02
2.352937310934066772e-02 2.491200715303421021e-02
2.212612330913543701e-02 2.127255313098430634e-02
2.311495319008827209e-02 2.337065711617469788e-02
2.357806637883186340e-02 2.373177930712699890e-02
2.420717477798461914e-02 2.333691529929637909e-02
2.274136990308761597e-02 2.399387210607528687e-02
2.488480880856513977e-02 1.923330128192901611e-02
1.725789159536361694e-02 1.662256754934787750e-02
6.684660911560058594e-03 7.222132757306098938e-03
1.693373918533325195e-02 1.639613509178161621e-02
2.161063253879547119e-03 5.402423441410064697e-03
-3.485232591629028320e-04 1.218926161527633667e-03
7.360056042671203613e-04 -3.231110051274299622e-03
5.436837673187255859e-04 1.575415953993797302e-03
9.573996067047119141e-05 1.752393320202827454e-03
-1.024559140205383301e-03 -4.829166457056999207e-03
2.047654241323471069e-03 2.322660759091377258e-03
3.464519977569580078e-05 -2.031587064266204834e-05
1.656211912631988525e-03 3.207663074135780334e-03
-2.070114016532897949e-03 -3.499552607536315918e-03
-4.784837365150451660e-04 1.109443604946136475e-03
-3.577768802642822266e-04 3.648791462182998657e-04
8.529797196388244629e-05 -4.886779934167861938e-04
-4.534088075160980225e-04 -6.379876285791397095e-04
2.980966120958328247e-03 6.249006837606430054e-04
-1.405894756317138672e-03 -7.160753011703491211e-04
3.134459257125854492e-04 -1.889593899250030518e-03
-5.297884345054626465e-04 1.260517165064811707e-03
-9.942203760147094727e-04 -6.486400961875915527e-04
-2.626359462738037109e-03 -2.024555578827857971e-03
6.443075835704803467e-04 1.301383599638938904e-03
4.289187490940093994e-04 -2.923881635069847107e-03
1.894433051347732544e-03 2.958081662654876709e-03
-1.888327300548553467e-03 1.385362818837165833e-03
1.544669270515441895e-03 -1.526908949017524719e-03
-2.431385219097137451e-04 1.483727246522903442e-03
-3.086067736148834229e-04 -5.775038152933120728e-04
2.109222114086151123e-04 2.046022564172744751e-04
1.063250005245208740e-03 1.591222360730171204e-03
-1.259800046682357788e-03 1.386599615216255188e-03
7.800832390785217285e-04 7.671918720006942749e-04
1.227263361215591431e-03 -1.333998516201972961e-03
2.623766660690307617e-03 2.019060775637626648e-03
-8.362829685211181641e-04 -3.053601831197738647e-04
-1.710198819637298584e-03 -2.305626869201660156e-03
-4.004314541816711426e-04 1.191619783639907837e-03
5.797110497951507568e-04 -1.210322603583335876e-03
-1.846402883529663086e-04 3.114547580480575562e-04
-5.414374172687530518e-04 -8.033383637666702271e-04
-5.054473876953125000e-05 -4.046428948640823364e-04
-1.046150922775268555e-03 -2.127988263964653015e-03
-8.917562663555145264e-04 -3.830699250102043152e-03
3.084763884544372559e-04 -1.616086810827255249e-04
2.902150154113769531e-04 2.473408356308937073e-03
-5.364939570426940918e-04 2.519737929105758667e-03
6.274245679378509521e-04 1.284793019294738770e-03
1.046270132064819336e-03 4.067923873662948608e-04
3.967508673667907715e-04 2.976575866341590881e-03
-1.359455287456512451e-03 -6.485451012849807739e-04
1.236714422702789307e-03 3.126207739114761353e-04
-2.035729587078094482e-03 -3.845358267426490784e-03
-1.021578907966613770e-03 -2.849621698260307312e-03
2.723708748817443848e-04 4.067767411470413208e-03
-8.828453719615936279e-04 3.428738564252853394e-04
-1.956939697265625000e-03 -3.881137818098068237e-04
-5.730055272579193115e-04 1.935986801981925964e-03
3.738924860954284668e-04 2.775328233838081360e-03
1.854501664638519287e-03 6.940942257642745972e-04
1.540809869766235352e-03 -1.181840896606445312e-03
4.527941346168518066e-04 1.340828835964202881e-03
1.261167228221893311e-03 -3.278423100709915161e-04
-1.597516238689422607e-04 3.193948417901992798e-03
1.315582543611526489e-03 -3.537777811288833618e-04
-2.489246428012847900e-03 -5.443716421723365784e-03
1.467086374759674072e-03 -4.999507218599319458e-04
-1.901723444461822510e-04 -4.065105691552162170e-03
-1.156844198703765869e-03 -1.910598948597908020e-03
6.496645510196685791e-04 3.262944519519805908e-04
1.149028539657592773e-03 3.910088911652565002e-03
-2.390146255493164062e-05 -1.997370272874832153e-04
7.808580994606018066e-05 -1.798000186681747437e-03
7.867068052291870117e-05 -7.444899529218673706e-04
-1.464091241359710693e-03 -1.880135387182235718e-03
-2.095364034175872803e-04 2.883093431591987610e-03
4.760473966598510742e-04 5.229320377111434937e-04
8.067786693572998047e-04 4.765283316373825073e-03
-7.519870996475219727e-05 5.340259522199630737e-04
1.560479402542114258e-03 1.438040286302566528e-03
1.401752233505249023e-04 -1.561122015118598938e-03
-1.246280968189239502e-03 -8.936021476984024048e-04
-1.379642635583877563e-03 -1.454697921872138977e-03
-1.585029065608978271e-03 -4.488779231905937195e-03
8.839517831802368164e-04 4.030900076031684875e-03
-5.728267133235931396e-04 -9.149368852376937866e-04
-1.024678349494934082e-04 1.719128340482711792e-04
1.657187938690185547e-03 2.031028270721435547e-03
-1.350462436676025391e-03 -4.666803404688835144e-03
-2.528429031372070312e-04 -1.516385003924369812e-03
-3.414265811443328857e-04 -3.873500972986221313e-04
6.274282932281494141e-04 2.294046804308891296e-03
7.352009415626525879e-04 1.209359616041183472e-04
-1.968294382095336914e-04 -2.479445189237594604e-03
1.428119838237762451e-03 6.911735981702804565e-04
-1.421231776475906372e-03 3.098238259553909302e-03
8.894503116607666016e-05 1.341400668025016785e-03
5.713179707527160645e-04 -6.092991679906845093e-04
-3.594942390918731689e-04 -1.201504841446876526e-03
7.564201951026916504e-05 6.588008254766464233e-04
-1.478739082813262939e-03 -3.565127030014991760e-03
-1.048609614372253418e-03 4.013441503047943115e-04
4.865862429141998291e-04 6.604474037885665894e-04
2.394683659076690674e-03 1.392064616084098816e-03
7.372573018074035645e-04 3.905892372131347656e-03
6.318017840385437012e-04 6.604287773370742798e-04
2.913139760494232178e-04 7.874574512243270874e-04
2.001505345106124878e-03 1.279665157198905945e-03
4.104152321815490723e-04 1.880444586277008057e-03
-2.392254769802093506e-03 -7.667709141969680786e-04
-1.195512712001800537e-03 8.476097136735916138e-04
1.878123730421066284e-03 -1.155417412519454956e-04
-1.718029379844665527e-04 2.052677795290946960e-03
-5.621463060379028320e-04 -2.066126093268394470e-03
1.323521137237548828e-04 -1.494694501161575317e-03
2.277020364999771118e-03 1.509245485067367554e-03
6.778426468372344971e-04 1.966413110494613647e-04
-2.485662698745727539e-04 1.019854098558425903e-04
-5.534105002880096436e-04 6.998609751462936401e-04
-1.035861670970916748e-03 -3.644509240984916687e-03
1.672171056270599365e-04 2.210745587944984436e-03
1.462288200855255127e-03 1.845894381403923035e-03
-1.286789774894714355e-04 -1.595495268702507019e-03
-5.483627319335937500e-04 1.899939030408859253e-03
1.054715365171432495e-03 2.134816721081733704e-03
-6.564334034919738770e-04 -2.418505027890205383e-03
-1.845173537731170654e-04 -1.905068755149841309e-03
5.463063716888427734e-04 3.051485866308212280e-03
1.214627176523208618e-03 1.635715365409851074e-03
7.502734661102294922e-04 -4.878137260675430298e-04
-1.790933310985565186e-03 -1.325419172644615173e-03
-1.014985144138336182e-03 -8.100271224975585938e-04
1.668833196163177490e-03 2.348626032471656799e-03
1.500546932220458984e-05 2.432260662317276001e-03
5.295649170875549316e-04 -5.536153912544250488e-04
9.372867643833160400e-04 -1.117933541536331177e-03
4.995763301849365234e-04 -4.759393632411956787e-04
-1.427993178367614746e-03 -1.833796501159667969e-03
7.535293698310852051e-04 2.293476834893226624e-03
-1.131836324930191040e-03 -2.400716766715049744e-03
1.928023993968963623e-04 -1.828299835324287415e-03
-7.690414786338806152e-04 1.041702926158905029e-03
9.123012423515319824e-04 3.640670329332351685e-04
3.509737551212310791e-03 3.375606611371040344e-03
1.575206965208053589e-02 8.904030546545982361e-03
7.102251052856445312e-03 -2.215653657913208008e-04
1.976815611124038696e-02 1.516950875520706177e-02
2.184778079390525818e-02 1.503226533532142639e-02
2.428991347551345825e-02 1.426152698695659637e-02
2.547789737582206726e-02 2.370092272758483887e-02
2.101305499672889709e-02 1.714538037776947021e-02
2.046599239110946655e-02 2.064147219061851501e-02
1.743571460247039795e-02 2.223432436585426331e-02
1.918252557516098022e-02 2.331513538956642151e-02
1.637414842844009399e-02 2.020265907049179077e-02
1.443471014499664307e-02 1.818600483238697052e-02
1.613979041576385498e-02 2.259726077318191528e-02
1.882063597440719604e-02 2.188640087842941284e-02
1.619916409254074097e-02 1.997366175055503845e-02
1.801374927163124084e-02 2.061652392148971558e-02
1.706757768988609314e-02 2.421404793858528137e-02
1.612685248255729675e-02 2.032480016350746155e-02
1.694788411259651184e-02 2.229499071836471558e-02
1.708331331610679626e-02 2.434297092258930206e-02
1.623820513486862183e-02 1.715976931154727936e-02
1.676006615161895752e-02 2.031431719660758972e-02
1.767826080322265625e-02 1.862909272313117981e-02
1.898502558469772339e-02 2.499150298535823822e-02
1.576464995741844177e-02 1.846122555434703827e-02
1.930679380893707275e-02 2.379938960075378418e-02
1.772137358784675598e-02 1.786850392818450928e-02
2.034561336040496826e-02 1.806653290987014771e-02
2.117576822638511658e-02 1.663233898580074310e-02
2.393915876746177673e-02 2.016790397465229034e-02
2.700175344944000244e-02 1.956307142972946167e-02
2.829718962311744690e-02 2.336939796805381775e-02
2.996616624295711517e-02 2.334138751029968262e-02
3.313812240958213806e-02 2.385527454316616058e-02
3.359802812337875366e-02 2.444739639759063721e-02
3.702817484736442566e-02 2.265549078583717346e-02
3.806830197572708130e-02 2.226363867521286011e-02
4.072236269712448120e-02 2.405159920454025269e-02
4.034202545881271362e-02 2.436417713761329651e-02
4.055149480700492859e-02 2.332099527120590210e-02
3.876599669456481934e-02 2.074466831982135773e-02
3.702152520418167114e-02 2.506015449762344360e-02
3.546662628650665283e-02 1.959987357258796692e-02
3.291279450058937073e-02 1.712810248136520386e-02
3.146357089281082153e-02 1.745730638504028320e-02
3.334213420748710632e-02 2.107645198702812195e-02
2.805455029010772705e-02 1.783283054828643799e-02
2.665775641798973083e-02 1.675507798790931702e-02
2.613104507327079773e-02 1.829076185822486877e-02
2.267240360379219055e-02 1.512175239622592926e-02
2.287713065743446350e-02 1.899742707610130310e-02
2.026224508881568909e-02 1.388554181903600693e-02
2.053059637546539307e-02 1.616952940821647644e-02
1.968858391046524048e-02 1.300067361444234848e-02
1.547839492559432983e-02 1.251779962331056595e-02
1.661184430122375488e-02 1.498747710138559341e-02
1.552690938115119934e-02 1.242130994796752930e-02
1.477196812629699707e-02 1.596475206315517426e-02
1.507119834423065186e-02 1.568613573908805847e-02
1.441388204693794250e-02 1.279850210994482040e-02
1.391334086656570435e-02 1.500978972762823105e-02
1.441432535648345947e-02 1.828472316265106201e-02
1.368491724133491516e-02 1.317222509533166885e-02
1.497121527791023254e-02 1.556069217622280121e-02
1.519727334380149841e-02 1.345287449657917023e-02
1.613792032003402710e-02 1.676576584577560425e-02
1.542001217603683472e-02 1.838940754532814026e-02
1.482046023011207581e-02 1.571285538375377655e-02
1.727575808763504028e-02 1.858663558959960938e-02
1.515164226293563843e-02 1.736520789563655853e-02
1.780740171670913696e-02 2.029847726225852966e-02
1.660177111625671387e-02 2.075320668518543243e-02
1.808129996061325073e-02 1.896993443369865417e-02
1.768694072961807251e-02 2.300375513732433319e-02
1.854912191629409790e-02 2.184115536510944366e-02
1.899333298206329346e-02 2.111331559717655182e-02
1.874423772096633911e-02 2.135950699448585510e-02
1.839890331029891968e-02 2.166884019970893860e-02
2.054898068308830261e-02 2.271658182144165039e-02
2.165205031633377075e-02 1.917875558137893677e-02
2.109654247760772705e-02 2.264044806361198425e-02
2.168268337845802307e-02 2.118840068578720093e-02
2.133765444159507751e-02 2.094468846917152405e-02
2.142051607370376587e-02 2.127985469996929169e-02
1.970467716455459595e-02 1.600204035639762878e-02
2.258500456809997559e-02 2.420211955904960632e-02
2.050796896219253540e-02 2.068522386252880096e-02
2.152026444673538208e-02 2.213871851563453674e-02
1.850864291191101074e-02 1.772205159068107605e-02
1.858566328883171082e-02 1.790096238255500793e-02
2.185902372002601624e-02 2.609972283244132996e-02
1.953063532710075378e-02 2.287037298083305359e-02
2.031759172677993774e-02 2.499289065599441528e-02
1.991453021764755249e-02 2.514752559363842010e-02
2.237056568264961243e-02 2.852403745055198669e-02
2.271269261837005615e-02 2.975387312471866608e-02
2.374476939439773560e-02 2.940450236201286316e-02
2.462086081504821777e-02 2.976842597126960754e-02
2.734924107789993286e-02 3.333017230033874512e-02
2.831520140171051025e-02 3.056389838457107544e-02
2.919949218630790710e-02 2.985183894634246826e-02
2.867100387811660767e-02 3.188147768378257751e-02
2.860217541456222534e-02 3.157028183341026306e-02
2.773065865039825439e-02 2.783256582915782928e-02
2.980763465166091919e-02 3.000952862203121185e-02
2.843566611409187317e-02 3.052896633744239807e-02
2.895705774426460266e-02 2.944254688918590546e-02
2.636969089508056641e-02 2.781584486365318298e-02
2.776326984167098999e-02 2.901916950941085815e-02
2.789808809757232666e-02 2.925597503781318665e-02
2.784073725342750549e-02 3.050800412893295288e-02
2.665387839078903198e-02 2.863748185336589813e-02
2.551886811852455139e-02 2.602133527398109436e-02
2.660765498876571655e-02 2.947199903428554535e-02
2.835961803793907166e-02 2.562588267028331757e-02
2.798456698656082153e-02 2.862431667745113373e-02
2.695501595735549927e-02 2.390356175601482391e-02
2.694627642631530762e-02 2.556563541293144226e-02
2.604140341281890869e-02 2.614388428628444672e-02
2.737963944673538208e-02 2.593699470162391663e-02
2.736560627818107605e-02 2.310113608837127686e-02
2.642730623483657837e-02 2.376575581729412079e-02
2.568252384662628174e-02 2.400186285376548767e-02
2.429468929767608643e-02 1.942596770823001862e-02
2.815315872430801392e-02 2.129613608121871948e-02
2.618933469057083130e-02 2.230218239128589630e-02
2.799635380506515503e-02 2.040300704538822174e-02
2.717160061001777649e-02 1.738823577761650085e-02
2.785451337695121765e-02 1.939140819013118744e-02
2.813293784856796265e-02 2.227324061095714569e-02
2.603409811854362488e-02 1.630997657775878906e-02
2.919865027070045471e-02 2.164703235030174255e-02
2.868850529193878174e-02 1.896199956536293030e-02
2.787807211279869080e-02 2.105379477143287659e-02
2.736785635352134705e-02 2.044404856860637665e-02
3.002257458865642548e-02 2.360693179070949554e-02
2.693037688732147217e-02 1.936238631606101990e-02
2.576818317174911499e-02 2.101412415504455566e-02
2.581963688135147095e-02 2.130185812711715698e-02
2.770918607711791992e-02 2.210660092532634735e-02
2.612802013754844666e-02 2.302252501249313354e-02
2.524568885564804077e-02 2.118824049830436707e-02
2.531798556447029114e-02 2.156556025147438049e-02
2.434928715229034424e-02 2.249894663691520691e-02
2.528731152415275574e-02 2.263990044593811035e-02
2.430706098675727844e-02 2.169797383248806000e-02
2.529174834489822388e-02 2.567830681800842285e-02
2.574919164180755615e-02 2.229888550937175751e-02
2.322353050112724304e-02 2.536217123270034790e-02
2.475338801741600037e-02 2.466036379337310791e-02
2.277392894029617310e-02 2.279157377779483795e-02
2.405411377549171448e-02 2.633776515722274780e-02
2.498045563697814941e-02 2.929992042481899261e-02
2.312071248888969421e-02 2.127267792820930481e-02
2.410784363746643066e-02 3.078086487948894501e-02
2.464282512664794922e-02 2.717200852930545807e-02
2.135755866765975952e-02 2.294769696891307831e-02
2.410288155078887939e-02 2.949158474802970886e-02
2.277737110853195190e-02 2.867589332163333893e-02
2.484124526381492615e-02 3.203391656279563904e-02
2.343695610761642456e-02 2.792509458959102631e-02
2.310173213481903076e-02 3.076111152768135071e-02
2.527368813753128052e-02 3.040523640811443329e-02
2.367505803704261780e-02 3.129949420690536499e-02
2.231488749384880066e-02 2.882475405931472778e-02
2.292397245764732361e-02 3.066712431609630585e-02
2.424336224794387817e-02 2.817225269973278046e-02
2.254317700862884521e-02 2.738739177584648132e-02
2.299349009990692139e-02 2.807642333209514618e-02
2.525785937905311584e-02 2.655196189880371094e-02
2.416307479143142700e-02 2.703063376247882843e-02
2.462269738316535950e-02 2.409495413303375244e-02
2.362187206745147705e-02 2.331405878067016602e-02
3.583434969186782837e-03 2.508461475372314453e-03
-1.379098743200302124e-03 -2.151926979422569275e-03
-8.805096149444580078e-04 -1.788783818483352661e-03
2.356246113777160645e-03 3.904446028172969818e-03
-5.496032536029815674e-04 2.168267965316772461e-03
9.186565876007080078e-04 -1.621177420020103455e-03
-3.454089164733886719e-05 -6.768926978111267090e-04
-1.038834452629089355e-03 -4.278086125850677490e-04
-7.358193397521972656e-05 2.706758677959442139e-04
9.624063968658447266e-04 2.081440761685371399e-03
-9.398907423019409180e-04 -2.223430201411247253e-03
-1.268588006496429443e-03 -2.200702205300331116e-03
2.676397562026977539e-04 -6.345268338918685913e-04
-2.752877771854400635e-04 5.370918661355972290e-04
-1.991018652915954590e-04 1.614974811673164368e-03
-5.048885941505432129e-05 -5.473010241985321045e-05
1.021206378936767578e-03 1.595515757799148560e-03
-1.241937279701232910e-04 9.427927434444427490e-04
1.795120537281036377e-03 -1.173671334981918335e-03
-8.525401353836059570e-04 -9.989533573389053345e-04
-6.349980831146240234e-04 -5.675796419382095337e-04
-2.630725502967834473e-04 6.559863686561584473e-04
-1.207903027534484863e-03 -9.717829525470733643e-04
-7.803291082382202148e-04 -2.188459038734436035e-03
2.373058348894119263e-03 3.735745325684547424e-03
1.820661127567291260e-03 2.292290329933166504e-03
6.022080779075622559e-04 1.711739227175712585e-03
-1.396164298057556152e-03 -7.968861609697341919e-04
-1.246362924575805664e-03 -2.838291227817535400e-03
1.167282462120056152e-04 -5.008522421121597290e-04
5.555078387260437012e-04 1.086750999093055725e-03
1.474536955356597900e-03 2.973916009068489075e-03
-5.566477775573730469e-04 -3.694498911499977112e-03
-2.716183662414550781e-04 -2.803882583975791931e-03
1.281175762414932251e-03 3.799904137849807739e-03
5.381926894187927246e-04 2.914950251579284668e-03
-2.869591116905212402e-04 -9.153746068477630615e-04
-1.423135399818420410e-04 -1.744199544191360474e-04
-1.630123704671859741e-03 -2.825638279318809509e-03
3.095716238021850586e-05 -8.307490497827529907e-04
1.147836446762084961e-03 3.113977611064910889e-03
-4.516579210758209229e-04 7.969085127115249634e-04
3.423765301704406738e-04 5.872715264558792114e-04
-1.183554530143737793e-03 -9.415224194526672363e-04
6.020739674568176270e-04 -1.650368794798851013e-03
2.290960401296615601e-03 3.224922344088554382e-03
-1.986175775527954102e-04 -2.353999763727188110e-03
-8.381754159927368164e-04 6.348583847284317017e-04
-1.432020217180252075e-03 5.446933209896087646e-05
5.984343588352203369e-04 7.380153983831405640e-04
-9.313151240348815918e-04 -5.206594243645668030e-03
6.641857326030731201e-04 3.258815035223960876e-03
3.430321812629699707e-04 1.352997496724128723e-03
1.439452171325683594e-03 3.307722508907318115e-04
-3.937974572181701660e-03 -3.975709900259971619e-03
2.787232398986816406e-03 1.729020848870277405e-03
-2.093978226184844971e-03 -2.971364185214042664e-03
1.670874655246734619e-03 3.753356635570526123e-03
-9.568221867084503174e-04 -1.859609037637710571e-04
1.015756279230117798e-03 1.569097861647605896e-03
-2.509728074073791504e-05 3.619492053985595703e-04
8.790194988250732422e-05 -1.061158254742622375e-03
7.140412926673889160e-04 -1.223200932145118713e-03
-5.751401185989379883e-04 7.138978689908981323e-04
-1.675896346569061279e-04 4.856642335653305054e-04
8.777976036071777344e-04 2.684555947780609131e-04
4.023835062980651855e-04 1.438019797205924988e-03
-4.485398530960083008e-04 -2.252573147416114807e-03
-9.145885705947875977e-04 -6.940122693777084351e-04
4.626512527465820312e-04 2.247167751193046570e-03
6.239041686058044434e-04 -1.873038709163665771e-03
-5.215033888816833496e-05 1.024920493364334106e-04
-8.134804666042327881e-04 -6.460584700107574463e-05
4.628673195838928223e-05 2.746842801570892334e-05
4.551485180854797363e-04 2.366136759519577026e-03
1.250214874744415283e-03 1.128619536757469177e-03
3.524534404277801514e-04 -1.356136053800582886e-04
7.665343582630157471e-04 3.582993522286415100e-03
1.974053680896759033e-02 5.162896960973739624e-02
2.174481749534606934e-03 5.397391505539417267e-03
3.215558826923370361e-04 6.095189601182937622e-04
1.504458487033843994e-03 1.085849478840827942e-03
-9.990818798542022705e-04 -6.459411233663558960e-04
2.263374626636505127e-04 3.679636865854263306e-04
1.140214502811431885e-03 9.676776826381683350e-04
-3.322139382362365723e-04 -3.624428063631057739e-04
8.021444082260131836e-04 3.405252471566200256e-03
3.728240728378295898e-02 9.556141495704650879e-02
4.113520681858062744e-02 1.041945666074752808e-01
4.230332002043724060e-02 1.062382087111473083e-01
9.577423334121704102e-04 2.660254016518592834e-03
-7.105246186256408691e-05 2.244953066110610962e-04
1.486986875534057617e-04 1.088816672563552856e-03
4.031620919704437256e-04 1.671656966209411621e-03
9.682476520538330078e-04 7.700920104980468750e-04
1.738071441650390625e-04 1.486634835600852966e-03
9.394884109497070312e-04 2.180438488721847534e-03
-4.070140421390533447e-04 -1.292634755373001099e-03
6.026029586791992188e-05 5.333963781595230103e-04
5.621574819087982178e-04 -1.186914741992950439e-03
-4.959851503372192383e-05 1.352788880467414856e-03
1.004721969366073608e-03 2.906169742345809937e-03
1.954302191734313965e-03 3.031546249985694885e-03
-2.924874424934387207e-04 -2.450546249747276306e-03
-6.980895996093750000e-04 3.980863839387893677e-04
-2.025514841079711914e-04 4.617013037204742432e-04
-9.774714708328247070e-04 -2.013623714447021484e-03
1.763667911291122437e-03 2.762494608759880066e-03
6.428062915802001953e-04 4.012161865830421448e-03
2.362186461687088013e-02 1.765804886817932129e-01
2.333764731884002686e-02 1.775918751955032349e-01
2.228863909840583801e-02 1.770405173301696777e-01
2.374935150146484375e-02 1.736236214637756348e-01
2.488116919994354248e-02 1.689371466636657715e-01
2.870745584368705750e-02 1.649458259344100952e-01
2.947510965168476105e-02 1.647380143404006958e-01
2.924702130258083344e-02 1.573047935962677002e-01
2.921555377542972565e-02 1.542421132326126099e-01
2.969499491155147552e-02 1.545439958572387695e-01
3.177015483379364014e-02 1.539217978715896606e-01
2.930453978478908539e-02 1.482761949300765991e-01
3.278594836592674255e-02 1.523624360561370850e-01
3.348205611109733582e-02 1.591744720935821533e-01
3.444261848926544189e-02 1.648410558700561523e-01
3.211911022663116455e-02 1.669908165931701660e-01
3.274169564247131348e-02 1.687407046556472778e-01
3.117329813539981842e-02 1.698537766933441162e-01
3.082279860973358154e-02 1.693581491708755493e-01
2.959044650197029114e-02 1.659895330667495728e-01
2.974570170044898987e-02 1.627625077962875366e-01
3.072989359498023987e-02 1.586456894874572754e-01
2.766778320074081421e-02 1.538916975259780884e-01
2.990754321217536926e-02 1.536841839551925659e-01
3.008524142205715179e-02 1.514380723237991333e-01
3.077818453311920166e-02 1.447180062532424927e-01
3.010929748415946960e-02 1.376171857118606567e-01
3.133936226367950439e-02 1.388893574476242065e-01
3.240802884101867676e-02 1.359810382127761841e-01
3.327962756156921387e-02 1.332374066114425659e-01
3.493301197886466980e-02 1.294206976890563965e-01
3.268038481473922729e-02 1.232576072216033936e-01
3.270027041435241699e-02 1.187056526541709900e-01
3.141061589121818542e-02 1.162129640579223633e-01
3.036805614829063416e-02 1.084027886390686035e-01
3.007381968200206757e-02 1.053983867168426514e-01
2.825488150119781494e-02 9.874923527240753174e-02
2.702056616544723511e-02 9.272450208663940430e-02
2.645915001630783081e-02 8.458095788955688477e-02
2.368391305208206177e-02 7.719399034976959229e-02
2.333446592092514038e-02 7.286071032285690308e-02
2.239557355642318726e-02 6.754371523857116699e-02
2.276398986577987671e-02 6.281315535306930542e-02
2.175594121217727661e-02 5.613005906343460083e-02
2.237607911229133606e-02 5.500476807355880737e-02
2.238390222191810608e-02 4.910976439714431763e-02
2.203486859798431396e-02 4.711078852415084839e-02
2.103930711746215820e-02 3.862120211124420166e-02
2.143899723887443542e-02 4.010359197854995728e-02
1.993319764733314514e-02 3.580519556999206543e-02
2.028870210051536560e-02 3.321591019630432129e-02
2.069605886936187744e-02 3.218261525034904480e-02
1.940233632922172546e-02 2.866467460989952087e-02
1.900628581643104553e-02 2.646372653543949127e-02
1.966503262519836426e-02 2.599349990487098694e-02
1.990218460559844971e-02 2.340660244226455688e-02
1.932878047227859497e-02 2.354057505726814270e-02
1.926283538341522217e-02 2.238820306956768036e-02
1.885663717985153198e-02 2.335347235202789307e-02
1.850757747888565063e-02 2.249667793512344360e-02
1.966304332017898560e-02 2.439083158969879150e-02
1.899641007184982300e-02 2.288101613521575928e-02
1.916749402880668640e-02 2.345991134643554688e-02
2.088574320077896118e-02 2.361981570720672607e-02
1.761962100863456726e-02 2.125922963023185730e-02
2.210876718163490295e-02 2.536893635988235474e-02
1.995159685611724854e-02 2.282558754086494446e-02
2.033723145723342896e-02 2.380338683724403381e-02
2.326347306370735168e-02 2.611827105283737183e-02
2.120363712310791016e-02 2.131775207817554474e-02
2.150822430849075317e-02 2.389981597661972046e-02
2.175767719745635986e-02 2.784625813364982605e-02
2.271301299333572388e-02 2.516108937561511993e-02
2.303241193294525146e-02 2.736483141779899597e-02
2.530502155423164368e-02 2.819435670971870422e-02
2.248603478074073792e-02 2.547164633870124817e-02
2.417981624603271484e-02 2.554157376289367676e-02
2.615137398242950439e-02 2.619924396276473999e-02
2.454422786831855774e-02 2.514365501701831818e-02
2.640260383486747742e-02 2.441831678152084351e-02
2.674125507473945618e-02 2.315860241651535034e-02
2.731133997440338135e-02 2.530368790030479431e-02
2.628451213240623474e-02 2.151380106806755066e-02
2.712891250848770142e-02 2.040276490151882172e-02
2.823003754019737244e-02 2.263455837965011597e-02
