1.551601290702819824e-02 5.817521363496780396e-02
1.248175650835037231e-02 5.580824613571166992e-02
1.154774427413940430e-02 5.571538954973220825e-02
1.491539552807807922e-02 5.742990225553512573e-02
1.304711028933525085e-02 5.818416923284530640e-02
1.189090311527252197e-02 5.387149006128311157e-02
1.057723909616470337e-02 5.559735745191574097e-02
1.068462431430816650e-02 5.324146151542663574e-02
1.105840876698493958e-02 5.577091127634048462e-02
1.373413950204849243e-02 5.982435494661331177e-02
1.103775948286056519e-02 5.688019841909408569e-02
1.016350090503692627e-02 5.407969653606414795e-02
1.226943731307983398e-02 5.849952995777130127e-02
1.133910939097404480e-02 5.807831138372421265e-02
8.838843554258346558e-03 5.055388063192367554e-02
1.129714027047157288e-02 5.781978368759155273e-02
1.206921413540840149e-02 5.677173286676406860e-02
1.244907826185226440e-02 5.836679041385650635e-02
1.286165788769721985e-02 5.511473119258880615e-02
1.039394363760948181e-02 5.564336478710174561e-02
9.574286639690399170e-03 5.543326586484909058e-02
1.155614107847213745e-02 5.445554852485656738e-02
1.302703097462654114e-02 5.840702354907989502e-02
1.219408959150314331e-02 5.944085866212844849e-02
1.117342337965965271e-02 5.440512299537658691e-02
1.101813465356826782e-02 5.386399477720260620e-02
1.217053830623626709e-02 5.587622523307800293e-02
1.246248930692672729e-02 5.676853656768798828e-02
1.267350092530250549e-02 5.358406156301498413e-02
1.236134767532348633e-02 5.830238759517669678e-02
1.173827424645423889e-02 5.295771360397338867e-02
1.175292953848838806e-02 5.788587033748626709e-02
1.295891031622886658e-02 5.766636878252029419e-02
1.326812803745269775e-02 5.366999655961990356e-02
1.277090609073638916e-02 5.542704463005065918e-02
1.506778225302696228e-02 5.840729922056198120e-02
1.301981881260871887e-02 5.350223183631896973e-02
1.307108998298645020e-02 5.592781305313110352e-02
1.352385804057121277e-02 5.521041899919509888e-02
1.439381390810012817e-02 5.601079761981964111e-02
1.193499937653541565e-02 5.443859845399856567e-02
1.556221395730972290e-02 5.580571293830871582e-02
1.442763954401016235e-02 5.562069267034530640e-02
1.385921984910964966e-02 5.565293878316879272e-02
1.328170672059059143e-02 5.778228491544723511e-02
1.161663234233856201e-02 5.143278837203979492e-02
1.427292078733444214e-02 5.391394346952438354e-02
1.079170033335685730e-02 5.272579938173294067e-02
1.340556889772415161e-02 5.232924222946166992e-02
1.227487996220588684e-02 5.482966452836990356e-02
1.087297499179840088e-02 4.875811189413070679e-02
1.323251426219940186e-02 5.851316452026367188e-02
1.296254247426986694e-02 5.452078580856323242e-02
1.303089037537574768e-02 5.144648253917694092e-02
1.238092780113220215e-02 5.231003463268280029e-02
1.512041687965393066e-02 5.813651531934738159e-02
1.159667596220970154e-02 5.067682266235351562e-02
1.188373938202857971e-02 5.463683605194091797e-02
1.492827758193016052e-02 5.735031515359878540e-02
1.352212205529212952e-02 5.538161098957061768e-02
1.303451508283615112e-02 5.435424298048019409e-02
1.202670112252235413e-02 5.350579321384429932e-02
1.123571395874023438e-02 4.917664825916290283e-02
1.092978566884994507e-02 5.089451372623443604e-02
1.286831870675086975e-02 5.287901312112808228e-02
1.404346525669097900e-02 5.843766033649444580e-02
1.224701106548309326e-02 5.692883580923080444e-02
1.014250516891479492e-02 5.519536882638931274e-02
1.196822524070739746e-02 5.708309262990951538e-02
1.179331168532371521e-02 5.466090142726898193e-02
1.332308351993560791e-02 6.058445572853088379e-02
1.213197410106658936e-02 5.292869359254837036e-02
1.317723095417022705e-02 5.513788759708404541e-02
1.084485650062561035e-02 5.406708270311355591e-02
1.150885224342346191e-02 5.596899986267089844e-02
1.117984578013420105e-02 5.343114584684371948e-02
1.296354085206985474e-02 5.436737835407257080e-02
1.302099972963333130e-02 5.825884640216827393e-02
1.131146028637886047e-02 5.365698784589767456e-02
1.270453631877899170e-02 5.633838474750518799e-02
9.798265993595123291e-03 5.333815515041351318e-02
1.158300414681434631e-02 5.402603745460510254e-02
1.215396448969841003e-02 5.622844398021697998e-02
1.355598121881484985e-02 5.570182204246520996e-02
1.463081315159797668e-02 5.670017749071121216e-02
1.022237539291381836e-02 5.159191042184829712e-02
1.236055046319961548e-02 5.665099620819091797e-02
1.236791536211967468e-02 5.713219940662384033e-02
1.003739982843399048e-02 5.043244361877441406e-02
1.392670720815658569e-02 5.878878384828567505e-02
1.085924357175827026e-02 5.374916642904281616e-02
1.122248917818069458e-02 5.625681579113006592e-02
1.177519559860229492e-02 5.701742321252822876e-02
1.037919521331787109e-02 5.294600129127502441e-02
1.162703707814216614e-02 5.641219764947891235e-02
1.158318296074867249e-02 5.664661526679992676e-02
8.735522627830505371e-03 5.545651167631149292e-02
1.264514774084091187e-02 5.572459846735000610e-02
1.091649383306503296e-02 5.404972285032272339e-02
1.295910030603408813e-02 5.811780691146850586e-02
1.107196137309074402e-02 5.428399145603179932e-02
1.148294657468795776e-02 5.868409574031829834e-02
1.375534385442733765e-02 5.633401870727539062e-02
9.604521095752716064e-03 5.323595553636550903e-02
1.028171554207801819e-02 5.668060481548309326e-02
9.499751031398773193e-03 5.196882039308547974e-02
1.087571680545806885e-02 5.786408483982086182e-02
1.219879090785980225e-02 5.473813414573669434e-02
1.112242788076400757e-02 5.440476536750793457e-02
1.039579510688781738e-02 5.346238613128662109e-02
1.212821528315544128e-02 5.750419199466705322e-02
9.551197290420532227e-03 5.639130622148513794e-02
1.044308394193649292e-02 5.576986819505691528e-02
1.072587072849273682e-02 5.667375028133392334e-02
1.350877806544303894e-02 5.678772181272506714e-02
1.320318505167961121e-02 5.919429659843444824e-02
1.130859181284904480e-02 5.414491891860961914e-02
1.108154654502868652e-02 5.519735813140869141e-02
1.409357041120529175e-02 5.976187437772750854e-02
1.139200106263160706e-02 5.773478001356124878e-02
1.222575455904006958e-02 5.505180358886718750e-02
1.151346787810325623e-02 5.674635618925094604e-02
1.142277568578720093e-02 5.309531837701797485e-02
1.278720423579216003e-02 5.711106956005096436e-02
1.141380891203880310e-02 5.471979081630706787e-02
1.362425833940505981e-02 5.958744138479232788e-02
1.308441162109375000e-02 5.814161151647567749e-02
1.181647554039955139e-02 5.607218295335769653e-02
1.183151826262474060e-02 5.775737762451171875e-02
1.201529428362846375e-02 5.395706743001937866e-02
1.189903542399406433e-02 5.396764725446701050e-02
1.167570427060127258e-02 5.907992273569107056e-02
1.478586345911026001e-02 5.769809335470199585e-02
1.296059414744377136e-02 5.659823864698410034e-02
1.318261399865150452e-02 5.727627128362655640e-02
1.120147854089736938e-02 5.285370349884033203e-02
1.233927160501480103e-02 5.699241906404495239e-02
1.127251237630844116e-02 5.584421008825302124e-02
1.188408583402633667e-02 5.259937793016433716e-02
1.308685541152954102e-02 5.892530828714370728e-02
1.177563518285751343e-02 5.193705111742019653e-02
1.400572806596755981e-02 5.863345414400100708e-02
1.144701614975929260e-02 5.476481467485427856e-02
1.285192370414733887e-02 6.173238158226013184e-02
1.261661946773529053e-02 5.782623589038848877e-02
1.376983523368835449e-02 5.762303620576858521e-02
1.297185570001602173e-02 5.812148749828338623e-02
1.286964491009712219e-02 5.864372104406356812e-02
1.348481699824333191e-02 5.659364908933639526e-02
1.384969800710678101e-02 5.837392807006835938e-02
1.547840982675552368e-02 6.102833896875381470e-02
1.369176805019378662e-02 5.454246699810028076e-02
1.420330256223678589e-02 6.124925613403320312e-02
1.499476283788681030e-02 5.661140382289886475e-02
1.283763349056243896e-02 5.656563490629196167e-02
1.248791813850402832e-02 5.562534183263778687e-02
1.263963803648948669e-02 5.879094451665878296e-02
1.217866688966751099e-02 5.331857502460479736e-02
1.292516291141510010e-02 5.749221146106719971e-02
1.279434561729431152e-02 5.513607710599899292e-02
1.360131055116653442e-02 5.818332731723785400e-02
1.275766268372535706e-02 5.828590691089630127e-02
1.300373300909996033e-02 5.640350282192230225e-02
1.145715266466140747e-02 6.008183211088180542e-02
1.269799470901489258e-02 5.544709414243698120e-02
1.266549527645111084e-02 5.986402928829193115e-02
1.215708255767822266e-02 5.708560347557067871e-02
1.295317709445953369e-02 6.219623982906341553e-02
1.263348013162612915e-02 5.933157354593276978e-02
1.186367869377136230e-02 5.858154594898223877e-02
1.199338585138320923e-02 5.945248156785964966e-02
1.288146153092384338e-02 5.860326439142227173e-02
1.124690100550651550e-02 5.893483012914657593e-02
1.306141912937164307e-02 5.816631764173507690e-02
1.157872378826141357e-02 6.185751408338546753e-02
1.138437166810035706e-02 5.856677144765853882e-02
1.246842369437217712e-02 5.739273130893707275e-02
1.359443366527557373e-02 5.755241215229034424e-02
1.292198151350021362e-02 5.661532282829284668e-02
1.189913600683212280e-02 5.522765964269638062e-02
1.409368962049484253e-02 6.006399542093276978e-02
1.303319260478019714e-02 5.630692839622497559e-02
1.207105815410614014e-02 5.745378136634826660e-02
1.466352120041847229e-02 5.693530291318893433e-02
1.324250176548957825e-02 5.339067429304122925e-02
1.232452690601348877e-02 5.722980201244354248e-02
1.358949020504951477e-02 5.637537688016891479e-02
1.223710551857948303e-02 5.476180464029312134e-02
1.360003650188446045e-02 5.508378148078918457e-02
1.391362771391868591e-02 5.724445730447769165e-02
1.294342055916786194e-02 5.702734738588333130e-02
1.376541331410408020e-02 5.826447904109954834e-02
1.368391513824462891e-02 5.363483726978302002e-02
1.375132426619529724e-02 5.910722911357879639e-02
1.118278503417968750e-02 5.591773241758346558e-02
1.173946261405944824e-02 4.860858991742134094e-02
1.469700410962104797e-02 5.463592708110809326e-02
1.213940232992172241e-02 5.417215824127197266e-02
1.252919435501098633e-02 5.356453359127044678e-02
1.176284998655319214e-02 5.231616646051406860e-02
1.056534424424171448e-02 5.144777894020080566e-02
1.223357394337654114e-02 5.220373719930648804e-02
1.328959316015243530e-02 5.004254728555679321e-02
1.262489706277847290e-02 5.276226252317428589e-02
1.310630515217781067e-02 5.502855032682418823e-02
1.250254735350608826e-02 5.366569757461547852e-02
1.200348138809204102e-02 4.974231123924255371e-02
1.288599520921707153e-02 5.603908747434616089e-02
1.377248391509056091e-02 5.332778394222259521e-02
1.400252804160118103e-02 5.167253315448760986e-02
1.449265703558921814e-02 5.255444347858428955e-02
1.079013571143150330e-02 4.778435081243515015e-02
1.280549168586730957e-02 5.018142610788345337e-02
1.416458189487457275e-02 5.151955038309097290e-02
1.311100646853446960e-02 5.006759613752365112e-02
1.558398082852363586e-02 5.225016176700592041e-02
1.592990383505821228e-02 5.071150884032249451e-02
1.633536070585250854e-02 5.214191228151321411e-02
1.356875151395797729e-02 4.820661246776580811e-02
1.687257736921310425e-02 5.922561883926391602e-02
1.436506956815719604e-02 4.951518028974533081e-02
1.440917700529098511e-02 5.407018959522247314e-02
1.391806453466415405e-02 5.327945947647094727e-02
1.366244256496429443e-02 5.190368741750717163e-02
1.419725269079208374e-02 5.145616084337234497e-02
1.307043060660362244e-02 5.202187597751617432e-02
1.459869369864463806e-02 5.130685865879058838e-02
1.268191635608673096e-02 5.352147668600082397e-02
1.298591494560241699e-02 5.500411242246627808e-02
1.345979422330856323e-02 5.196215957403182983e-02
1.588359475135803223e-02 5.415722727775573730e-02
1.418659090995788574e-02 5.044059455394744873e-02
1.305368542671203613e-02 5.277685821056365967e-02
1.283681020140647888e-02 5.091004818677902222e-02
1.425234973430633545e-02 5.500724166631698608e-02
1.258541271090507507e-02 5.097658187150955200e-02
1.302485913038253784e-02 5.223044753074645996e-02
1.454188674688339233e-02 5.311285704374313354e-02
1.285885274410247803e-02 5.266556143760681152e-02
1.356719806790351868e-02 5.083458125591278076e-02
1.498229056596755981e-02 5.558495223522186279e-02
1.258888095617294312e-02 4.943109676241874695e-02
1.347575336694717407e-02 5.176430940628051758e-02
1.484804600477218628e-02 5.370657145977020264e-02
1.223686337471008301e-02 5.144207924604415894e-02
1.350200176239013672e-02 4.853722453117370605e-02
1.283082365989685059e-02 5.089472234249114990e-02
1.700593158602714539e-02 5.305749177932739258e-02
1.517978310585021973e-02 5.197063088417053223e-02
1.513959839940071106e-02 5.265608429908752441e-02
1.210480183362960815e-02 5.143675953149795532e-02
1.375982910394668579e-02 5.341918021440505981e-02
1.354166865348815918e-02 5.115464329719543457e-02
1.412285119295120239e-02 5.545340478420257568e-02
1.356747373938560486e-02 5.073254555463790894e-02
1.502340286970138550e-02 5.675456672906875610e-02
1.151085272431373596e-02 5.144456028938293457e-02
1.306989416480064392e-02 5.227111279964447021e-02
1.245806366205215454e-02 5.225733667612075806e-02
1.255513727664947510e-02 5.248314887285232544e-02
1.249353587627410889e-02 5.259434878826141357e-02
1.340344920754432678e-02 5.517128854990005493e-02
1.320774108171463013e-02 5.759797990322113037e-02
1.134473085403442383e-02 5.340373516082763672e-02
1.184558868408203125e-02 5.657457560300827026e-02
1.158834248781204224e-02 5.145746469497680664e-02
1.299961656332015991e-02 5.456172674894332886e-02
1.203832030296325684e-02 5.077206343412399292e-02
1.178734004497528076e-02 5.271095037460327148e-02
1.069020479917526245e-02 5.314135551452636719e-02
1.213378831744194031e-02 5.097100883722305298e-02
1.230163499712944031e-02 5.048780143260955811e-02
1.069387793540954590e-02 4.808669164776802063e-02
1.293798536062240601e-02 4.972000420093536377e-02
1.053025573492050171e-02 4.802825301885604858e-02
1.094932854175567627e-02 4.856340959668159485e-02
1.214512810111045837e-02 4.784351587295532227e-02
1.127197965979576111e-02 4.788205772638320923e-02
1.211321353912353516e-02 4.698257893323898315e-02
9.824398905038833618e-03 4.525195807218551636e-02
9.898640215396881104e-03 4.503482580184936523e-02
1.070564985275268555e-02 4.416226595640182495e-02
7.975302636623382568e-03 4.206840693950653076e-02
1.023496314883232117e-02 4.375143349170684814e-02
1.054553687572479248e-02 4.306041449308395386e-02
9.881619364023208618e-03 4.163448512554168701e-02
1.086105033755302429e-02 4.349415004253387451e-02
8.967604488134384155e-03 4.200869053602218628e-02
8.983548730611801147e-03 4.257961735129356384e-02
9.436786174774169922e-03 4.330231249332427979e-02
1.307319849729537964e-02 4.775370284914970398e-02
1.019318029284477234e-02 4.603108018636703491e-02
1.121392473578453064e-02 4.861248284578323364e-02
1.089799404144287109e-02 4.690843820571899414e-02
1.272076368331909180e-02 5.240284651517868042e-02
1.129405200481414795e-02 4.745185375213623047e-02
1.361427083611488342e-02 5.033642798662185669e-02
8.936718106269836426e-03 4.737760126590728760e-02
1.237658411264419556e-02 5.018518865108489990e-02
1.054317504167556763e-02 5.048267915844917297e-02
1.069910824298858643e-02 4.900167882442474365e-02
1.133042573928833008e-02 4.777774214744567871e-02
1.101807504892349243e-02 5.456248670816421509e-02
9.545423090457916260e-03 4.913650453090667725e-02
9.823501110076904297e-03 5.127057433128356934e-02
9.557500481605529785e-03 4.822698235511779785e-02
1.195516437292098999e-02 5.636566132307052612e-02
1.032541692256927490e-02 5.205092579126358032e-02
8.826874196529388428e-03 4.705116897821426392e-02
8.424945175647735596e-03 5.458005517721176147e-02
9.770542383193969727e-03 5.114958435297012329e-02
7.574379444122314453e-03 5.366206169128417969e-02
9.343750774860382080e-03 5.321644991636276245e-02
8.730050176382064819e-03 5.254671722650527954e-02
1.003627479076385498e-02 5.281288176774978638e-02
9.220104664564132690e-03 5.184288322925567627e-02
1.132482662796974182e-02 5.228164792060852051e-02
6.472352892160415649e-03 4.746737331151962280e-02
9.490959346294403076e-03 5.301331728696823120e-02
9.687133133411407471e-03 4.916044324636459351e-02
1.064903289079666138e-02 5.511522293090820312e-02
9.402550756931304932e-03 5.083785206079483032e-02
9.198769927024841309e-03 4.968851059675216675e-02
7.737725973129272461e-03 4.725661128759384155e-02
8.833374828100204468e-03 4.724711179733276367e-02
1.063201576471328735e-02 5.024326592683792114e-02
1.029959321022033691e-02 4.391720890998840332e-02
8.512377738952636719e-03 4.881703108549118042e-02
8.380979299545288086e-03 5.385690182447433472e-02
1.002123951911926270e-02 4.589917883276939392e-02
9.655036032199859619e-03 4.947014898061752319e-02
1.188359037041664124e-02 5.237185209989547729e-02
1.099014282226562500e-02 5.350100994110107422e-02
1.374131441116333008e-02 5.285216867923736572e-02
1.140721142292022705e-02 4.926355183124542236e-02
1.404609531164169312e-02 5.352654308080673218e-02
1.208638772368431091e-02 4.731322079896926880e-02
1.138893887400627136e-02 5.351828783750534058e-02
1.309108734130859375e-02 5.344781279563903809e-02
1.333995908498764038e-02 5.127742141485214233e-02
1.480604708194732666e-02 5.530455708503723145e-02
1.220828294754028320e-02 4.723498225212097168e-02
1.226200163364410400e-02 4.850979149341583252e-02
1.205708831548690796e-02 5.391253530979156494e-02
1.072192937135696411e-02 4.613573476672172546e-02
1.265893504023551941e-02 5.238831043243408203e-02
1.077872514724731445e-02 4.991252720355987549e-02
1.292229443788528442e-02 5.049733817577362061e-02
1.162142306566238403e-02 4.901069030165672302e-02
9.672015905380249023e-03 4.680092632770538330e-02
1.193784922361373901e-02 5.111824721097946167e-02
1.103750243782997131e-02 5.027937889099121094e-02
9.634040296077728271e-03 4.716446250677108765e-02
1.060514152050018311e-02 4.915719479322433472e-02
1.106566563248634338e-02 5.044136941432952881e-02
1.013946905732154846e-02 4.683033376932144165e-02
1.043169200420379639e-02 5.086419731378555298e-02
1.025541126728057861e-02 5.145476013422012329e-02
8.948668837547302246e-03 4.930957779288291931e-02
9.054508060216903687e-03 5.012556165456771851e-02
1.011328026652336121e-02 5.080468207597732544e-02
1.014581322669982910e-02 5.201899260282516479e-02
8.981950581073760986e-03 4.642301797866821289e-02
1.037427037954330444e-02 4.707854241132736206e-02
1.243641972541809082e-02 4.858779162168502808e-02
1.120696216821670532e-02 5.291616916656494141e-02
1.275228708982467651e-02 5.097486823797225952e-02
1.220466941595077515e-02 4.997233673930168152e-02
1.216172799468040466e-02 4.778800159692764282e-02
1.454459503293037415e-02 4.835286736488342285e-02
1.414066180586814880e-02 4.738204926252365112e-02
1.485107839107513428e-02 4.808604717254638672e-02
1.553247496485710144e-02 4.525189101696014404e-02
1.444694772362709045e-02 4.580198600888252258e-02
1.481580361723899841e-02 5.021368339657783508e-02
1.581868529319763184e-02 4.598890244960784912e-02
1.484744250774383545e-02 4.450484737753868103e-02
1.541058719158172607e-02 4.542824625968933105e-02
1.479599624872207642e-02 4.966789484024047852e-02
1.591820642352104187e-02 4.970390722155570984e-02
1.514118909835815430e-02 4.965362697839736938e-02
1.440114900469779968e-02 4.985089227557182312e-02
1.797582954168319702e-02 4.718405753374099731e-02
1.605556905269622803e-02 4.752406477928161621e-02
1.635086536407470703e-02 5.106463283300399780e-02
1.503442972898483276e-02 4.577637091279029846e-02
1.601681485772132874e-02 5.207409709692001343e-02
1.622068509459495544e-02 4.919716343283653259e-02
1.520331948995590210e-02 5.024975538253784180e-02
1.557346433401107788e-02 4.459065943956375122e-02
1.687346771359443665e-02 5.240236222743988037e-02
1.524766534566879272e-02 4.661558568477630615e-02
1.341688260436058044e-02 4.925481975078582764e-02
1.417163759469985962e-02 4.665319621562957764e-02
1.807141304016113281e-02 5.021113157272338867e-02
1.420444995164871216e-02 4.672927409410476685e-02
1.698436215519905090e-02 5.061741173267364502e-02
1.431800052523612976e-02 4.700901359319686890e-02
1.551434397697448730e-02 4.951404035091400146e-02
1.771838590502738953e-02 5.004559457302093506e-02
1.742583513259887695e-02 4.806733876466751099e-02
1.837835833430290222e-02 4.788883775472640991e-02
1.727975159883499146e-02 4.672141000628471375e-02
1.624199748039245605e-02 4.769681394100189209e-02
1.747130975127220154e-02 5.295185744762420654e-02
1.986588537693023682e-02 5.019576102495193481e-02
1.581246405839920044e-02 4.573640972375869751e-02
1.686577126383781433e-02 5.335465818643569946e-02
1.856501400470733643e-02 4.972846060991287231e-02
2.037334442138671875e-02 5.343175679445266724e-02
1.833248138427734375e-02 5.452174693346023560e-02
1.690594106912612915e-02 5.230241268873214722e-02
1.829928904771804810e-02 5.417845398187637329e-02
1.763225346803665161e-02 5.113196372985839844e-02
1.578867435455322266e-02 4.561845958232879639e-02
1.863162964582443237e-02 5.072471499443054199e-02
1.866837218403816223e-02 5.187497287988662720e-02
1.797251030802726746e-02 5.021492391824722290e-02
1.805889606475830078e-02 4.679555445909500122e-02
1.862715929746627808e-02 4.991102218627929688e-02
2.007121220231056213e-02 4.796434938907623291e-02
1.877227425575256348e-02 4.465206712484359741e-02
1.759336516261100769e-02 4.409821331501007080e-02
1.984590291976928711e-02 4.388432949781417847e-02
2.148252353072166443e-02 4.607166722416877747e-02
1.932223141193389893e-02 4.324742406606674194e-02
1.958803087472915649e-02 3.957850486040115356e-02
2.256799489259719849e-02 4.425629228353500366e-02
2.080299705266952515e-02 3.907871991395950317e-02
2.322722971439361572e-02 4.304565489292144775e-02
1.815640926361083984e-02 3.854670375585556030e-02
1.804864406585693359e-02 3.792993724346160889e-02
1.897348463535308838e-02 3.934220969676971436e-02
2.164385467767715454e-02 4.233612120151519775e-02
1.938968151807785034e-02 4.217743873596191406e-02
1.688713952898979187e-02 3.961563855409622192e-02
1.873160526156425476e-02 4.412344843149185181e-02
1.759029924869537354e-02 4.249384999275207520e-02
1.795667409896850586e-02 4.563120007514953613e-02
1.794569939374923706e-02 3.596428781747817993e-02
1.508774235844612122e-02 3.261674940586090088e-02
3.172300755977630615e-03 9.278768673539161682e-03
7.510371506214141846e-04 5.932524800300598145e-04
1.569062471389770508e-03 6.137872114777565002e-03
-1.992508769035339355e-04 1.338781788945198059e-03
8.262693881988525391e-04 -5.391426384449005127e-05
-9.517781436443328857e-04 -1.236887648701667786e-03
-1.683615148067474365e-03 -2.635028213262557983e-04
1.835502684116363525e-03 2.409588545560836792e-03
9.692832827568054199e-04 5.233455449342727661e-04
-7.180422544479370117e-04 1.428667455911636353e-03
-2.195417881011962891e-03 -5.437625572085380554e-03
2.437528222799301147e-03 4.347974434494972229e-03
4.869662225246429443e-04 1.399945467710494995e-03
-9.673908352851867676e-04 -1.170800998806953430e-03
1.219283789396286011e-03 2.791514620184898376e-03
-4.143267869949340820e-04 -5.652755498886108398e-04
1.095626503229141235e-03 6.846841424703598022e-04
-2.217646688222885132e-03 -2.189310267567634583e-03
1.859392970800399780e-03 4.622589796781539917e-03
8.664727210998535156e-04 -7.248483598232269287e-05
4.472285509109497070e-04 1.124380156397819519e-03
-8.539929986000061035e-04 -3.971172496676445007e-03
-5.147978663444519043e-04 2.681482583284378052e-04
7.121749222278594971e-04 4.034675657749176025e-05
6.528794765472412109e-04 4.119170829653739929e-03
-2.456724643707275391e-03 -4.461539909243583679e-03
1.457884907722473145e-03 3.434596583247184753e-03
2.400428056716918945e-04 5.964655429124832153e-04
-4.987046122550964355e-05 -1.215832307934761047e-03
1.349374651908874512e-03 2.636170014739036560e-03
-3.103688359260559082e-04 -7.394310086965560913e-04
2.992376685142517090e-04 1.587381586432456970e-03
-7.502473890781402588e-04 -2.527529373764991760e-03
-4.855394363403320312e-04 9.789075702428817749e-04
-4.906281828880310059e-04 -2.508824691176414490e-03
2.339780330657958984e-04 2.489322796463966370e-03
-2.055503427982330322e-04 2.775577828288078308e-03
2.094864845275878906e-03 3.897005692124366760e-03
1.722209155559539795e-03 2.213122323155403137e-03
1.114100217819213867e-03 2.006435766816139221e-03
1.678969711065292358e-03 1.688318327069282532e-03
-5.959793925285339355e-04 -5.905795842409133911e-04
-8.925348520278930664e-04 -1.289667561650276184e-03
-7.610246539115905762e-04 -1.307686790823936462e-03
-1.422040164470672607e-03 -1.403870061039924622e-03
-6.786510348320007324e-04 -8.874144405126571655e-04
-5.014799535274505615e-04 -2.778908237814903259e-03
-1.524738967418670654e-03 -1.995345577597618103e-03
-5.943849682807922363e-04 -1.977967098355293274e-03
1.039460301399230957e-03 2.019574865698814392e-03
6.476938724517822266e-04 5.032923072576522827e-04
-7.012709975242614746e-04 -1.439040526747703552e-03
1.777596771717071533e-04 1.077530905604362488e-03
4.878118634223937988e-04 3.539897501468658447e-03
1.713186502456665039e-03 1.814473420381546021e-03
1.528985798358917236e-03 2.925574779510498047e-03
-2.097897231578826904e-03 -6.402803584933280945e-03
-5.847848951816558838e-04 -1.896917819976806641e-05
2.753809094429016113e-04 9.839348495006561279e-04
7.259845733642578125e-04 -3.493202850222587585e-03
-9.876042604446411133e-04 1.000750809907913208e-03
-1.327246427536010742e-03 -3.561176359653472900e-03
3.267228603363037109e-04 1.117886975407600403e-03
-8.701309561729431152e-04 -4.507433623075485229e-04
2.894848585128784180e-03 3.454856574535369873e-03
1.525163650512695312e-03 1.937940716743469238e-03
-1.412648707628250122e-03 -1.752991229295730591e-03
-9.023919701576232910e-04 -9.816512465476989746e-04
5.677081644535064697e-04 2.550071105360984802e-03
4.862062633037567139e-04 -8.650831878185272217e-04
2.157092094421386719e-04 1.367952674627304077e-03
-1.161754131317138672e-03 -1.463573426008224487e-03
-3.225952386856079102e-04 -1.504978165030479431e-03
-4.742592573165893555e-04 8.517690002918243408e-04
1.578107476234436035e-04 -1.979693770408630371e-03
9.916648268699645996e-04 2.224968746304512024e-03
-1.530632376670837402e-03 -1.185147091746330261e-03
7.331073284149169922e-04 -1.451337710022926331e-03
4.394054412841796875e-04 1.379966735839843750e-03
-6.787031888961791992e-04 8.698850870132446289e-04
1.712992787361145020e-03 1.916894689202308655e-03
5.443096160888671875e-04 1.391166821122169495e-03
-1.848191022872924805e-04 6.502529606223106384e-03
3.299102187156677246e-03 2.676890604197978973e-02
3.327112644910812378e-03 2.802716754376888275e-02
2.922471612691879272e-03 3.061573021113872528e-02
1.003827899694442749e-03 2.903949283063411713e-02
2.307444810867309570e-03 3.301084786653518677e-02
2.273991703987121582e-03 2.900780551135540009e-02
2.587325870990753174e-03 3.299058228731155396e-02
2.006225287914276123e-03 3.750171512365341187e-02
4.706721752882003784e-03 3.561428189277648926e-02
5.547560751438140869e-03 3.607412427663803101e-02
3.039211034774780273e-03 3.281553089618682861e-02
5.430925637483596802e-03 3.588984906673431396e-02
6.360337138175964355e-03 3.831245005130767822e-02
8.519992232322692871e-03 3.977646678686141968e-02
8.775923401117324829e-03 3.946919739246368408e-02
8.532308042049407959e-03 4.314402490854263306e-02
6.978590041399002075e-03 3.964044898748397827e-02
8.697524666786193848e-03 4.130751639604568481e-02
7.259435951709747314e-03 4.234592616558074951e-02
8.636511862277984619e-03 4.219719022512435913e-02
7.455360144376754761e-03 4.209847748279571533e-02
6.251998245716094971e-03 4.257880896329879761e-02
8.959539234638214111e-03 4.107882082462310791e-02
6.900198757648468018e-03 4.128886014223098755e-02
5.923662334680557251e-03 3.688056766986846924e-02
7.237993180751800537e-03 4.582787305116653442e-02
5.522917956113815308e-03 4.203157126903533936e-02
5.645912140607833862e-03 4.623965919017791748e-02
4.966661334037780762e-03 3.808967769145965576e-02
2.155780792236328125e-03 4.095575958490371704e-02
7.762007415294647217e-03 3.946385532617568970e-02
5.032461136579513550e-03 4.164428263902664185e-02
6.344042718410491943e-03 3.722025454044342041e-02
3.807082772254943848e-03 3.987752646207809448e-02
4.297919571399688721e-03 4.151294380426406860e-02
4.054553806781768799e-03 3.672357648611068726e-02
5.320705473423004150e-03 3.767177090048789978e-02
6.147317588329315186e-03 3.949634730815887451e-02
6.768792867660522461e-03 3.778915107250213623e-02
3.953076899051666260e-03 3.834255412220954895e-02
4.527673125267028809e-03 3.614194691181182861e-02
8.278544992208480835e-03 4.343831539154052734e-02
6.694525480270385742e-03 3.688393533229827881e-02
6.224468350410461426e-03 3.567317873239517212e-02
7.350910454988479614e-03 3.706408292055130005e-02
8.200176060199737549e-03 4.033624380826950073e-02
7.623214274644851685e-03 3.822936117649078369e-02
6.599523127079010010e-03 3.830686956644058228e-02
6.032757461071014404e-03 3.530693054199218750e-02
9.196337312459945679e-03 3.939913958311080933e-02
7.524766027927398682e-03 3.915443271398544312e-02
9.742669761180877686e-03 4.187619686126708984e-02
8.695296943187713623e-03 4.412468522787094116e-02
8.714146912097930908e-03 4.362072795629501343e-02
7.963508367538452148e-03 4.269853979349136353e-02
1.097518950700759888e-02 4.916584491729736328e-02
1.217955350875854492e-02 5.199234187602996826e-02
8.999548852443695068e-03 4.560022428631782532e-02
1.118392497301101685e-02 5.185176432132720947e-02
1.071899384260177612e-02 5.093275755643844604e-02
1.082123070955276489e-02 5.136571824550628662e-02
8.860435336828231812e-03 4.943031817674636841e-02
1.098699867725372314e-02 5.239044874906539917e-02
1.195523515343666077e-02 5.437655746936798096e-02
1.027830690145492554e-02 5.074090510606765747e-02
1.078962534666061401e-02 4.800377786159515381e-02
9.894341230392456055e-03 5.302431434392929077e-02
9.432613849639892578e-03 4.886210709810256958e-02
9.567338973283767700e-03 5.126432329416275024e-02
7.703106850385665894e-03 5.052642896771430969e-02
1.159910857677459717e-02 5.347388982772827148e-02
9.640201926231384277e-03 5.086525529623031616e-02
1.059505715966224670e-02 5.280782282352447510e-02
9.407460689544677734e-03 4.972026497125625610e-02
8.994981646537780762e-03 5.026670545339584351e-02
8.324857801198959351e-03 4.977557808160781860e-02
9.240351617336273193e-03 4.957665130496025085e-02
9.605616331100463867e-03 5.242013186216354370e-02
8.128732442855834961e-03 4.948192834854125977e-02
8.448578417301177979e-03 5.080258846282958984e-02
8.862528949975967407e-03 5.231537669897079468e-02
6.756782531738281250e-03 4.975426197052001953e-02
8.687481284141540527e-03 5.091074109077453613e-02
9.975343942642211914e-03 5.207697302103042603e-02
9.308584034442901611e-03 4.717908427119255066e-02
1.042756065726280212e-02 5.046288669109344482e-02
9.354852139949798584e-03 4.551931470632553101e-02
1.099920272827148438e-02 4.810576885938644409e-02
9.900249540805816650e-03 5.080591887235641479e-02
1.129930838942527771e-02 5.590550601482391357e-02
9.222608059644699097e-03 5.085424333810806274e-02
1.060039550065994263e-02 4.896841943264007568e-02
1.103626564145088196e-02 5.062068253755569458e-02
9.650535881519317627e-03 5.094829946756362915e-02
1.042485237121582031e-02 5.314537882804870605e-02
1.228076219558715820e-02 5.222991108894348145e-02
1.013151556253433228e-02 4.789676144719123840e-02
1.050116121768951416e-02 4.933953285217285156e-02
1.185444369912147522e-02 5.276573449373245239e-02
1.152579486370086670e-02 5.219618976116180420e-02
9.930081665515899658e-03 5.185582488775253296e-02
1.091042906045913696e-02 5.109387636184692383e-02
1.027137786149978638e-02 4.939088597893714905e-02
9.065896272659301758e-03 4.929442703723907471e-02
8.477255702018737793e-03 5.049486458301544189e-02
1.085042953491210938e-02 5.158063024282455444e-02
9.564299136400222778e-03 4.899863898754119873e-02
1.057819277048110962e-02 4.793148487806320190e-02
9.506005793809890747e-03 5.170977860689163208e-02
1.139625161886215210e-02 5.013395845890045166e-02
1.071838289499282837e-02 4.888889938592910767e-02
9.673044085502624512e-03 4.667571932077407837e-02
1.329707354307174683e-02 5.010768771171569824e-02
1.239013671875000000e-02 5.135783553123474121e-02
1.402114331722259521e-02 5.279827117919921875e-02
1.243339478969573975e-02 4.925443977117538452e-02
1.484779641032218933e-02 5.194851011037826538e-02
1.177253946661949158e-02 4.784189164638519287e-02
1.396694034337997437e-02 5.124903470277786255e-02
1.221733540296554565e-02 5.112086981534957886e-02
1.252130419015884399e-02 5.044689029455184937e-02
1.269365102052688599e-02 5.294895917177200317e-02
1.230998337268829346e-02 5.133821070194244385e-02
1.286867260932922363e-02 5.173242092132568359e-02
1.245502755045890808e-02 5.258295685052871704e-02
1.317472755908966064e-02 5.587427318096160889e-02
1.211131736636161804e-02 5.090437829494476318e-02
1.369367167353630066e-02 5.581009387969970703e-02
1.289545744657516479e-02 5.537442862987518311e-02
1.152179390192031860e-02 5.073168128728866577e-02
9.946301579475402832e-03 5.503623932600021362e-02
1.340562850236892700e-02 5.576633661985397339e-02
1.263183355331420898e-02 5.629726499319076538e-02
1.088604331016540527e-02 5.406099557876586914e-02
1.205138117074966431e-02 5.441120266914367676e-02
1.135085150599479675e-02 5.515500158071517944e-02
1.017302274703979492e-02 5.567494779825210571e-02
1.146548241376876831e-02 5.357770621776580811e-02
1.030645146965980530e-02 5.345840007066726685e-02
1.086083054542541504e-02 5.479236692190170288e-02
9.127750992774963379e-03 5.358194559812545776e-02
1.072223484516143799e-02 5.566786974668502808e-02
8.543498814105987549e-03 5.240355432033538818e-02
9.910125285387039185e-03 5.350755155086517334e-02
1.068358868360519409e-02 5.321127176284790039e-02
9.189948439598083496e-03 5.107015371322631836e-02
1.080151647329330444e-02 5.352566391229629517e-02
9.355828166007995605e-03 4.910034686326980591e-02
1.031181961297988892e-02 5.274878442287445068e-02
9.627863764762878418e-03 4.769402742385864258e-02
9.479627013206481934e-03 5.123647302389144897e-02
9.451046586036682129e-03 4.741311073303222656e-02
9.588226675987243652e-03 4.970383644104003906e-02
9.481854736804962158e-03 5.147830396890640259e-02
6.957393139600753784e-03 4.708202183246612549e-02
9.108319878578186035e-03 5.121680349111557007e-02
8.444506675004959106e-03 4.969172179698944092e-02
1.070356741547584534e-02 5.386675894260406494e-02
1.028686761856079102e-02 5.191872268915176392e-02
9.818840771913528442e-03 4.772274941205978394e-02
1.016530022025108337e-02 5.616378039121627808e-02
1.070830971002578735e-02 5.090619623661041260e-02
9.805470705032348633e-03 4.889166355133056641e-02
8.924290537834167480e-03 5.062540993094444275e-02
9.590655565261840820e-03 5.093202739953994751e-02
1.086346060037612915e-02 5.196718126535415649e-02
8.134469389915466309e-03 4.959491640329360962e-02
8.495796471834182739e-03 5.242996662855148315e-02
9.132169187068939209e-03 5.021173134446144104e-02
9.690124541521072388e-03 5.116529017686843872e-02
8.693151175975799561e-03 5.127172917127609253e-02
1.085827499628067017e-02 5.187800526618957520e-02
9.658679366111755371e-03 4.998593404889106750e-02
9.674679487943649292e-03 5.290818959474563599e-02
1.217755675315856934e-02 5.052074790000915527e-02
1.083605736494064331e-02 5.019422620534896851e-02
1.120539382100105286e-02 5.210366845130920410e-02
1.206315308809280396e-02 5.249630659818649292e-02
1.280749589204788208e-02 5.283325165510177612e-02
9.778141975402832031e-03 5.165261030197143555e-02
1.205325871706008911e-02 5.222932249307632446e-02
1.164933294057846069e-02 4.935304075479507446e-02
1.441767066717147827e-02 5.598688125610351562e-02
1.468066126108169556e-02 5.660904198884963989e-02
1.137052476406097412e-02 5.106205493211746216e-02
1.205957680940628052e-02 4.852952808141708374e-02
1.424131914973258972e-02 5.260152369737625122e-02
1.242528110742568970e-02 5.433085560798645020e-02
1.584940403699874878e-02 5.696544051170349121e-02
1.263357326388359070e-02 5.015713721513748169e-02
1.138911023736000061e-02 5.481905490159988403e-02
1.385214179754257202e-02 5.590137839317321777e-02
1.354137063026428223e-02 5.813023447990417480e-02
1.340501382946968079e-02 5.810998380184173584e-02
1.315128803253173828e-02 5.347634106874465942e-02
1.202950999140739441e-02 5.814027786254882812e-02
1.249879598617553711e-02 5.337622016668319702e-02
1.314350217580795288e-02 5.559132993221282959e-02
1.140401512384414673e-02 5.664933472871780396e-02
1.167318969964981079e-02 5.465219914913177490e-02
1.139292120933532715e-02 5.266910791397094727e-02
9.876623749732971191e-03 4.978787153959274292e-02
1.133155077695846558e-02 5.270327627658843994e-02
1.170521229505538940e-02 5.238015204668045044e-02
1.060225814580917358e-02 5.015417188405990601e-02
1.310170814394950867e-02 5.167638510465621948e-02
8.915491402149200439e-03 4.819802939891815186e-02
1.026632264256477356e-02 5.369991064071655273e-02
1.127893477678298950e-02 5.243559926748275757e-02
1.038162410259246826e-02 4.841452836990356445e-02
1.172335073351860046e-02 5.415861308574676514e-02
1.359681785106658936e-02 5.422347784042358398e-02
1.056653261184692383e-02 4.957454651594161987e-02
1.252442970871925354e-02 5.333553254604339600e-02
1.158959418535232544e-02 5.182550847530364990e-02
1.047864556312561035e-02 4.800970107316970825e-02
1.434994488954544067e-02 5.424552410840988159e-02
1.476368308067321777e-02 5.605576187372207642e-02
1.497773826122283936e-02 5.474147945642471313e-02
1.436765864491462708e-02 5.549427121877670288e-02
1.488503813743591309e-02 5.236616730690002441e-02
1.428064331412315369e-02 5.337464064359664917e-02
1.235526800155639648e-02 5.075994879007339478e-02
1.543132215738296509e-02 5.393441766500473022e-02
1.605325564742088318e-02 5.666984617710113525e-02
1.521213352680206299e-02 5.490328371524810791e-02
1.693374663591384888e-02 5.603828281164169312e-02
1.511760801076889038e-02 5.487446486949920654e-02
1.539659127593040466e-02 5.476347357034683228e-02
1.541164517402648926e-02 5.609323084354400635e-02
1.534344255924224854e-02 5.661109089851379395e-02
1.687717065215110779e-02 5.401944369077682495e-02
1.344289258122444153e-02 5.626867711544036865e-02
1.560625061392784119e-02 5.740398168563842773e-02
1.706665009260177612e-02 5.691906809806823730e-02
1.640120148658752441e-02 5.694215744733810425e-02
1.428417116403579712e-02 5.470360070466995239e-02
1.679304614663124084e-02 5.964680761098861694e-02
1.556843519210815430e-02 5.808360129594802856e-02
1.443090662360191345e-02 5.218414217233657837e-02
1.615754514932632446e-02 6.051229685544967651e-02
1.577413827180862427e-02 5.843153595924377441e-02
1.458285748958587646e-02 5.520734190940856934e-02
1.571203768253326416e-02 5.796916037797927856e-02
1.361199095845222473e-02 5.447495728731155396e-02
1.515261083841323853e-02 5.584543943405151367e-02
1.395713910460472107e-02 5.434007197618484497e-02
1.559009775519371033e-02 5.436192452907562256e-02
1.518801227211952209e-02 5.696459859609603882e-02
1.321017369627952576e-02 5.012979358434677124e-02
1.459551230072975159e-02 5.170733481645584106e-02
1.638285815715789795e-02 5.616632103919982910e-02
1.562240347266197205e-02 5.418442934751510620e-02
1.475856825709342957e-02 5.109320580959320068e-02
1.554937288165092468e-02 5.748692154884338379e-02
1.314927637577056885e-02 5.272366106510162354e-02
1.306901872158050537e-02 4.848681390285491943e-02
1.225499808788299561e-02 5.090085417032241821e-02
1.749064400792121887e-02 5.448520928621292114e-02
1.246428489685058594e-02 4.902979731559753418e-02
1.436744257807731628e-02 5.539961159229278564e-02
1.456762105226516724e-02 5.287383496761322021e-02
1.236797869205474854e-02 5.021231621503829956e-02
1.416342705488204956e-02 5.235496908426284790e-02
1.275220513343811035e-02 5.180822312831878662e-02
1.336182653903961182e-02 5.175890773534774780e-02
1.359253749251365662e-02 4.923909530043601990e-02
1.491218060255050659e-02 5.201508849859237671e-02
1.403234899044036865e-02 5.080207437276840210e-02
1.154992729425430298e-02 4.384483397006988525e-02
1.309925317764282227e-02 5.000063776969909668e-02
1.343211531639099121e-02 4.935352504253387451e-02
1.440850645303726196e-02 5.114030092954635620e-02
1.488094404339790344e-02 5.000223964452743530e-02
1.362790912389755249e-02 5.080848187208175659e-02
1.479131728410720825e-02 4.995283484458923340e-02
1.340214535593986511e-02 5.166324973106384277e-02
1.335600018501281738e-02 4.943909123539924622e-02
1.349728554487228394e-02 4.913975670933723450e-02
1.413005962967872620e-02 5.361834913492202759e-02
1.356089115142822266e-02 5.293686687946319580e-02
1.520972326397895813e-02 5.692501366138458252e-02
1.311232894659042358e-02 5.149563401937484741e-02
1.369256526231765747e-02 5.200829356908798218e-02
1.590333878993988037e-02 5.505845695734024048e-02
1.325391978025436401e-02 5.180682986974716187e-02
1.370195299386978149e-02 5.222743749618530273e-02
1.409539580345153809e-02 5.112534016370773315e-02
1.232491433620452881e-02 5.324538797140121460e-02
1.262463629245758057e-02 5.249446630477905273e-02
1.241324096918106079e-02 5.102036893367767334e-02
1.313740015029907227e-02 5.239380896091461182e-02
1.144277304410934448e-02 5.270799249410629272e-02
1.331286877393722534e-02 5.366047471761703491e-02
1.323158293962478638e-02 5.361179262399673462e-02
1.371082663536071777e-02 5.161999166011810303e-02
1.218781620264053345e-02 5.539564788341522217e-02
1.271065324544906616e-02 5.041828006505966187e-02
1.263903081417083740e-02 5.091684311628341675e-02
1.436309888958930969e-02 5.708212405443191528e-02
1.196646690368652344e-02 5.240689963102340698e-02
1.483292877674102783e-02 5.669851601123809814e-02
1.274082064628601074e-02 5.443006753921508789e-02
1.397555321455001831e-02 5.818379670381546021e-02
1.268415153026580811e-02 5.401858687400817871e-02
1.456878334283828735e-02 5.572876334190368652e-02
1.324712112545967102e-02 5.554521083831787109e-02
1.363052427768707275e-02 5.506909638643264771e-02
1.484228670597076416e-02 5.966608226299285889e-02
1.294822245836257935e-02 5.383590608835220337e-02
1.351097226142883301e-02 5.604982376098632812e-02
1.534216478466987610e-02 5.855383723974227905e-02
1.433775573968887329e-02 5.633383989334106445e-02
1.326438784599304199e-02 5.461356043815612793e-02
1.517654955387115479e-02 5.532956868410110474e-02
1.455689221620559692e-02 5.252042412757873535e-02
1.428067684173583984e-02 5.513627827167510986e-02
1.376621425151824951e-02 5.439584702253341675e-02
1.533464342355728149e-02 5.502846837043762207e-02
1.441081613302230835e-02 5.609619617462158203e-02
1.455326750874519348e-02 5.569209158420562744e-02
1.425693556666374207e-02 5.659371614456176758e-02
1.213595271110534668e-02 5.246964097023010254e-02
1.456396281719207764e-02 5.978067219257354736e-02
1.018658280372619629e-02 5.236505717039108276e-02
1.279844343662261963e-02 5.288649350404739380e-02
1.276760548353195190e-02 5.112929642200469971e-02
1.305453106760978699e-02 5.649267882108688354e-02
1.433404907584190369e-02 5.481689423322677612e-02
1.299343630671501160e-02 5.279569327831268311e-02
1.302292197942733765e-02 4.937329143285751343e-02
1.541144400835037231e-02 5.627276748418807983e-02
1.567585766315460205e-02 5.685215443372726440e-02
1.463951542973518372e-02 5.429796874523162842e-02
1.534678041934967041e-02 5.378812551498413086e-02
1.531169563531875610e-02 5.402041971683502197e-02
1.681129634380340576e-02 5.332103371620178223e-02
1.330045610666275024e-02 5.341900885105133057e-02
1.419097930192947388e-02 5.254171788692474365e-02
1.551182568073272705e-02 5.791532248258590698e-02
1.527465507388114929e-02 5.468252301216125488e-02
1.602295786142349243e-02 5.729066580533981323e-02
1.373408734798431396e-02 5.825790017843246460e-02
1.534551382064819336e-02 5.741381645202636719e-02
1.468121260404586792e-02 5.703499168157577515e-02
1.377924531698226929e-02 5.661188811063766479e-02
1.284808292984962463e-02 5.644848197698593140e-02
1.541741192340850830e-02 5.886774510145187378e-02
1.382718235254287720e-02 5.947656184434890747e-02
1.399849355220794678e-02 5.760196596384048462e-02
1.499262079596519470e-02 5.654668062925338745e-02
1.406826078891754150e-02 5.638697743415832520e-02
1.462863385677337646e-02 5.886586010456085205e-02
1.568140834569931030e-02 5.643151700496673584e-02
1.133383065462112427e-02 5.545006692409515381e-02
1.371298730373382568e-02 5.515895038843154907e-02
1.250649616122245789e-02 5.663785338401794434e-02
1.484563574194908142e-02 5.473000556230545044e-02
1.416502520442008972e-02 5.544342100620269775e-02
1.387021690607070923e-02 5.645561218261718750e-02
1.410631835460662842e-02 5.780205130577087402e-02
1.323635131120681763e-02 5.582105368375778198e-02
1.346254348754882812e-02 5.366345494985580444e-02
1.358494907617568970e-02 6.057357788085937500e-02
1.466616243124008179e-02 5.397032201290130615e-02
1.473491638898849487e-02 5.585505813360214233e-02
1.471129059791564941e-02 5.598204582929611206e-02
1.465353369712829590e-02 5.588338524103164673e-02
1.264900714159011841e-02 5.226297676563262939e-02
1.475921273231506348e-02 5.226428061723709106e-02
1.458951458334922791e-02 5.998777598142623901e-02
1.347359642386436462e-02 5.584696680307388306e-02
1.260256767272949219e-02 5.618247389793395996e-02
1.372175663709640503e-02 5.588231980800628662e-02
1.132301613688468933e-02 5.573944747447967529e-02
1.311441510915756226e-02 5.699448287487030029e-02
1.151072233915328979e-02 5.402135848999023438e-02
1.254940032958984375e-02 5.739182233810424805e-02
1.293589174747467041e-02 5.743498355150222778e-02
1.029686257243156433e-02 5.469769239425659180e-02
1.211730390787124634e-02 5.881402641534805298e-02
1.111467927694320679e-02 5.644025653600692749e-02
1.226697117090225220e-02 5.682671815156936646e-02
1.306581497192382812e-02 5.722150951623916626e-02
1.240623742341995239e-02 5.407100915908813477e-02
1.153651997447013855e-02 5.572038143873214722e-02
1.398187503218650818e-02 5.683911591768264771e-02
1.466087251901626587e-02 5.733826756477355957e-02
1.400875300168991089e-02 5.902404338121414185e-02
1.341195404529571533e-02 5.711807310581207275e-02
1.221359521150588989e-02 5.334346741437911987e-02
1.287066191434860229e-02 5.466999113559722900e-02
1.538912951946258545e-02 6.050247699022293091e-02
1.344096660614013672e-02 5.556085705757141113e-02
1.481346786022186279e-02 5.661063641309738159e-02
1.208314299583435059e-02 5.275133997201919556e-02
1.197542250156402588e-02 5.270885676145553589e-02
1.535683497786521912e-02 5.646744370460510254e-02
1.152034848928451538e-02 5.300910770893096924e-02
1.214995235204696655e-02 5.553296208381652832e-02
1.459974423050880432e-02 5.476121604442596436e-02
1.231597363948822021e-02 5.816240608692169189e-02
1.525312289595603943e-02 5.573961138725280762e-02
1.336381956934928894e-02 5.560211092233657837e-02
1.361821219325065613e-02 5.602047592401504517e-02
1.369733363389968872e-02 5.568150430917739868e-02
1.228726655244827271e-02 5.691906809806823730e-02
1.337143778800964355e-02 5.608052015304565430e-02
1.109446212649345398e-02 5.327212810516357422e-02
1.307227835059165955e-02 5.878496170043945312e-02
1.231211423873901367e-02 5.180213600397109985e-02
1.175475120544433594e-02 5.560052394866943359e-02
1.284380629658699036e-02 5.366496741771697998e-02
1.157150417566299438e-02 5.353949964046478271e-02
1.125072687864303589e-02 5.734355002641677856e-02
1.182975992560386658e-02 5.579766631126403809e-02
1.093922555446624756e-02 5.278684198856353760e-02
1.050173491239547729e-02 5.525507777929306030e-02
1.058270409703254700e-02 5.460142344236373901e-02
1.280612498521804810e-02 5.664767324924468994e-02
1.063522696495056152e-02 5.122891068458557129e-02
9.908057749271392822e-03 5.589588731527328491e-02
1.137503981590270996e-02 5.335251986980438232e-02
1.127080991864204407e-02 5.487127602100372314e-02
9.950369596481323242e-03 5.396001785993576050e-02
1.091457903385162354e-02 5.519577860832214355e-02
1.102296262979507446e-02 5.339217185974121094e-02
1.184181123971939087e-02 5.358213186264038086e-02
1.165317371487617493e-02 5.269493907690048218e-02
1.242663711309432983e-02 5.554039031267166138e-02
1.048201322555541992e-02 5.237536877393722534e-02
1.145865768194198608e-02 5.133587867021560669e-02
1.250032335519790649e-02 5.590278655290603638e-02
1.093173772096633911e-02 5.265691876411437988e-02
1.182094961404800415e-02 5.258689075708389282e-02
1.183660328388214111e-02 5.259947478771209717e-02
1.286459714174270630e-02 5.489906668663024902e-02
1.184877753257751465e-02 5.205740779638290405e-02
1.183935999870300293e-02 5.285646766424179077e-02
1.218082383275032043e-02 5.007755756378173828e-02
1.215722411870956421e-02 5.179660767316818237e-02
1.302798837423324585e-02 5.299678444862365723e-02
1.262513548135757446e-02 5.220548808574676514e-02
1.157607138156890869e-02 5.140491575002670288e-02
1.311532035470008850e-02 5.484294891357421875e-02
1.199910789728164673e-02 5.193994939327239990e-02
1.288298144936561584e-02 5.121493339538574219e-02
1.296557858586311340e-02 5.431459844112396240e-02
1.173998787999153137e-02 5.327508598566055298e-02
1.130822300910949707e-02 5.223732441663742065e-02
1.237007975578308105e-02 5.289126187562942505e-02
1.298680901527404785e-02 5.251102149486541748e-02
1.436895877122879028e-02 5.555271357297897339e-02
1.323831453919410706e-02 5.365338921546936035e-02
1.357373595237731934e-02 5.368608981370925903e-02
1.286553591489791870e-02 5.348613113164901733e-02
1.213256642222404480e-02 5.310334265232086182e-02
1.227000728249549866e-02 5.166751891374588013e-02
1.338526606559753418e-02 5.394124984741210938e-02
1.151306927204132080e-02 5.103176832199096680e-02
1.261738687753677368e-02 5.371109396219253540e-02
1.140340790152549744e-02 5.291189998388290405e-02
1.134082674980163574e-02 5.123813450336456299e-02
1.046437770128250122e-02 5.062128603458404541e-02
1.111264154314994812e-02 5.129792541265487671e-02
1.094911247491836548e-02 5.178917199373245239e-02
1.121685653924942017e-02 5.351550132036209106e-02
1.114491745829582214e-02 4.976662248373031616e-02
1.271742209792137146e-02 5.605610460042953491e-02
1.209526509046554565e-02 5.091982334852218628e-02
1.142827793955802917e-02 5.361155420541763306e-02
1.267465204000473022e-02 5.276243388652801514e-02
1.285989582538604736e-02 5.354006588459014893e-02
1.260962709784507751e-02 5.319083482027053833e-02
1.237833127379417419e-02 5.108434706926345825e-02
1.267366111278533936e-02 5.388488620519638062e-02
1.322498545050621033e-02 5.227386951446533203e-02
1.104564219713211060e-02 5.177025496959686279e-02
1.350976526737213135e-02 5.234992504119873047e-02
1.234810054302215576e-02 5.357827246189117432e-02
1.233180984854698181e-02 5.330370366573333740e-02
1.263295859098434448e-02 5.303009599447250366e-02
1.231484115123748779e-02 5.052876845002174377e-02
1.247385889291763306e-02 5.251145362854003906e-02
1.200899481773376465e-02 5.207426846027374268e-02
1.242914795875549316e-02 5.170681327581405640e-02
1.061221957206726074e-02 4.849463701248168945e-02
9.291827678680419922e-03 5.169085413217544556e-02
1.114147901535034180e-02 5.252715200185775757e-02
1.118414103984832764e-02 5.091218650341033936e-02
1.105386763811111450e-02 5.250356346368789673e-02
1.010615378618240356e-02 4.888690263032913208e-02
1.104347035288810730e-02 5.172482132911682129e-02
1.077973842620849609e-02 5.378105491399765015e-02
1.160131394863128662e-02 5.448341369628906250e-02
1.311457157135009766e-02 5.634534358978271484e-02
1.110763102769851685e-02 5.301966518163681030e-02
1.255156844854354858e-02 5.320490896701812744e-02
1.247086375951766968e-02 5.492231994867324829e-02
1.420170068740844727e-02 5.423385649919509888e-02
1.294084265828132629e-02 5.474988371133804321e-02
1.334021985530853271e-02 5.523698031902313232e-02
1.323400065302848816e-02 5.577710270881652832e-02
1.249241083860397339e-02 5.465904623270034790e-02
1.178811490535736084e-02 5.216373503208160400e-02
1.154566556215286255e-02 5.352316051721572876e-02
1.298107951879501343e-02 5.869560688734054565e-02
1.323319599032402039e-02 6.032469868659973145e-02
1.086028665304183960e-02 5.505879968404769897e-02
1.228992640972137451e-02 5.420760810375213623e-02
1.222907751798629761e-02 5.596118420362472534e-02
1.095363870263099670e-02 5.224489420652389526e-02
1.220785453915596008e-02 5.176983028650283813e-02
1.145119220018386841e-02 5.272924154996871948e-02
1.243588700890541077e-02 5.396080017089843750e-02
1.244627684354782104e-02 5.360424518585205078e-02
1.358294859528541565e-02 5.466354638338088989e-02
1.269598677754402161e-02 4.963481426239013672e-02
1.263007521629333496e-02 5.237236618995666504e-02
1.239025965332984924e-02 5.329623818397521973e-02
1.367388293147087097e-02 5.459484457969665527e-02
1.196091249585151672e-02 5.402325838804244995e-02
1.281005144119262695e-02 5.389873683452606201e-02
1.226263493299484253e-02 5.346215516328811646e-02
1.259165257215499878e-02 5.565375834703445435e-02
1.292550563812255859e-02 6.038141250610351562e-02
9.110610932111740112e-03 5.057296529412269592e-02
1.170499250292778015e-02 5.591257661581039429e-02
1.320017501711845398e-02 5.596606433391571045e-02
1.028490811586380005e-02 5.315163731575012207e-02
1.067395880818367004e-02 5.488630384206771851e-02
1.148738712072372437e-02 4.999821633100509644e-02
1.321446895599365234e-02 5.640881508588790894e-02
1.076414436101913452e-02 5.351666361093521118e-02
1.272748410701751709e-02 5.528812110424041748e-02
9.688444435596466064e-03 5.132691562175750732e-02
1.405664160847663879e-02 5.513330549001693726e-02
1.167849451303482056e-02 5.143921077251434326e-02
1.253541558980941772e-02 5.545376986265182495e-02
1.421921700239181519e-02 5.366741865873336792e-02
1.495758444070816040e-02 5.766937881708145142e-02
1.354918628931045532e-02 5.033279210329055786e-02
1.135765016078948975e-02 4.981824010610580444e-02
1.320589333772659302e-02 5.162369459867477417e-02
1.282089948654174805e-02 5.688335746526718140e-02
1.139994710683822632e-02 5.138987302780151367e-02
1.328016817569732666e-02 5.961743742227554321e-02
1.265186816453933716e-02 5.193395912647247314e-02
1.370668411254882812e-02 6.040260195732116699e-02
1.065615564584732056e-02 5.275739729404449463e-02
1.367332041263580322e-02 5.522961169481277466e-02
1.151307299733161926e-02 5.179392546415328979e-02
1.286876946687698364e-02 5.480946600437164307e-02
1.617914810776710510e-02 5.673615634441375732e-02
1.319456472992897034e-02 5.201512575149536133e-02
1.543636992573738098e-02 5.257994681596755981e-02
1.484185829758644104e-02 5.667926371097564697e-02
1.496187597513198853e-02 5.120950192213058472e-02
1.475503295660018921e-02 5.327004194259643555e-02
1.641232520341873169e-02 5.633955448865890503e-02
1.612509787082672119e-02 5.630116909742355347e-02
1.609078049659729004e-02 5.786833912134170532e-02
1.399241387844085693e-02 5.390956997871398926e-02
1.474063843488693237e-02 5.286061763763427734e-02
1.404172927141189575e-02 5.766630172729492188e-02
1.642017066478729248e-02 5.750457942485809326e-02
1.472428441047668457e-02 5.952052026987075806e-02
1.296550408005714417e-02 5.686820298433303833e-02
1.311416178941726685e-02 5.698294937610626221e-02
1.298028230667114258e-02 5.622538924217224121e-02
1.337988674640655518e-02 5.591962486505508423e-02
1.433141529560089111e-02 5.629820376634597778e-02
1.382781565189361572e-02 5.872374773025512695e-02
1.334308832883834839e-02 5.381172895431518555e-02
1.441619917750358582e-02 5.923804640769958496e-02
1.421724259853363037e-02 5.755900591611862183e-02
1.229358464479446411e-02 5.562806874513626099e-02
1.330492645502090454e-02 5.542749166488647461e-02
1.488845050334930420e-02 5.761563777923583984e-02
1.324341818690299988e-02 5.614706128835678101e-02
1.516429334878921509e-02 5.438332259654998779e-02
1.277645677328109741e-02 5.472136288881301880e-02
1.330801099538803101e-02 5.502889305353164673e-02
1.236344873905181885e-02 5.605700612068176270e-02
1.272784918546676636e-02 5.592573434114456177e-02
1.143332943320274353e-02 5.097290873527526855e-02
1.167989522218704224e-02 5.312310159206390381e-02
1.085602492094039917e-02 5.474878102540969849e-02
1.186649128794670105e-02 5.219449847936630249e-02
8.674670010805130005e-03 5.146465450525283813e-02
1.334585994482040405e-02 5.455058813095092773e-02
9.770408272743225098e-03 5.282875895500183105e-02
9.574901312589645386e-03 5.659551918506622314e-02
1.131787523627281189e-02 5.017726123332977295e-02
1.218067109584808350e-02 5.510666221380233765e-02
1.214579865336418152e-02 5.282402783632278442e-02
1.297051459550857544e-02 5.715327709913253784e-02
1.084528863430023193e-02 4.941371828317642212e-02
1.305326446890830994e-02 5.545646697282791138e-02
1.338394731283187866e-02 5.225501209497451782e-02
1.233091950416564941e-02 5.333949625492095947e-02
1.313794404268264771e-02 5.141382664442062378e-02
1.445335522294044495e-02 5.490972846746444702e-02
1.736598834395408630e-02 5.695179104804992676e-02
1.440718770027160645e-02 5.344025790691375732e-02
1.486032828688621521e-02 5.356305837631225586e-02
1.680345460772514343e-02 5.484183877706527710e-02
1.641694828867912292e-02 5.798949301242828369e-02
1.430144160985946655e-02 5.592437088489532471e-02
1.531364768743515015e-02 5.328451842069625854e-02
1.390478014945983887e-02 5.924110114574432373e-02
1.533708721399307251e-02 5.640696734189987183e-02
1.584064960479736328e-02 6.169147044420242310e-02
1.611611992120742798e-02 5.646452307701110840e-02
1.743134111166000366e-02 5.929291993379592896e-02
1.735533773899078369e-02 5.680008977651596069e-02
1.844021677970886230e-02 5.847228318452835083e-02
1.655813306570053101e-02 5.718985199928283691e-02
1.605496183037757874e-02 5.643503367900848389e-02
1.627396792173385620e-02 5.591485649347305298e-02
1.599178463220596313e-02 5.333480238914489746e-02
1.484873145818710327e-02 5.633319914340972900e-02
1.668425276875495911e-02 5.618732422590255737e-02
1.454806327819824219e-02 5.722568929195404053e-02
1.425163820385932922e-02 5.648823827505111694e-02
1.375123858451843262e-02 5.707417428493499756e-02
1.276056095957756042e-02 5.544748157262802124e-02
1.325613260269165039e-02 5.698481202125549316e-02
1.180526614189147949e-02 5.661074072122573853e-02
1.334043964743614197e-02 5.872280150651931763e-02
1.222006976604461670e-02 5.663493275642395020e-02
1.283453777432441711e-02 5.833800137042999268e-02
1.414560154080390930e-02 5.766743421554565430e-02
1.430862396955490112e-02 5.641274899244308472e-02
1.493687927722930908e-02 5.996356159448623657e-02
1.559841632843017578e-02 5.460238456726074219e-02
1.594428718090057373e-02 5.831606686115264893e-02
1.817455142736434937e-02 6.063394993543624878e-02
1.772742718458175659e-02 6.149382889270782471e-02
1.875226944684982300e-02 5.968549847602844238e-02
1.763473451137542725e-02 6.018348038196563721e-02
1.727841049432754517e-02 5.964669585227966309e-02
1.909866183996200562e-02 6.257761269807815552e-02
1.743154227733612061e-02 6.133577227592468262e-02
1.633293181657791138e-02 6.109537929296493530e-02
1.625025272369384766e-02 5.935780704021453857e-02
1.684458553791046143e-02 6.125201284885406494e-02
1.537521928548812866e-02 5.766458064317703247e-02
1.493923366069793701e-02 5.592996627092361450e-02
1.683295518159866333e-02 5.755952745676040649e-02
1.618368551135063171e-02 5.394075810909271240e-02
1.635951548814773560e-02 5.496667325496673584e-02
1.640469953417778015e-02 5.468259006738662720e-02
1.631140336394309998e-02 5.566987395286560059e-02
1.798151805996894836e-02 5.404597520828247070e-02
1.550220698118209839e-02 5.013573169708251953e-02
1.737853139638900757e-02 5.267476290464401245e-02
1.738608628511428833e-02 5.210634320974349976e-02
1.691225916147232056e-02 5.184040218591690063e-02
1.616997644305229187e-02 5.067917704582214355e-02
1.678676530718803406e-02 5.230227112770080566e-02
1.573551446199417114e-02 5.277668684720993042e-02
1.424078270792961121e-02 5.039901286363601685e-02
1.571487635374069214e-02 5.317376554012298584e-02
1.621200144290924072e-02 5.458798259496688843e-02
1.416193693876266479e-02 5.441135168075561523e-02
1.573168486356735229e-02 5.623572319746017456e-02
1.431792601943016052e-02 5.606684833765029907e-02
-2.767816185951232910e-04 1.996019855141639709e-03
5.281269550323486328e-04 2.347109839320182800e-03
4.506185650825500488e-04 7.211919873952865601e-04
3.091469407081604004e-04 2.578916028141975403e-03
2.476663887500762939e-02 6.564465165138244629e-02
2.506808936595916748e-02 6.984765082597732544e-02
2.620026469230651855e-02 6.659364700317382812e-02
2.736190706491470337e-02 6.741986423730850220e-02
