1.078498661518096924e-01 -2.707367539405822754e-01
6.977136433124542236e-02 -2.471625506877899170e-01
-1.878589391708374023e-04 -1.605044007301330566e-01
-1.128077507019042969e-03 -1.242609396576881409e-01
5.842241644859313965e-02 -1.630907058715820312e-01
9.146936237812042236e-02 -1.471640765666961670e-01
8.849765360355377197e-02 -1.292521953582763672e-01
1.617475450038909912e-01 -1.801790744066238403e-01
8.722665905952453613e-02 -1.522699892520904541e-01
6.644584238529205322e-03 -1.039093956351280212e-01
-3.486633300781250000e-03 -9.849861264228820801e-02
7.866524159908294678e-02 -1.858324706554412842e-01
1.211856007575988770e-01 -2.110800147056579590e-01
7.933124899864196777e-02 -2.203480899333953857e-01
1.088535189628601074e-01 -2.196155786514282227e-01
9.979763627052307129e-02 -2.101518809795379639e-01
1.216963827610015869e-01 -2.278954684734344482e-01
6.017039716243743896e-02 -1.970202028751373291e-01
1.084941625595092773e-01 -2.221982330083847046e-01
-3.888107836246490479e-03 -1.525299102067947388e-01
2.031458914279937744e-02 -1.982893943786621094e-01
3.410965204238891602e-03 -2.199699282646179199e-01
4.416868090629577637e-03 -2.677699029445648193e-01
-7.850699126720428467e-02 -2.481188476085662842e-01
-1.118924617767333984e-01 -2.559632658958435059e-01
-8.659325540065765381e-02 -2.573103010654449463e-01
-2.616724371910095215e-02 -2.369014322757720947e-01
1.496350765228271484e-02 -1.913634240627288818e-01
1.330794394016265869e-02 -1.929302513599395752e-01
-4.180701076984405518e-02 -1.851542741060256958e-01
-1.129200607538223267e-01 -1.214302629232406616e-01
-1.137621179223060608e-01 -1.397026628255844116e-01
-8.693524450063705444e-02 -1.608397215604782104e-01
-1.180760264396667480e-01 -1.728302240371704102e-01
-7.825130224227905273e-02 -1.880255937576293945e-01
-1.197765767574310303e-02 -2.629910111427307129e-01
-4.135099053382873535e-02 -2.959537506103515625e-01
-4.516105353832244873e-02 -2.738416790962219238e-01
-4.943326115608215332e-02 -2.750801742076873779e-01
-3.047759830951690674e-02 -2.858687639236450195e-01
-4.667557030916213989e-02 -2.877488732337951660e-01
7.051594555377960205e-02 -3.532192111015319824e-01
6.462229788303375244e-02 -3.353432416915893555e-01
1.024792194366455078e-01 -3.349451422691345215e-01
1.161939948797225952e-01 -3.218313753604888916e-01
1.687601506710052490e-01 -3.124315440654754639e-01
1.733244359493255615e-01 -3.157267868518829346e-01
1.619850695133209229e-01 -3.211856484413146973e-01
1.928573548793792725e-01 -3.397684693336486816e-01
1.731319129467010498e-01 -3.209824264049530029e-01
1.981479525566101074e-01 -3.293746113777160645e-01
1.446222066879272461e-01 -3.054918646812438965e-01
1.108905822038650513e-01 -3.072355985641479492e-01
9.712585806846618652e-02 -3.069488406181335449e-01
6.787964701652526855e-02 -3.156752884387969971e-01
-1.872792094945907593e-02 -2.883824706077575684e-01
-4.719263315200805664e-02 -2.758444547653198242e-01
-6.089748069643974304e-02 -2.713234424591064453e-01
-4.613197594881057739e-02 -2.589301764965057373e-01
-4.951414465904235840e-02 -2.574529647827148438e-01
-3.089335560798645020e-02 -2.767128646373748779e-01
-1.452361047267913818e-02 -2.783097922801971436e-01
-1.438543200492858887e-02 -2.788211703300476074e-01
-6.197527050971984863e-03 -2.794000506401062012e-01
-1.130580902099609375e-03 -2.784774005413055420e-01
-4.836633801460266113e-03 -2.627511918544769287e-01
1.539289951324462891e-03 -2.658073604106903076e-01
-7.736153900623321533e-03 -2.510870695114135742e-01
1.249790191650390625e-03 -2.493436336517333984e-01
-1.793858408927917480e-02 -2.420379221439361572e-01
-1.220273226499557495e-02 -2.431252300739288330e-01
-1.429551839828491211e-02 -2.373027801513671875e-01
-2.323078364133834839e-02 -2.333142906427383423e-01
-2.711205184459686279e-02 -2.383904904127120972e-01
-2.419671416282653809e-02 -2.321408689022064209e-01
-2.637043595314025879e-02 -2.269637882709503174e-01
-1.931898295879364014e-02 -2.305767834186553955e-01
-1.736291497945785522e-02 -2.223462462425231934e-01
-2.605211734771728516e-02 -2.176547944545745850e-01
-2.840000391006469727e-02 -2.092178463935852051e-01
-2.351690083742141724e-02 -2.102976739406585693e-01
-3.097397089004516602e-02 -2.023023962974548340e-01
-2.276895195245742798e-02 -2.036144435405731201e-01
-2.792083472013473511e-02 -1.966899335384368896e-01
-3.676615655422210693e-02 -1.989614963531494141e-01
-4.070596396923065186e-02 -1.987836062908172607e-01
-3.190112113952636719e-02 -2.006375193595886230e-01
-2.728009223937988281e-02 -2.013204991817474365e-01
-2.415555715560913086e-02 -2.022633552551269531e-01
-2.665333449840545654e-02 -1.985926926136016846e-01
-2.851672470569610596e-02 -1.965014636516571045e-01
-2.120669186115264893e-02 -1.971403509378433228e-01
-2.273418009281158447e-02 -1.974125802516937256e-01
-2.182910591363906860e-02 -1.979649513959884644e-01
-2.993205189704895020e-02 -1.908924579620361328e-01
-1.870006322860717773e-02 -1.932513117790222168e-01
-1.632155478000640869e-02 -1.902685314416885376e-01
-1.714795827865600586e-02 -1.919564008712768555e-01
-1.460026949644088745e-02 -1.916357874870300293e-01
-1.590272039175033569e-02 -1.900309026241302490e-01
-1.666268706321716309e-02 -1.900823414325714111e-01
-1.433366537094116211e-02 -1.891815811395645142e-01
-1.551882922649383545e-02 -1.871244162321090698e-01
-9.124085307121276855e-03 -1.873199641704559326e-01
-1.610231399536132812e-02 -1.828028559684753418e-01
-1.682970672845840454e-02 -1.803094148635864258e-01
-8.038938045501708984e-03 -1.917046904563903809e-01
-2.509827911853790283e-02 -1.758885383605957031e-01
-1.179745793342590332e-02 -1.804704815149307251e-01
-8.114881813526153564e-03 -1.843504458665847778e-01
4.594914615154266357e-03 -1.944394260644912720e-01
-1.131452620029449463e-02 -1.852845251560211182e-01
-1.944486796855926514e-02 -1.800288259983062744e-01
-9.108036756515502930e-03 -1.851588487625122070e-01
-6.292983889579772949e-03 -1.859829127788543701e-01
-1.908363401889801025e-02 -1.747805029153823853e-01
-1.986293494701385498e-02 -1.739526540040969849e-01
-3.166532516479492188e-02 -1.662499904632568359e-01
-3.105880320072174072e-02 -1.604524552822113037e-01
-3.349909186363220215e-02 -1.595977693796157837e-01
-2.323958277702331543e-02 -1.684582680463790894e-01
-3.422888368368148804e-02 -1.602700054645538330e-01
-1.818619668483734131e-02 -1.702875941991806030e-01
-1.196706295013427734e-02 -1.753449738025665283e-01
-1.605439186096191406e-02 -1.756832003593444824e-01
-2.248588949441909790e-02 -1.700315773487091064e-01
-5.040176212787628174e-03 -1.815749555826187134e-01
-1.185332238674163818e-02 -1.769123226404190063e-01
-3.161869943141937256e-03 -1.850132048130035400e-01
-6.741553544998168945e-03 -1.818852126598358154e-01
-1.328062266111373901e-02 -1.801258921623229980e-01
-8.551478385925292969e-03 -1.846524477005004883e-01
-4.307664930820465088e-03 -1.854016184806823730e-01
-8.350357413291931152e-03 -1.807938516139984131e-01
4.179924726486206055e-04 -1.870233118534088135e-01
2.391964197158813477e-03 -1.861923038959503174e-01
1.026204228401184082e-02 -1.886625587940216064e-01
7.318854331970214844e-03 -1.869164407253265381e-01
-1.717834174633026123e-02 -1.741781234741210938e-01
-3.193094581365585327e-02 -1.663496196269989014e-01
-1.785470545291900635e-02 -1.730020195245742798e-01
-2.322868257761001587e-02 -1.705887168645858765e-01
-2.453193068504333496e-02 -1.764122843742370605e-01
-3.213633596897125244e-02 -1.693748235702514648e-01
8.090764284133911133e-03 -1.987091898918151855e-01
1.821684837341308594e-02 -1.962229907512664795e-01
2.706551551818847656e-02 -1.975887268781661987e-01
-1.593765616416931152e-02 -1.704092770814895630e-01
1.422029733657836914e-02 -1.862383335828781128e-01
2.848629653453826904e-02 -1.955525726079940796e-01
1.645557582378387451e-02 -1.859854757785797119e-01
1.303598284721374512e-02 -1.855545043945312500e-01
-5.006477236747741699e-03 -1.779271215200424194e-01
-3.695033490657806396e-03 -1.767424345016479492e-01
1.529842615127563477e-03 -1.816812902688980103e-01
-3.357581794261932373e-03 -1.765469312667846680e-01
-3.155596554279327393e-03 -1.787767112255096436e-01
-3.777019679546356201e-03 -1.770795285701751709e-01
-1.128442585468292236e-02 -1.738554835319519043e-01
-1.130587607622146606e-02 -1.739901602268218994e-01
-1.112619787454605103e-02 -1.736187338829040527e-01
-6.931446492671966553e-03 -1.728484481573104858e-01
-8.570246398448944092e-03 -1.724559962749481201e-01
5.573242902755737305e-03 -1.796324253082275391e-01
-2.476066350936889648e-03 -1.755542159080505371e-01
1.200801134109497070e-02 -1.798781752586364746e-01
6.970211863517761230e-03 -1.790751814842224121e-01
2.012453973293304443e-03 -1.766626387834548950e-01
3.369152545928955078e-05 -1.764527261257171631e-01
-2.641625702381134033e-03 -1.731653064489364624e-01
-5.467399954795837402e-03 -1.731413602828979492e-01
2.413183450698852539e-03 -1.771737635135650635e-01
7.053315639495849609e-04 -1.772373020648956299e-01
7.685527205467224121e-03 -1.794686317443847656e-01
2.053573727607727051e-03 -1.777294129133224487e-01
6.173893809318542480e-03 -1.806990206241607666e-01
9.122937917709350586e-04 -1.798587739467620850e-01
-2.347864210605621338e-03 -1.743920147418975830e-01
4.301235079765319824e-03 -1.785081773996353149e-01
1.158103346824645996e-03 -1.750339120626449585e-01
-3.179281949996948242e-03 -1.736026257276535034e-01
-6.182894110679626465e-03 -1.727266311645507812e-01
-4.389159381389617920e-03 -1.757201254367828369e-01
1.004248857498168945e-02 -1.845417469739913940e-01
3.330871462821960449e-03 -1.813981980085372925e-01
4.596143960952758789e-03 -1.816398203372955322e-01
2.778880298137664795e-03 -1.795406937599182129e-01
-6.826221942901611328e-03 -1.690678298473358154e-01
5.154132843017578125e-03 -1.777520775794982910e-01
1.160195469856262207e-02 -1.823838651180267334e-01
1.144632697105407715e-04 -1.777198314666748047e-01
-4.678070545196533203e-03 -1.746554821729660034e-01
-1.111432909965515137e-03 -1.770028173923492432e-01
3.991365432739257812e-03 -1.829897165298461914e-01
-2.185620367527008057e-03 -1.730014532804489136e-01
1.159310340881347656e-03 -1.739660203456878662e-01
-1.258864998817443848e-03 -1.738544702529907227e-01
-2.713784575462341309e-03 -1.770144999027252197e-01
-2.206866443157196045e-02 -1.625746935606002808e-01
-9.863264858722686768e-03 -1.706244945526123047e-01
-1.502306014299392700e-02 -1.673748791217803955e-01
-8.257731795310974121e-03 -1.718176603317260742e-01
-1.381725072860717773e-03 -1.735453456640243530e-01
-2.863869071006774902e-03 -1.745043396949768066e-01
2.696968615055084229e-03 -1.802048832178115845e-01
3.555268049240112305e-04 -1.774764358997344971e-01
-3.448605537414550781e-03 -1.746791899204254150e-01
-9.797789156436920166e-03 -1.702751368284225464e-01
-1.303441822528839111e-02 -1.687579154968261719e-01
-1.376107335090637207e-03 -1.754608154296875000e-01
-9.484946727752685547e-03 -1.700055748224258423e-01
4.714176058769226074e-03 -1.738842129707336426e-01
-2.694115042686462402e-03 -1.693020015954971313e-01
-3.762193024158477783e-03 -1.709105968475341797e-01
6.147332489490509033e-03 -1.791767477989196777e-01
1.250538229942321777e-02 -1.832482367753982544e-01
8.582025766372680664e-03 -1.822772324085235596e-01
-7.018223404884338379e-03 -1.699167937040328979e-01
-4.944145679473876953e-03 -1.685529798269271851e-01
-1.862762868404388428e-02 -1.610901355743408203e-01
-8.518338203430175781e-03 -1.689582914113998413e-01
-1.013055443763732910e-02 -1.647463440895080566e-01
-3.379583358764648438e-03 -1.688693165779113770e-01
-2.342961728572845459e-03 -1.676669865846633911e-01
-9.811922907829284668e-03 -1.634916365146636963e-01
-1.588171720504760742e-02 -1.578503847122192383e-01
-1.583708822727203369e-02 -1.605692058801651001e-01
-2.754053473472595215e-02 -1.520762890577316284e-01
-1.985512673854827881e-02 -1.569487899541854858e-01
-2.474572509527206421e-02 -1.492995917797088623e-01
-1.271216571331024170e-02 -1.566902995109558105e-01
-4.509590566158294678e-03 -1.599344015121459961e-01
1.423940062522888184e-02 -1.739273220300674438e-01
1.477234065532684326e-02 -1.664668619632720947e-01
2.894192934036254883e-02 -1.757939010858535767e-01
3.706672787666320801e-02 -1.791250705718994141e-01
5.230236053466796875e-02 -1.908726692199707031e-01
3.420327603816986084e-02 -1.774491369724273682e-01
4.184800386428833008e-02 -1.792711168527603149e-01
7.341235876083374023e-02 -2.022862136363983154e-01
6.956480443477630615e-02 -1.952595114707946777e-01
6.921653449535369873e-02 -1.971965730190277100e-01
7.158097624778747559e-02 -2.022656500339508057e-01
6.912457942962646484e-02 -2.023769617080688477e-01
4.414999485015869141e-02 -1.882732510566711426e-01
2.801325917243957520e-02 -1.773020774126052856e-01
3.435042500495910645e-02 -1.795655339956283569e-01
4.483146965503692627e-02 -1.917299628257751465e-01
5.240862071514129639e-02 -2.015240490436553955e-01
3.935866057872772217e-02 -1.955170333385467529e-01
5.785815417766571045e-03 -1.725877523422241211e-01
-1.495777815580368042e-02 -1.612199693918228149e-01
9.670853614807128906e-06 -1.658720076084136963e-01
5.940474569797515869e-03 -1.748170852661132812e-01
-1.962152123451232910e-02 -1.540314853191375732e-01
-3.461474925279617310e-02 -1.407747864723205566e-01
-1.130510866641998291e-02 -1.513105630874633789e-01
2.457867562770843506e-02 -1.728737354278564453e-01
3.304398059844970703e-02 -1.797025203704833984e-01
4.039841890335083008e-02 -1.829425394535064697e-01
2.321919798851013184e-02 -1.674074381589889526e-01
3.834617137908935547e-02 -1.732024252414703369e-01
4.367490112781524658e-02 -1.731431335210800171e-01
1.223203539848327637e-02 -1.558049917221069336e-01
-6.139025092124938965e-03 -1.408864855766296387e-01
3.703615069389343262e-02 -1.702296435832977295e-01
5.259403586387634277e-02 -1.759334802627563477e-01
5.968284606933593750e-02 -1.810451745986938477e-01
3.055892884731292725e-02 -1.676638424396514893e-01
3.083336353302001953e-02 -1.811429262161254883e-01
2.659431099891662598e-02 -1.804271936416625977e-01
4.348269104957580566e-02 -1.836746484041213989e-01
2.573812007904052734e-02 -1.740582436323165894e-01
2.611038088798522949e-02 -1.675245165824890137e-01
4.323220252990722656e-02 -1.714675575494766235e-01
6.724959611892700195e-02 -1.871350109577178955e-01
9.485656023025512695e-02 -2.040985226631164551e-01
5.117893218994140625e-02 -1.797348558902740479e-01
4.049113392829895020e-02 -1.767210215330123901e-01
3.467658162117004395e-02 -1.882827281951904297e-01
2.437463402748107910e-02 -1.876828968524932861e-01
4.856172204017639160e-02 -2.051997780799865723e-01
2.594880759716033936e-02 -1.882435083389282227e-01
2.966734766960144043e-02 -1.842673569917678833e-01
4.496414959430694580e-02 -1.912472248077392578e-01
5.268794298171997070e-02 -1.914127469062805176e-01
5.374333262443542480e-02 -1.870607286691665649e-01
4.311504960060119629e-02 -1.854295134544372559e-01
5.742537975311279297e-02 -1.943612694740295410e-01
5.351607501506805420e-02 -1.916868686676025391e-01
6.062132120132446289e-02 -1.922114193439483643e-01
5.550743639469146729e-02 -1.863238513469696045e-01
8.190369606018066406e-02 -2.017927765846252441e-01
7.025098800659179688e-02 -1.938308775424957275e-01
7.426288723945617676e-02 -1.937862038612365723e-01
5.951015651226043701e-02 -1.847150027751922607e-01
7.343746721744537354e-02 -1.929271668195724487e-01
7.253952324390411377e-02 -1.930660605430603027e-01
9.951728582382202148e-02 -2.126120924949645996e-01
7.142357528209686279e-02 -1.966516971588134766e-01
8.275283873081207275e-02 -2.101916968822479248e-01
5.776774883270263672e-02 -1.926244199275970459e-01
4.594486951828002930e-02 -1.864602565765380859e-01
5.915620923042297363e-02 -1.945574581623077393e-01
2.500094473361968994e-03 -1.639620661735534668e-01
-3.330077975988388062e-02 -1.490592658519744873e-01
1.453492045402526855e-02 -1.847436726093292236e-01
-1.100535690784454346e-02 -1.637414544820785522e-01
-5.493968725204467773e-03 -1.691378653049468994e-01
-5.726628005504608154e-03 -1.699164658784866333e-01
-1.288142800331115723e-02 -1.652133762836456299e-01
-1.939617097377777100e-02 -1.637798994779586792e-01
8.176565170288085938e-03 -1.817686855792999268e-01
-7.282570004463195801e-03 -1.698648631572723389e-01
-5.117729306221008301e-04 -1.753921508789062500e-01
1.506623625755310059e-02 -1.876420378684997559e-01
1.566591858863830566e-02 -1.820678710937500000e-01
1.140046119689941406e-02 -1.792588084936141968e-01
1.510828733444213867e-03 -1.739976853132247925e-01
-1.096621155738830566e-02 -1.651041805744171143e-01
-1.091390848159790039e-03 -1.691230237483978271e-01
-8.644029498100280762e-03 -1.669561713933944702e-01
3.062926232814788818e-03 -1.724225580692291260e-01
-1.269460469484329224e-02 -1.654837578535079956e-01
-1.261423528194427490e-02 -1.624553203582763672e-01
-1.040618121623992920e-02 -1.620328128337860107e-01
1.126866042613983154e-02 -1.781959831714630127e-01
-4.624225199222564697e-03 -1.732708811759948730e-01
-3.939114511013031006e-03 -1.698654145002365112e-01
1.907773315906524658e-03 -1.691794097423553467e-01
3.953061997890472412e-03 -1.703325062990188599e-01
5.262754857540130615e-03 -1.731404513120651245e-01
7.396489381790161133e-03 -1.746406555175781250e-01
9.250938892364501953e-03 -1.729708611965179443e-01
-1.949936151504516602e-03 -1.690009981393814087e-01
-9.547710418701171875e-03 -1.642848104238510132e-01
-6.777524948120117188e-03 -1.653867363929748535e-01
2.806338667869567871e-02 -1.888798326253890991e-01
8.955955505371093750e-03 -1.753984987735748291e-01
1.282316446304321289e-02 -1.761573106050491333e-01
4.281058907508850098e-03 -1.732090860605239868e-01
6.371438503265380859e-03 -1.752051115036010742e-01
-8.947342634201049805e-03 -1.634992510080337524e-01
-2.911686897277832031e-05 -1.673653423786163330e-01
-8.336797356605529785e-03 -1.599517464637756348e-01
-6.619393825531005859e-03 -1.572604179382324219e-01
3.206066787242889404e-03 -1.632167696952819824e-01
1.656459271907806396e-02 -1.728354543447494507e-01
-2.991423010826110840e-03 -1.613996624946594238e-01
1.118890941143035889e-03 -1.614521443843841553e-01
3.507778048515319824e-03 -1.687034219503402710e-01
-1.342667639255523682e-02 -1.561915129423141479e-01
-3.321558237075805664e-02 -1.433538198471069336e-01
-2.324528992176055908e-02 -1.512967348098754883e-01
-2.442686259746551514e-02 -1.492921859025955200e-01
-2.807089686393737793e-02 -1.452956497669219971e-01
-3.658165037631988525e-02 -1.434252709150314331e-01
-2.646356821060180664e-02 -1.490387171506881714e-01
-2.073882520198822021e-02 -1.507543027400970459e-01
-1.731815934181213379e-02 -1.570373475551605225e-01
-3.893414139747619629e-02 -1.437719911336898804e-01
-2.765821665525436401e-02 -1.488566696643829346e-01
-1.875247061252593994e-02 -1.514725387096405029e-01
-2.049349248409271240e-02 -1.509217172861099243e-01
-2.337455749511718750e-02 -1.461026370525360107e-01
-3.079032897949218750e-02 -1.452889889478683472e-01
-2.235293388366699219e-02 -1.536991149187088013e-01
-3.044279664754867554e-02 -1.461540460586547852e-01
-3.988614678382873535e-02 -1.395428478717803955e-01
-3.823345154523849487e-02 -1.426349580287933350e-01
-3.228990733623504639e-02 -1.430820077657699585e-01
-2.265422046184539795e-02 -1.497591733932495117e-01
-1.465257257223129272e-02 -1.575811505317687988e-01
-2.141913771629333496e-02 -1.538711637258529663e-01
-1.612744480371475220e-02 -1.613797098398208618e-01
-1.339037716388702393e-02 -1.621212661266326904e-01
-1.221323013305664062e-02 -1.645455658435821533e-01
-4.246531426906585693e-02 -1.417582929134368896e-01
-2.179965376853942871e-02 -1.522500663995742798e-01
-2.430362254381179810e-02 -1.525252461433410645e-01
-1.863042265176773071e-02 -1.543289273977279663e-01
-3.306069225072860718e-02 -1.432724744081497192e-01
-3.257658332586288452e-02 -1.397182494401931763e-01
-3.673101216554641724e-02 -1.400395333766937256e-01
-3.520542383193969727e-02 -1.433231234550476074e-01
-3.583279252052307129e-02 -1.413461118936538696e-01
-2.524910867214202881e-02 -1.512769758701324463e-01
-3.289426118135452271e-02 -1.419687867164611816e-01
-2.993658185005187988e-02 -1.451228410005569458e-01
-2.951291203498840332e-02 -1.447583734989166260e-01
-1.528523117303848267e-02 -1.512735038995742798e-01
-8.861087262630462646e-03 -1.583763808012008667e-01
4.212610423564910889e-03 -1.685972958803176880e-01
1.681797206401824951e-03 -1.672442704439163208e-01
-3.569260239601135254e-03 -1.641787290573120117e-01
1.781545579433441162e-03 -1.692258715629577637e-01
-5.087107419967651367e-04 -1.675120443105697632e-01
-1.932426542043685913e-02 -1.528211236000061035e-01
-2.036949992179870605e-02 -1.526708304882049561e-01
-1.389411091804504395e-02 -1.571743041276931763e-01
-6.721481680870056152e-03 -1.615836322307586670e-01
-1.110705733299255371e-02 -1.546490192413330078e-01
-1.489231735467910767e-02 -1.524340510368347168e-01
-1.823481172323226929e-02 -1.531567275524139404e-01
-8.841902017593383789e-03 -1.602407693862915039e-01
-1.389896869659423828e-02 -1.563878506422042847e-01
-2.254767715930938721e-02 -1.520906835794448853e-01
-2.019655704498291016e-02 -1.551234871149063110e-01
-2.995961904525756836e-02 -1.511040180921554565e-01
-3.372825682163238525e-02 -1.495914310216903687e-01
-4.856881499290466309e-02 -1.362202167510986328e-01
-4.143180698156356812e-02 -1.403186917304992676e-01
-3.994044661521911621e-02 -1.405390501022338867e-01
-3.939493000507354736e-02 -1.413854956626892090e-01
-2.446588128805160522e-02 -1.492443680763244629e-01
-2.885361015796661377e-02 -1.475022286176681519e-01
-1.116703450679779053e-02 -1.620256453752517700e-01
-3.335118293762207031e-03 -1.750381141901016235e-01
-1.028145849704742432e-02 -1.704372018575668335e-01
-3.458283841609954834e-03 -1.752322167158126831e-01
-7.672011852264404297e-04 -1.766946911811828613e-01
-1.023508608341217041e-02 -1.680416464805603027e-01
-7.280230522155761719e-03 -1.704312115907669067e-01
-6.519839167594909668e-03 -1.677160412073135376e-01
-1.377649605274200439e-02 -1.676863282918930054e-01
-6.208606064319610596e-03 -1.709662079811096191e-01
-1.734238862991333008e-02 -1.692517399787902832e-01
-2.392064034938812256e-02 -1.622406840324401855e-01
-2.912406623363494873e-02 -1.569502651691436768e-01
-4.300312697887420654e-02 -1.473891884088516235e-01
-2.732163667678833008e-02 -1.558515131473541260e-01
-2.885742485523223877e-02 -1.546406298875808716e-01
-2.145341038703918457e-02 -1.548591405153274536e-01
-2.235797047615051270e-02 -1.572024822235107422e-01
-2.261888980865478516e-02 -1.606849730014801025e-01
-2.924707531929016113e-02 -1.545772552490234375e-01
-2.828770130872726440e-02 -1.578651070594787598e-01
-2.998611330986022949e-02 -1.589541882276535034e-01
-3.203694522380828857e-02 -1.564547866582870483e-01
-2.795046567916870117e-02 -1.571095436811447144e-01
-1.652636379003524780e-02 -1.637947410345077515e-01
-1.400934159755706787e-02 -1.669609397649765015e-01
-1.856416463851928711e-03 -1.800798773765563965e-01
-1.550471782684326172e-02 -1.644533574581146240e-01
-1.541988551616668701e-02 -1.665378808975219727e-01
-1.722897589206695557e-02 -1.656244844198226929e-01
-6.047084927558898926e-03 -1.702992916107177734e-01
-6.896182894706726074e-04 -1.776271909475326538e-01
-5.890108644962310791e-03 -1.703085154294967651e-01
-5.849376320838928223e-04 -1.745043396949768066e-01
-1.183983683586120605e-02 -1.651599258184432983e-01
-1.345950365066528320e-02 -1.637524664402008057e-01
-9.093992412090301514e-03 -1.670386791229248047e-01
-2.392253279685974121e-02 -1.598471105098724365e-01
-1.598917692899703979e-02 -1.634153872728347778e-01
-3.393845260143280029e-02 -1.515992879867553711e-01
-3.356704115867614746e-02 -1.520383358001708984e-01
-2.287995815277099609e-02 -1.566366404294967651e-01
-2.731443196535110474e-02 -1.564493179321289062e-01
-2.956292778253555298e-02 -1.487378925085067749e-01
-2.934325486421585083e-02 -1.504758745431900024e-01
-3.652746975421905518e-02 -1.497032046318054199e-01
-4.229631274938583374e-02 -1.422783136367797852e-01
-4.041118919849395752e-02 -1.455999761819839478e-01
-4.994636774063110352e-02 -1.378083676099777222e-01
-3.430303931236267090e-02 -1.446012854576110840e-01
-3.204305469989776611e-02 -1.491575390100479126e-01
-2.754290401935577393e-02 -1.504050791263580322e-01
-4.071857035160064697e-02 -1.412472128868103027e-01
-3.674507141113281250e-02 -1.457999348640441895e-01
-3.668289631605148315e-02 -1.464531421661376953e-01
-3.701554238796234131e-02 -1.466729640960693359e-01
-2.055006474256515503e-02 -1.574502289295196533e-01
-1.291845738887786865e-02 -1.644265949726104736e-01
-2.937579900026321411e-02 -1.506617963314056396e-01
-2.129590511322021484e-02 -1.540755927562713623e-01
-1.745945215225219727e-02 -1.573956012725830078e-01
-1.280999183654785156e-02 -1.595644652843475342e-01
-2.441979944705963135e-02 -1.519701927900314331e-01
-2.831551432609558105e-02 -1.514173746109008789e-01
-3.514288365840911865e-02 -1.460198760032653809e-01
-3.599512577056884766e-02 -1.396282613277435303e-01
-1.980517804622650146e-02 -1.513936817646026611e-01
-8.366703987121582031e-03 -1.567139625549316406e-01
-1.132172346115112305e-02 -1.591256558895111084e-01
-1.337555795907974243e-02 -1.559675633907318115e-01
-2.191840112209320068e-02 -1.512470096349716187e-01
-9.803697466850280762e-04 -1.607734709978103638e-01
-1.338196545839309692e-02 -1.535741090774536133e-01
-1.482384651899337769e-02 -1.494829505681991577e-01
-2.054288238286972046e-02 -1.433987319469451904e-01
-8.633576333522796631e-03 -1.534216403961181641e-01
3.662914037704467773e-03 -1.585864722728729248e-01
2.208444476127624512e-02 -1.732530891895294189e-01
4.341073334217071533e-03 -1.585775613784790039e-01
-1.497556269168853760e-02 -1.521388590335845947e-01
-1.465899497270584106e-02 -1.445517987012863159e-01
-8.678361773490905762e-03 -1.508261561393737793e-01
-9.787715971469879150e-03 -1.494982242584228516e-01
-5.400493741035461426e-03 -1.510756909847259521e-01
-9.707957506179809570e-04 -1.525018513202667236e-01
9.166955947875976562e-03 -1.611401736736297607e-01
2.601349353790283203e-02 -1.704560816287994385e-01
1.450516283512115479e-02 -1.494305133819580078e-01
4.780218005180358887e-03 -1.496095210313796997e-01
6.414167582988739014e-03 -1.453396230936050415e-01
-5.528435111045837402e-03 -1.398044824600219727e-01
-1.596406102180480957e-03 -1.444104015827178955e-01
-1.465561985969543457e-02 -1.353103518486022949e-01
-1.995905488729476929e-02 -1.308485716581344604e-01
-9.113833308219909668e-03 -1.304223239421844482e-01
-2.718940377235412598e-02 -1.215517371892929077e-01
-1.114376634359359741e-02 -1.350691020488739014e-01
-1.751939952373504639e-02 -1.290789246559143066e-01
-2.261788398027420044e-02 -1.257730424404144287e-01
-2.387131750583648682e-02 -1.239380091428756714e-01
-4.971596598625183105e-02 -1.115135774016380310e-01
-4.914292693138122559e-02 -1.084975972771644592e-01
-5.850276350975036621e-02 -1.030369773507118225e-01
-3.961400687694549561e-02 -1.133121252059936523e-01
-7.055740803480148315e-02 -8.398660272359848022e-02
-5.189944058656692505e-02 -9.806773066520690918e-02
-5.866280943155288696e-02 -1.062941998243331909e-01
-5.809040740132331848e-02 -1.064043864607810974e-01
-4.520183801651000977e-02 -1.121499612927436829e-01
-3.454968333244323730e-03 -1.456254124641418457e-01
-1.112977415323257446e-02 -1.313688904047012329e-01
-3.842287510633468628e-02 -9.720113873481750488e-02
-7.603049278259277344e-02 -6.126324087381362915e-02
-6.289003789424896240e-02 -6.720221042633056641e-02
-5.194619297981262207e-02 -7.134800404310226440e-02
-1.323461532592773438e-02 -8.665817975997924805e-02
2.669498324394226074e-02 -9.163871407508850098e-02
4.153880476951599121e-02 -1.101042777299880981e-01
4.515978693962097168e-02 -1.176051050424575806e-01
3.223714232444763184e-02 -1.313101053237915039e-01
2.740097045898437500e-02 -1.253007203340530396e-01
3.503631055355072021e-02 -1.269958019256591797e-01
4.835832118988037109e-02 -1.390167474746704102e-01
4.990389943122863770e-02 -1.488185524940490723e-01
6.478136777877807617e-02 -1.612792313098907471e-01
7.358068227767944336e-02 -1.713031828403472900e-01
7.372568547725677490e-02 -1.766715496778488159e-01
6.838688254356384277e-02 -1.912277638912200928e-01
5.923937261104583740e-02 -2.264955043792724609e-01
6.529951095581054688e-02 -2.380514442920684814e-01
5.210022628307342529e-02 -2.374268174171447754e-01
7.516342401504516602e-02 -2.490315437316894531e-01
8.762329816818237305e-02 -2.588111162185668945e-01
6.914782524108886719e-02 -2.440422177314758301e-01
8.145761489868164062e-02 -2.530108988285064697e-01
5.812944471836090088e-02 -2.324212342500686646e-01
6.611746549606323242e-02 -2.432229369878768921e-01
4.214215278625488281e-02 -2.290860116481781006e-01
2.537283301353454590e-02 -2.205655872821807861e-01
1.089222729206085205e-02 -2.141029536724090576e-01
-1.940961927175521851e-02 -1.992501616477966309e-01
-1.762942969799041748e-02 -1.986011266708374023e-01
-2.826465666294097900e-02 -1.911677420139312744e-01
-2.561537921428680420e-02 -1.962972283363342285e-01
-2.581664174795150757e-02 -1.967216581106185913e-01
-3.292538225650787354e-02 -1.920373737812042236e-01
-2.354503422975540161e-02 -1.953248679637908936e-01
-1.826151460409164429e-02 -1.923208236694335938e-01
-2.069686353206634521e-02 -1.912296116352081299e-01
-2.015239000320434570e-02 -1.904943287372589111e-01
-1.777456700801849365e-02 -1.943754255771636963e-01
-1.030710339546203613e-02 -2.001705765724182129e-01
-1.226071268320083618e-02 -1.964148432016372681e-01
-2.018994837999343872e-02 -1.884561479091644287e-01
-2.192351967096328735e-02 -1.883686780929565430e-01
-1.990130543708801270e-02 -1.886399090290069580e-01
-2.174091339111328125e-02 -1.818631142377853394e-01
-1.938409358263015747e-02 -1.790105998516082764e-01
-2.430900931358337402e-02 -1.805778294801712036e-01
-3.557862341403961182e-02 -1.691123843193054199e-01
-2.873505651950836182e-02 -1.714171171188354492e-01
-3.436385840177536011e-02 -1.672477722167968750e-01
-4.150438308715820312e-02 -1.642166376113891602e-01
-3.477783501148223877e-02 -1.692593842744827271e-01
-3.083693981170654297e-02 -1.681657731533050537e-01
-1.618320494890213013e-02 -1.772888600826263428e-01
-1.857768744230270386e-02 -1.790963113307952881e-01
6.231442093849182129e-04 -1.909547746181488037e-01
-1.479252427816390991e-02 -1.804909706115722656e-01
-2.287138253450393677e-02 -1.702184677124023438e-01
-1.822286099195480347e-02 -1.738477796316146851e-01
-1.807446032762527466e-02 -1.737966537475585938e-01
-1.536006480455398560e-02 -1.790528148412704468e-01
-2.608408778905868530e-02 -1.703752577304840088e-01
-1.762856543064117432e-02 -1.761081963777542114e-01
-1.184606552124023438e-02 -1.768360286951065063e-01
-2.103608846664428711e-02 -1.747981011867523193e-01
-1.949191093444824219e-02 -1.643585413694381714e-01
-2.151358127593994141e-02 -1.624353677034378052e-01
-2.727939188480377197e-02 -1.549323350191116333e-01
-2.963983267545700073e-02 -1.594824641942977905e-01
-4.147006571292877197e-02 -1.524184793233871460e-01
-2.058410644531250000e-02 -1.661372035741806030e-01
1.548498868942260742e-03 -1.744119375944137573e-01
1.075863838195800781e-02 -1.797360628843307495e-01
1.325407624244689941e-02 -1.883777230978012085e-01
-1.908832043409347534e-02 -1.632506251335144043e-01
-1.089546829462051392e-02 -1.703746318817138672e-01
-1.151534169912338257e-02 -1.636078655719757080e-01
-1.635614037513732910e-02 -1.594227552413940430e-01
-4.930108785629272461e-03 -1.665262728929519653e-01
7.458478212356567383e-03 -1.697591245174407959e-01
1.123413443565368652e-02 -1.638296097517013550e-01
9.791374206542968750e-03 -1.614377945661544800e-01
2.755172550678253174e-03 -1.618753522634506226e-01
-7.228948175907135010e-03 -1.600309759378433228e-01
2.507022023200988770e-02 -1.748830974102020264e-01
1.616793870925903320e-02 -1.706096380949020386e-01
2.812597155570983887e-02 -1.801640689373016357e-01
1.860953867435455322e-02 -1.723538190126419067e-01
3.659337759017944336e-02 -1.728295087814331055e-01
4.633560776710510254e-02 -1.840408146381378174e-01
6.184560060501098633e-02 -1.821452677249908447e-01
5.957311391830444336e-02 -1.857218742370605469e-01
4.787418246269226074e-02 -1.748850643634796143e-01
3.813125193119049072e-02 -1.698607057332992554e-01
6.444536149501800537e-03 -1.528144776821136475e-01
-6.769336760044097900e-03 -1.629499346017837524e-01
1.840034127235412598e-02 -1.676623374223709106e-01
3.359423577785491943e-02 -1.846643090248107910e-01
3.832195699214935303e-02 -1.971727013587951660e-01
6.005929410457611084e-02 -2.097187936305999756e-01
3.600224852561950684e-02 -1.922507435083389282e-01
2.953496575355529785e-02 -1.854346245527267456e-01
4.060837626457214355e-02 -1.923597455024719238e-01
2.111592888832092285e-02 -1.842577904462814331e-01
8.633464574813842773e-03 -1.943179965019226074e-01
1.075461506843566895e-02 -1.951258629560470581e-01
1.119852066040039062e-02 -2.031735181808471680e-01
2.537375688552856445e-02 -2.136953473091125488e-01
3.248658776283264160e-02 -2.066715508699417114e-01
9.017482399940490723e-03 -1.712334454059600830e-01
-3.573432564735412598e-03 -1.646205782890319824e-01
1.164777576923370361e-02 -1.392244100570678711e-01
1.776215434074401855e-02 -1.494070589542388916e-01
1.479575037956237793e-02 -1.630636155605316162e-01
1.212355494499206543e-02 -1.776313632726669312e-01
2.224773168563842773e-02 -1.904720067977905273e-01
-7.736526429653167725e-03 -2.153320610523223877e-01
-4.751771688461303711e-03 -2.138916850090026855e-01
-1.021176576614379883e-02 -2.120802402496337891e-01
-3.386363387107849121e-04 -2.175464034080505371e-01
4.729092121124267578e-03 -2.203842401504516602e-01
-2.110210806131362915e-02 -2.016334533691406250e-01
2.999646961688995361e-02 -2.378420531749725342e-01
1.586122810840606689e-02 -2.201837748289108276e-01
2.257752418518066406e-02 -2.286803424358367920e-01
2.164924144744873047e-02 -2.294200360774993896e-01
5.379727482795715332e-02 -2.433614134788513184e-01
4.690998792648315430e-02 -2.421299517154693604e-01
5.884140729904174805e-02 -2.501851022243499756e-01
6.598465144634246826e-02 -2.565869390964508057e-01
7.464846968650817871e-02 -2.571899890899658203e-01
7.403600215911865234e-02 -2.565457522869110107e-01
8.506780862808227539e-02 -2.677593827247619629e-01
8.431707322597503662e-02 -2.773462533950805664e-01
1.049627363681793213e-01 -2.927444577217102051e-01
1.161621063947677612e-01 -3.028597235679626465e-01
1.293392926454544067e-01 -3.110090494155883789e-01
1.248497515916824341e-01 -3.087702691555023193e-01
9.035821259021759033e-02 -2.883312702178955078e-01
9.532649815082550049e-02 -2.979118824005126953e-01
9.534655511379241943e-02 -3.065881133079528809e-01
8.435580134391784668e-02 -3.080897629261016846e-01
7.901468873023986816e-02 -3.032538294792175293e-01
7.416978478431701660e-02 -3.028281629085540771e-01
7.933035492897033691e-02 -3.022580146789550781e-01
1.007026731967926025e-01 -3.148989379405975342e-01
1.086148172616958618e-01 -3.278935849666595459e-01
1.122250258922576904e-01 -3.331985473632812500e-01
1.074443608522415161e-01 -3.329032063484191895e-01
9.675998985767364502e-02 -3.280392289161682129e-01
8.163140714168548584e-02 -3.171985447406768799e-01
9.473392367362976074e-02 -3.201950490474700928e-01
8.906266093254089355e-02 -3.192527592182159424e-01
8.416643738746643066e-02 -3.083669543266296387e-01
8.105869591236114502e-02 -3.174086809158325195e-01
6.973652541637420654e-02 -3.124246895313262939e-01
1.015942692756652832e-01 -3.384241759777069092e-01
8.515527844429016113e-02 -3.247089982032775879e-01
9.162345528602600098e-02 -3.293232619762420654e-01
1.013397276401519775e-01 -3.406623899936676025e-01
-1.391629129648208618e-02 -2.799257934093475342e-01
6.468123197555541992e-02 -3.301514983177185059e-01
3.955176472663879395e-02 -3.040796518325805664e-01
1.612792909145355225e-02 -2.923979461193084717e-01
2.284260094165802002e-02 -2.982154488563537598e-01
2.012194693088531494e-02 -3.094263672828674316e-01
2.587595582008361816e-02 -3.031134903430938721e-01
2.347759902477264404e-02 -3.012856245040893555e-01
1.071560382843017578e-02 -2.845957279205322266e-01
2.456465363502502441e-02 -2.934268712997436523e-01
2.886930108070373535e-02 -2.952424585819244385e-01
-5.108863115310668945e-04 -2.769212722778320312e-01
8.210211992263793945e-03 -2.922816574573516846e-01
4.016214609146118164e-02 -3.239504396915435791e-01
4.751706123352050781e-02 -3.308087587356567383e-01
3.955125808715820312e-02 -3.189939558506011963e-01
3.018693625926971436e-02 -3.121491074562072754e-01
2.328982949256896973e-02 -3.035874664783477783e-01
6.705231964588165283e-03 -2.982035279273986816e-01
1.681996881961822510e-02 -3.034884631633758545e-01
1.234784722328186035e-02 -3.032898008823394775e-01
1.911075413227081299e-02 -3.079259097576141357e-01
1.262181997299194336e-02 -3.033213019371032715e-01
5.435444414615631104e-03 -3.076113164424896240e-01
1.130385696887969971e-02 -3.089382946491241455e-01
2.126693725585937500e-03 -3.086494803428649902e-01
-1.976051926612854004e-02 -2.900794148445129395e-01
-1.270459592342376709e-02 -2.990220785140991211e-01
-2.268678694963455200e-02 -2.916240692138671875e-01
-3.484837710857391357e-02 -2.914326488971710205e-01
-2.976804971694946289e-02 -2.934414148330688477e-01
-3.765378147363662720e-02 -2.908440530300140381e-01
-4.795865714550018311e-02 -2.912767827510833740e-01
-2.862033247947692871e-02 -2.961732149124145508e-01
-1.669315993785858154e-02 -3.061317205429077148e-01
-2.542678266763687134e-02 -2.987431585788726807e-01
-3.662677109241485596e-02 -2.864851355552673340e-01
-7.090516388416290283e-02 -2.644746899604797363e-01
-7.493038475513458252e-02 -2.584622800350189209e-01
-7.492299377918243408e-02 -2.638731002807617188e-01
-9.964239597320556641e-02 -2.517048120498657227e-01
-1.153035834431648254e-01 -2.432689964771270752e-01
-1.066953465342521667e-01 -2.501276731491088867e-01
-1.072125062346458435e-01 -2.483219206333160400e-01
-1.015613228082656860e-01 -2.533403635025024414e-01
-8.705824613571166992e-02 -2.597635984420776367e-01
-9.439848363399505615e-02 -2.482108771800994873e-01
-1.063763052225112915e-01 -2.403016090393066406e-01
-9.545400738716125488e-02 -2.424755692481994629e-01
-8.215038478374481201e-02 -2.478028833866119385e-01
-7.716599106788635254e-02 -2.501564323902130127e-01
-6.160805001854896545e-02 -2.575263381004333496e-01
-6.472240388393402100e-02 -2.567956149578094482e-01
-6.578722596168518066e-02 -2.567442953586578369e-01
-7.610993087291717529e-02 -2.527866065502166748e-01
-6.913735717535018921e-02 -2.568309903144836426e-01
-5.762431398034095764e-02 -2.653134763240814209e-01
-6.036782637238502502e-02 -2.532854080200195312e-01
-4.709265381097793579e-02 -2.604541182518005371e-01
-5.878566578030586243e-02 -2.534692585468292236e-01
-4.102696478366851807e-02 -2.546277642250061035e-01
-2.315362542867660522e-02 -2.664073705673217773e-01
-3.971479833126068115e-03 -2.688899338245391846e-01
8.599609136581420898e-03 -2.780224978923797607e-01
1.843096315860748291e-02 -2.888653874397277832e-01
4.637968540191650391e-02 -2.977296710014343262e-01
5.443850159645080566e-02 -3.000472784042358398e-01
5.338788032531738281e-02 -2.952366173267364502e-01
5.935238301753997803e-02 -2.952376306056976318e-01
4.685485363006591797e-02 -2.883408665657043457e-01
2.780504524707794189e-02 -2.614442110061645508e-01
6.288610398769378662e-03 -2.523590326309204102e-01
8.162930607795715332e-03 -2.465152591466903687e-01
-5.350284278392791748e-03 -2.352534979581832886e-01
-3.029711544513702393e-02 -2.142230570316314697e-01
-8.264395594596862793e-02 -1.771562844514846802e-01
-4.770389199256896973e-02 -1.955988258123397827e-01
-2.922002971172332764e-02 -2.025553584098815918e-01
-5.466569960117340088e-02 -1.751259565353393555e-01
-5.613445118069648743e-02 -1.819911897182464600e-01
-3.965549170970916748e-02 -1.910597085952758789e-01
-5.520892888307571411e-02 -1.808750331401824951e-01
-3.682006150484085083e-02 -1.811826527118682861e-01
-8.870898187160491943e-02 -1.461205184459686279e-01
-5.857814103364944458e-02 -1.652770042419433594e-01
-7.135964930057525635e-02 -1.620711535215377808e-01
-5.547450482845306396e-02 -1.667452454566955566e-01
-3.795009851455688477e-02 -1.821642071008682251e-01
-4.790351539850234985e-02 -1.747449338436126709e-01
-4.231771826744079590e-02 -1.746549755334854126e-01
-3.550719469785690308e-02 -1.770614087581634521e-01
-8.508428931236267090e-03 -1.983717978000640869e-01
-2.001635730266571045e-02 -1.896789073944091797e-01
-6.480515003204345703e-04 -2.064082920551300049e-01
-8.256658911705017090e-03 -1.999676227569580078e-01
-1.537387818098068237e-02 -1.983014345169067383e-01
-1.253858208656311035e-03 -2.161091268062591553e-01
-3.069147467613220215e-03 -2.249179184436798096e-01
1.236976683139801025e-02 -2.248870134353637695e-01
2.692613005638122559e-02 -2.429759055376052856e-01
4.014331102371215820e-02 -2.537221312522888184e-01
3.556214272975921631e-02 -2.474471032619476318e-01
3.926034271717071533e-02 -2.660144567489624023e-01
4.704847931861877441e-02 -2.690114676952362061e-01
2.786400914192199707e-02 -2.740963399410247803e-01
-1.646868884563446045e-03 -2.636722326278686523e-01
1.614546775817871094e-02 -2.772053480148315430e-01
6.584340333938598633e-02 -3.213422298431396484e-01
2.941560745239257812e-02 -3.085857629776000977e-01
5.366641283035278320e-02 -3.157110512256622314e-01
-4.463846236467361450e-02 -2.650885879993438721e-01
-8.459150791168212891e-03 -2.851708531379699707e-01
-1.546856760978698730e-02 -2.779585421085357666e-01
-3.745627403259277344e-02 -2.868918180465698242e-01
-1.368086636066436768e-01 -2.281835675239562988e-01
-4.980051517486572266e-02 -2.805369198322296143e-01
-4.606917500495910645e-04 -3.080056905746459961e-01
8.187997341156005859e-02 -3.466092348098754883e-01
5.951814353466033936e-02 -3.262328207492828369e-01
5.565926432609558105e-03 -2.909039556980133057e-01
-3.962740302085876465e-04 -2.928503751754760742e-01
1.027755439281463623e-02 -2.915792465209960938e-01
2.041450142860412598e-02 -2.976690530776977539e-01
5.445003509521484375e-03 -2.835720181465148926e-01
1.023054122924804688e-03 -2.831671833992004395e-01
-9.925909340381622314e-03 -2.760611772537231445e-01
-2.261607348918914795e-02 -2.674973905086517334e-01
-1.216083765029907227e-02 -2.746980190277099609e-01
-1.179046928882598877e-02 -2.754823863506317139e-01
-7.856369018554687500e-03 -2.898050844669342041e-01
-2.997878193855285645e-02 -2.735368013381958008e-01
-3.295138478279113770e-02 -2.761432528495788574e-01
-1.193165779113769531e-02 -2.699184417724609375e-01
-1.052761822938919067e-02 -2.775407135486602783e-01
1.939636468887329102e-02 -2.996378242969512939e-01
3.882409632205963135e-02 -3.126643300056457520e-01
6.212127208709716797e-02 -3.289923667907714844e-01
5.360628664493560791e-02 -3.239207863807678223e-01
5.065031349658966064e-02 -3.246682584285736084e-01
4.049131274223327637e-02 -3.164333403110504150e-01
4.602369666099548340e-02 -3.314574658870697021e-01
5.817946791648864746e-02 -3.383666872978210449e-01
5.187332630157470703e-02 -3.353030979633331299e-01
4.506248235702514648e-02 -3.317570686340332031e-01
4.457758367061614990e-02 -3.328243792057037354e-01
4.754874110221862793e-02 -3.403285145759582520e-01
7.076045870780944824e-02 -3.482108116149902344e-01
6.559506058692932129e-02 -3.499932885169982910e-01
8.655525743961334229e-02 -3.510750532150268555e-01
7.946696877479553223e-02 -3.516918718814849854e-01
7.973948121070861816e-02 -3.427465856075286865e-01
4.349878430366516113e-02 -3.310671448707580566e-01
9.988665580749511719e-03 -3.190651535987854004e-01
5.817547440528869629e-03 -3.141193091869354248e-01
1.820549368858337402e-04 -3.144524395465850830e-01
2.870821952819824219e-02 -3.310188949108123779e-01
2.732767164707183838e-02 -3.139810562133789062e-01
3.469243645668029785e-02 -3.127115070819854736e-01
2.312256395816802979e-02 -3.048940300941467285e-01
1.720674335956573486e-02 -2.928142547607421875e-01
-3.079146146774291992e-03 -2.729519605636596680e-01
1.604734361171722412e-02 -2.805351912975311279e-01
2.412274479866027832e-03 -2.673330008983612061e-01
-1.888903975486755371e-02 -2.569220662117004395e-01
-2.706318348646163940e-02 -2.552843391895294189e-01
-2.778708934783935547e-02 -2.496027648448944092e-01
-2.356655895709991455e-02 -2.444910109043121338e-01
-4.155875742435455322e-02 -2.333689182996749878e-01
-3.656570613384246826e-02 -2.383434474468231201e-01
-3.137081861495971680e-02 -2.372369319200515747e-01
-2.846403419971466064e-02 -2.363224476575851440e-01
-1.790234446525573730e-02 -2.440746128559112549e-01
6.365776062011718750e-04 -2.540826499462127686e-01
-1.131734997034072876e-02 -2.458511292934417725e-01
-4.485525190830230713e-03 -2.518028318881988525e-01
-2.037376165390014648e-02 -2.376628816127777100e-01
-5.819439888000488281e-03 -2.517888247966766357e-01
-5.715578794479370117e-03 -2.499288618564605713e-01
-2.081373333930969238e-02 -2.404499053955078125e-01
-3.658232092857360840e-02 -2.301323562860488892e-01
-4.673183709383010864e-02 -2.220747172832489014e-01
-2.452379465103149414e-02 -2.377537488937377930e-01
-2.128894627094268799e-02 -2.404965758323669434e-01
-3.392185270786285400e-02 -2.312067002058029175e-01
-3.645879775285720825e-02 -2.260114848613739014e-01
-2.523500472307205200e-02 -2.306794822216033936e-01
-2.987670898437500000e-02 -2.310777306556701660e-01
-1.473074406385421753e-02 -2.330757081508636475e-01
-1.669993996620178223e-02 -2.340734004974365234e-01
-3.679805994033813477e-02 -2.218368202447891235e-01
-1.074476540088653564e-02 -2.290012240409851074e-01
-1.912997663021087646e-02 -2.232559919357299805e-01
-8.150309324264526367e-03 -2.321587353944778442e-01
1.123031973838806152e-02 -2.395781874656677246e-01
-8.716598153114318848e-03 -2.236960828304290771e-01
-7.441982626914978027e-03 -2.273867726325988770e-01
-1.344700902700424194e-02 -2.165873646736145020e-01
-1.627826690673828125e-02 -2.123650908470153809e-01
-1.522669196128845215e-02 -2.124822735786437988e-01
-4.229530692100524902e-03 -2.207188755273818970e-01
-3.930404782295227051e-03 -2.298484146595001221e-01
-7.865846157073974609e-03 -2.239823341369628906e-01
7.158517837524414062e-04 -2.307804226875305176e-01
-2.958215773105621338e-03 -2.279400825500488281e-01
5.707487463951110840e-03 -2.363396584987640381e-01
-4.022940993309020996e-03 -2.285807430744171143e-01
4.633791744709014893e-03 -2.368550002574920654e-01
-9.451843798160552979e-03 -2.269112318754196167e-01
7.741525769233703613e-03 -2.354423999786376953e-01
2.666510641574859619e-03 -2.310545742511749268e-01
-1.763159781694412231e-02 -2.158327698707580566e-01
-2.403778582811355591e-02 -2.131235003471374512e-01
-1.529646664857864380e-02 -2.180794626474380493e-01
-7.378011941909790039e-03 -2.230257689952850342e-01
-1.614019274711608887e-03 -2.244590222835540771e-01
-2.639234066009521484e-03 -2.210087776184082031e-01
-8.818015456199645996e-03 -2.161982059478759766e-01
2.209842205047607422e-03 -2.230238020420074463e-01
1.250666379928588867e-02 -2.316129058599472046e-01
1.189519464969635010e-02 -2.295920848846435547e-01
1.593464612960815430e-02 -2.323206663131713867e-01
4.584372043609619141e-03 -2.223030477762222290e-01
1.934650540351867676e-02 -2.299578487873077393e-01
1.121601462364196777e-02 -2.230967730283737183e-01
6.036713719367980957e-03 -2.170586287975311279e-01
-6.219297647476196289e-04 -2.093865424394607544e-01
-9.669996798038482666e-03 -2.054417431354522705e-01
-1.603195071220397949e-02 -1.976798176765441895e-01
-1.536256074905395508e-02 -1.992752552032470703e-01
-6.769150495529174805e-04 -2.068863362073898315e-01
-3.843382000923156738e-03 -2.063158154487609863e-01
1.943551003932952881e-03 -2.051148414611816406e-01
-1.601708680391311646e-02 -1.951406449079513550e-01
3.015592694282531738e-03 -2.088603973388671875e-01
8.002221584320068359e-03 -2.144421637058258057e-01
-1.274213194847106934e-03 -2.056272476911544800e-01
-1.076389849185943604e-02 -1.978398412466049194e-01
5.267202854156494141e-03 -2.048113197088241577e-01
-2.747969329357147217e-02 -1.808722317218780518e-01
-1.343350112438201904e-02 -1.911461651325225830e-01
-2.485588192939758301e-03 -2.032887339591979980e-01
-9.018078446388244629e-03 -1.971447765827178955e-01
8.491948246955871582e-04 -2.060072571039199829e-01
-1.613315939903259277e-02 -1.920259296894073486e-01
-2.767718583345413208e-02 -1.834713518619537354e-01
-2.434027940034866333e-02 -1.853934526443481445e-01
-4.694387316703796387e-03 -1.949371099472045898e-01
-1.021412014961242676e-02 -1.877126097679138184e-01
-9.039886295795440674e-03 -1.855627596378326416e-01
1.380410790443420410e-02 -2.009484469890594482e-01
4.401937127113342285e-03 -1.962001025676727295e-01
-4.207640886306762695e-04 -1.956805586814880371e-01
-2.807455509901046753e-02 -1.689494848251342773e-01
-7.980734109878540039e-03 -1.790329515933990479e-01
-4.688195884227752686e-03 -1.854268908500671387e-01
-4.976585507392883301e-03 -1.799652874469757080e-01
4.486083984375000000e-03 -1.873587071895599365e-01
-5.938559770584106445e-03 -1.860193014144897461e-01
2.074454724788665771e-02 -1.992705017328262329e-01
-1.100642979145050049e-02 -1.766547560691833496e-01
1.339855790138244629e-02 -2.016305178403854370e-01
-4.212893545627593994e-03 -1.933583468198776245e-01
-1.728376001119613647e-02 -1.865894794464111328e-01
-1.313090324401855469e-02 -1.894758343696594238e-01
-3.351101279258728027e-02 -1.850690841674804688e-01
-3.854209929704666138e-02 -1.797688007354736328e-01
-3.630950301885604858e-02 -1.852267384529113770e-01
-4.324943572282791138e-02 -1.879538297653198242e-01
-2.465882897377014160e-02 -1.960056126117706299e-01
-1.540368795394897461e-02 -2.035025358200073242e-01
-2.428846061229705811e-02 -2.040571570396423340e-01
-3.790517151355743408e-02 -1.941773891448974609e-01
-3.641166538000106812e-02 -1.990496516227722168e-01
-1.851186156272888184e-02 -2.092537879943847656e-01
-2.789929509162902832e-03 -2.175787985324859619e-01
-1.220121979713439941e-03 -2.127285003662109375e-01
-9.129896759986877441e-03 -2.124329656362533569e-01
-1.887658983469009399e-02 -2.023882865905761719e-01
-1.968923211097717285e-02 -2.003473639488220215e-01
2.150803804397583008e-03 -2.114337086677551270e-01
4.526555538177490234e-03 -2.108237743377685547e-01
-2.048011124134063721e-02 -1.938618719577789307e-01
-2.281902730464935303e-02 -1.902973651885986328e-01
-3.529259562492370605e-02 -1.877797693014144897e-01
-5.188927054405212402e-03 -2.016312628984451294e-01
-3.753408789634704590e-02 -1.770036965608596802e-01
-4.692181944847106934e-02 -1.716185212135314941e-01
-3.820688277482986450e-02 -1.763462722301483154e-01
-1.906342804431915283e-02 -1.844576299190521240e-01
-3.750906884670257568e-02 -1.724587380886077881e-01
-2.606570720672607422e-03 -1.976710557937622070e-01
2.297036349773406982e-03 -1.989490091800689697e-01
1.637414097785949707e-02 -2.106095850467681885e-01
1.342248916625976562e-02 -2.135809659957885742e-01
1.020884513854980469e-02 -2.151559591293334961e-01
-1.736875623464584351e-02 -1.999278664588928223e-01
-2.193475514650344849e-02 -1.969901770353317261e-01
-1.919276267290115356e-02 -2.003253400325775146e-01
-2.927975356578826904e-02 -1.944546997547149658e-01
-1.160475611686706543e-02 -2.034162282943725586e-01
-2.171617746353149414e-02 -2.015788853168487549e-01
-6.371945142745971680e-03 -2.138348221778869629e-01
-2.093624323606491089e-02 -2.125213146209716797e-01
-7.453352212905883789e-03 -2.157615423202514648e-01
-5.802050232887268066e-03 -2.171868681907653809e-01
-1.894751936197280884e-02 -2.089767754077911377e-01
-3.395740687847137451e-02 -1.960901319980621338e-01
-3.318250179290771484e-02 -2.028397321701049805e-01
-1.666117459535598755e-02 -2.127071619033813477e-01
-1.822265982627868652e-02 -2.071978151798248291e-01
-1.286304742097854614e-02 -2.152381241321563721e-01
-2.374597638845443726e-02 -2.055936753749847412e-01
-2.158047258853912354e-02 -2.088394463062286377e-01
-5.174160003662109375e-03 -2.188835740089416504e-01
-1.518604159355163574e-02 -2.145224213600158691e-01
-1.512103527784347534e-02 -2.131091505289077759e-01
-3.682526201009750366e-02 -1.997798383235931396e-01
-3.066436946392059326e-02 -2.009969949722290039e-01
-1.139652729034423828e-02 -2.147551029920578003e-01
-3.035342693328857422e-02 -2.020685225725173950e-01
-1.597952097654342651e-02 -2.168312817811965942e-01
-1.996442675590515137e-02 -2.155545055866241455e-01
-3.211002051830291748e-02 -1.993906795978546143e-01
-3.296791017055511475e-02 -1.987179219722747803e-01
-4.129286110401153564e-02 -1.969473361968994141e-01
-2.059025317430496216e-02 -2.082807421684265137e-01
-3.028028458356857300e-02 -1.974014937877655029e-01
-1.220723986625671387e-02 -2.113095372915267944e-01
-1.573759317398071289e-02 -2.112686485052108765e-01
-1.590608060359954834e-02 -2.071326524019241333e-01
-1.310199499130249023e-03 -2.167393565177917480e-01
8.978694677352905273e-03 -2.184387743473052979e-01
5.730837583541870117e-03 -2.171500027179718018e-01
-1.139223575592041016e-02 -2.020311653614044189e-01
-8.423276245594024658e-03 -1.982826590538024902e-01
-1.831696182489395142e-02 -1.949660181999206543e-01
-2.628751099109649658e-02 -1.815854012966156006e-01
-1.923456043004989624e-02 -1.872715651988983154e-01
-3.911544382572174072e-02 -1.739596575498580933e-01
-4.626248031854629517e-02 -1.676535010337829590e-01
-4.200465977191925049e-02 -1.699317395687103271e-01
-4.747444391250610352e-02 -1.626427024602890015e-01
-3.298026323318481445e-02 -1.698378324508666992e-01
-3.237336128950119019e-02 -1.633748412132263184e-01
-4.137750715017318726e-02 -1.606843918561935425e-01
-2.470041811466217041e-02 -1.766113936901092529e-01
-6.236861646175384521e-02 -1.518054604530334473e-01
-9.492909908294677734e-02 -1.342997550964355469e-01
-4.973630607128143311e-02 -1.563498377799987793e-01
-4.664248228073120117e-02 -1.516024768352508545e-01
-5.691244825720787048e-02 -1.419537961483001709e-01
-5.663438141345977783e-02 -1.395540386438369751e-01
-4.334826767444610596e-02 -1.518047153949737549e-01
-6.367509812116622925e-02 -1.407353729009628296e-01
-2.191360294818878174e-02 -1.637097597122192383e-01
-5.998510122299194336e-02 -1.445112228393554688e-01
-5.576264113187789917e-02 -1.476313769817352295e-01
-4.494178295135498047e-02 -1.594716906547546387e-01
-3.769470751285552979e-02 -1.594170629978179932e-01
-2.574567496776580811e-02 -1.676097214221954346e-01
-4.640990495681762695e-02 -1.561787724494934082e-01
-5.798362195491790771e-02 -1.484849154949188232e-01
-6.519991904497146606e-02 -1.446735262870788574e-01
-7.945297658443450928e-02 -1.429482102394104004e-01
-5.680036544799804688e-02 -1.599794924259185791e-01
-4.638326168060302734e-02 -1.655300110578536987e-01
-4.839384555816650391e-02 -1.631478071212768555e-01
-5.856604874134063721e-02 -1.617584079504013062e-01
-1.760663837194442749e-02 -1.925399899482727051e-01
-2.392444014549255371e-02 -1.910213530063629150e-01
-1.736922562122344971e-02 -1.890938729047775269e-01
-1.185774803161621094e-02 -1.970995664596557617e-01
-4.303789138793945312e-02 -1.791855692863464355e-01
-5.976511910557746887e-02 -1.769424080848693848e-01
-5.084040760993957520e-02 -1.842946559190750122e-01
-5.784883722662925720e-02 -1.808314025402069092e-01
-5.676248297095298767e-02 -1.877683252096176147e-01
-5.237806588411331177e-02 -1.900736093521118164e-01
-4.717896133661270142e-02 -1.935167610645294189e-01
-3.939419239759445190e-02 -2.016063928604125977e-01
-3.344811499118804932e-02 -2.020416110754013062e-01
-4.223212599754333496e-04 -2.159580588340759277e-01
-8.631207048892974854e-03 -1.938535571098327637e-01
1.263511180877685547e-02 -2.050741910934448242e-01
-4.087785631418228149e-02 -1.874375045299530029e-01
-1.366698741912841797e-02 -2.102301418781280518e-01
2.483785152435302734e-02 -2.309334427118301392e-01
5.410844087600708008e-02 -2.488770186901092529e-01
3.950038552284240723e-02 -2.324899733066558838e-01
3.317756950855255127e-02 -2.347130477428436279e-01
8.691272139549255371e-02 -2.701620161533355713e-01
5.390313267707824707e-02 -2.424474358558654785e-01
5.126932263374328613e-02 -2.488298416137695312e-01
5.913485586643218994e-02 -2.545186579227447510e-01
4.144665598869323730e-02 -2.524326145648956299e-01
7.453432679176330566e-02 -2.725206315517425537e-01
6.910425424575805664e-02 -2.752763032913208008e-01
7.745197415351867676e-02 -2.903034090995788574e-01
6.660902500152587891e-02 -2.895016670227050781e-01
6.980009377002716064e-02 -2.955378293991088867e-01
2.607747912406921387e-02 -2.713204920291900635e-01
2.918213605880737305e-03 -2.636545002460479736e-01
1.352255046367645264e-02 -2.780293822288513184e-01
1.476365327835083008e-02 -2.804563045501708984e-01
1.620748639106750488e-02 -2.859922647476196289e-01
1.076692342758178711e-02 -2.819744646549224854e-01
-2.935990691184997559e-03 -2.745629847049713135e-01
-4.461131989955902100e-03 -2.743592858314514160e-01
-4.500225186347961426e-03 -2.737176418304443359e-01
8.286386728286743164e-04 -2.762285768985748291e-01
9.237721562385559082e-03 -2.830253541469573975e-01
-3.364257514476776123e-03 -2.749183177947998047e-01
2.803876996040344238e-03 -2.785134613513946533e-01
2.861544489860534668e-04 -2.772461771965026855e-01
-7.515251636505126953e-04 -2.755978405475616455e-01
6.792098283767700195e-04 -2.749523818492889404e-01
-1.281499862670898438e-04 -2.744394540786743164e-01
2.798989415168762207e-03 -2.758530974388122559e-01
3.075376152992248535e-03 -2.733291983604431152e-01
9.106859564781188965e-03 -2.786543369293212891e-01
5.562722682952880859e-03 -2.757416665554046631e-01
9.766891598701477051e-03 -2.773716449737548828e-01
-4.299029707908630371e-03 -2.664778232574462891e-01
-5.298763513565063477e-03 -2.639155983924865723e-01
-4.187576472759246826e-03 -2.616050243377685547e-01
-4.388414323329925537e-03 -2.627104222774505615e-01
2.498529851436614990e-03 -2.648867070674896240e-01
-2.998977899551391602e-03 -2.597303688526153564e-01
-3.138929605484008789e-04 -2.620427310466766357e-01
-1.141592860221862793e-03 -2.594297230243682861e-01
6.061866879463195801e-04 -2.607085406780242920e-01
-4.049882292747497559e-03 -2.571232020854949951e-01
6.202012300491333008e-03 -2.635449767112731934e-01
4.555769264698028564e-03 -2.643311619758605957e-01
-1.836121082305908203e-04 -2.568738758563995361e-01
6.764166057109832764e-03 -2.597259879112243652e-01
8.523926138877868652e-03 -2.604108154773712158e-01
2.518324553966522217e-02 -2.719427049160003662e-01
2.581465244293212891e-02 -2.746179997920989990e-01
2.694645524024963379e-02 -2.740465700626373291e-01
3.099295496940612793e-02 -2.750512063503265381e-01
3.674715757369995117e-02 -2.719787955284118652e-01
4.629155993461608887e-02 -2.763498723506927490e-01
4.838636517524719238e-02 -2.773711681365966797e-01
4.210579395294189453e-02 -2.731567919254302979e-01
2.306690812110900879e-02 -2.614010572433471680e-01
2.917854487895965576e-02 -2.670193016529083252e-01
3.800886869430541992e-02 -2.748964130878448486e-01
4.127086699008941650e-02 -2.809407711029052734e-01
6.186041235923767090e-02 -2.971938848495483398e-01
7.478511333465576172e-02 -3.083599507808685303e-01
6.605611741542816162e-02 -3.026441037654876709e-01
6.663198769092559814e-02 -3.008748590946197510e-01
7.116590440273284912e-02 -2.972752153873443604e-01
6.308278441429138184e-02 -2.904041707515716553e-01
6.512323021888732910e-02 -2.918478846549987793e-01
6.888377666473388672e-02 -2.905694842338562012e-01
5.863292515277862549e-02 -2.845831811428070068e-01
5.594828724861145020e-02 -2.809676527976989746e-01
5.212965607643127441e-02 -2.765563726425170898e-01
5.363360047340393066e-02 -2.796419560909271240e-01
5.311259627342224121e-02 -2.798562943935394287e-01
4.899835586547851562e-02 -2.775580585002899170e-01
4.564739763736724854e-02 -2.740433812141418457e-01
3.798672556877136230e-02 -2.692523598670959473e-01
4.818585515022277832e-02 -2.749240696430206299e-01
4.735949635505676270e-02 -2.769746780395507812e-01
4.088473320007324219e-02 -2.765099406242370605e-01
5.151492357254028320e-02 -2.835414409637451172e-01
3.286986052989959717e-02 -2.698666751384735107e-01
2.716869115829467773e-02 -2.636915147304534912e-01
3.126296401023864746e-02 -2.699296176433563232e-01
4.079169034957885742e-02 -2.749371528625488281e-01
4.277396202087402344e-02 -2.802037596702575684e-01
3.836217522621154785e-02 -2.818237841129302979e-01
3.294771909713745117e-02 -2.784116268157958984e-01
2.395540475845336914e-02 -2.711614370346069336e-01
2.512976527214050293e-02 -2.750850617885589600e-01
4.286220669746398926e-02 -2.871053814888000488e-01
3.073957562446594238e-02 -2.794298231601715088e-01
3.220555186271667480e-02 -2.814861238002777100e-01
1.257927715778350830e-02 -2.683539688587188721e-01
2.385094761848449707e-03 -2.620322704315185547e-01
-1.260089874267578125e-02 -2.536619007587432861e-01
-2.563646435737609863e-02 -2.473502755165100098e-01
-2.046489715576171875e-02 -2.485374510288238525e-01
-2.316811680793762207e-02 -2.466249465942382812e-01
-2.489574253559112549e-02 -2.483981847763061523e-01
-1.843608170747756958e-02 -2.546769678592681885e-01
-7.780700922012329102e-03 -2.612567842006683350e-01
-1.807603985071182251e-02 -2.562096714973449707e-01
-6.586223840713500977e-03 -2.656367421150207520e-01
-2.318859100341796875e-03 -2.633029222488403320e-01
-1.831833273172378540e-02 -2.586624026298522949e-01
-1.835820078849792480e-02 -2.578095793724060059e-01
-1.748842000961303711e-02 -2.567965686321258545e-01
-1.953013986349105835e-02 -2.558735311031341553e-01
-1.941025257110595703e-03 -2.668026685714721680e-01
-2.230892330408096313e-02 -2.544166445732116699e-01
2.028495073318481445e-04 -2.694858908653259277e-01
-6.582960486412048340e-03 -2.688928544521331787e-01
-1.705790311098098755e-02 -2.630693018436431885e-01
-1.613622158765792847e-02 -2.701157033443450928e-01
-1.636981964111328125e-02 -2.761794924736022949e-01
-1.414713263511657715e-02 -2.734712958335876465e-01
-9.521886706352233887e-03 -2.714029252529144287e-01
-4.273831844329833984e-03 -2.820653021335601807e-01
-1.749239861965179443e-03 -2.867160141468048096e-01
4.548549652099609375e-03 -2.799222767353057861e-01
1.701343059539794922e-02 -2.931369543075561523e-01
2.765737473964691162e-03 -2.857465744018554688e-01
1.963424682617187500e-02 -2.957042455673217773e-01
