6.669137626886367798e-02 5.892832577228546143e-02
5.394689738750457764e-02 3.132030367851257324e-03
5.387801304459571838e-02 1.117689684033393860e-01
2.947164885699748993e-02 9.164392203092575073e-02
1.260485127568244934e-02 9.179620072245597839e-03
4.923699423670768738e-02 3.384642675518989563e-02
3.750082850456237793e-02 1.789777912199497223e-02
4.468805715441703796e-02 1.832283288240432739e-02
4.250064119696617126e-02 -1.556398347020149231e-03
4.407428577542304993e-02 2.020448260009288788e-02
2.975449897348880768e-02 4.665871709585189819e-02
1.552644371986389160e-02 3.481064736843109131e-02
3.752506524324417114e-02 5.045174807310104370e-02
3.285521641373634338e-02 6.312262266874313354e-02
3.986442834138870239e-02 6.567063927650451660e-02
3.305664658546447754e-02 6.009846925735473633e-02
2.578668668866157532e-02 4.913842305541038513e-02
2.731198817491531372e-02 3.006802871823310852e-02
2.356115728616714478e-02 3.637275844812393188e-02
3.732725232839584351e-02 3.303463011980056763e-02
1.758122071623802185e-02 2.919769287109375000e-02
2.233977243304252625e-02 1.077992003411054611e-02
9.876444935798645020e-03 5.162496119737625122e-02
1.238711178302764893e-02 2.271108329296112061e-03
2.389962971210479736e-02 4.571830481290817261e-02
4.092549532651901245e-02 6.997115164995193481e-02
4.961588606238365173e-02 8.190783858299255371e-02
2.800750359892845154e-02 -2.116153575479984283e-02
3.177808225154876709e-02 -2.480454184114933014e-02
2.348033338785171509e-02 6.022770889103412628e-03
7.079318165779113770e-04 7.913282141089439392e-03
-1.244606822729110718e-02 -1.271076314151287079e-02
6.509391963481903076e-02 6.169122457504272461e-02
2.266590297222137451e-02 2.596119418740272522e-02
1.448086276650428772e-02 2.457733824849128723e-02
2.301091700792312622e-02 1.082780025899410248e-02
2.777222171425819397e-02 4.939413815736770630e-02
3.545168414711952209e-02 4.216068238019943237e-02
2.519980072975158691e-02 1.630207896232604980e-02
1.587416976690292358e-02 2.807877585291862488e-02
1.485776901245117188e-02 5.172282457351684570e-02
2.058110013604164124e-02 4.236924648284912109e-02
2.798439189791679382e-02 4.751071333885192871e-02
2.394967526197433472e-02 2.516139484941959381e-02
2.185992896556854248e-02 2.703489735722541809e-02
2.467211708426475525e-02 4.067609459161758423e-02
2.618292719125747681e-02 3.579764068126678467e-02
2.727246284484863281e-02 4.301153495907783508e-02
2.985219098627567291e-02 4.396677762269973755e-02
2.667249739170074463e-02 3.946607559919357300e-02
2.464274689555168152e-02 5.317926406860351562e-02
2.397872135043144226e-02 6.058035045862197876e-02
1.688253507018089294e-02 4.160843789577484131e-02
2.306687459349632263e-02 4.518985003232955933e-02
1.798903197050094604e-02 3.803327679634094238e-02
1.386358588933944702e-02 3.003117814660072327e-02
2.675724402070045471e-02 5.094510316848754883e-02
2.459526434540748596e-02 4.991026967763900757e-02
3.069684654474258423e-02 5.529385060071945190e-02
2.458897605538368225e-02 4.226845502853393555e-02
3.524227440357208252e-02 5.788250267505645752e-02
2.581788599491119385e-02 5.653715878725051880e-02
2.588785812258720398e-02 5.246932059526443481e-02
3.513125330209732056e-02 6.417320668697357178e-02
2.637656033039093018e-02 4.504405707120895386e-02
3.050869330763816833e-02 5.345602333545684814e-02
2.922962233424186707e-02 4.370159283280372620e-02
3.657383471727371216e-02 4.408010467886924744e-02
3.271295130252838135e-02 4.148805141448974609e-02
3.460837900638580322e-02 5.033398419618606567e-02
3.520679473876953125e-02 4.427669197320938110e-02
2.978924661874771118e-02 2.483773604035377502e-02
3.816139698028564453e-02 4.688706994056701660e-02
2.759737521409988403e-02 3.013620153069496155e-02
3.646072745323181152e-02 3.837881982326507568e-02
3.696981072425842285e-02 4.816003143787384033e-02
3.717860579490661621e-02 5.042561143636703491e-02
3.653256967663764954e-02 5.101600289344787598e-02
3.505773842334747314e-02 4.383939504623413086e-02
3.922828659415245056e-02 4.317864030599594116e-02
3.554678708314895630e-02 4.171442240476608276e-02
3.636451438069343567e-02 3.953083604574203491e-02
3.875131905078887939e-02 4.352620244026184082e-02
3.782194852828979492e-02 3.683950006961822510e-02
3.978189826011657715e-02 3.922116756439208984e-02
3.949120640754699707e-02 3.720698505640029907e-02
3.634446859359741211e-02 3.888743370771408081e-02
3.339192271232604980e-02 3.677213191986083984e-02
3.305657580494880676e-02 3.193327784538269043e-02
3.449701517820358276e-02 3.239392116665840149e-02
3.474260866641998291e-02 3.464474901556968689e-02
3.830609470605850220e-02 3.724617511034011841e-02
3.435764461755752563e-02 3.201711550354957581e-02
3.664188459515571594e-02 3.578022122383117676e-02
3.517543151974678040e-02 3.458806127309799194e-02
4.106165468692779541e-02 4.333204776048660278e-02
3.494850546121597290e-02 3.438411653041839600e-02
3.849554806947708130e-02 4.044398665428161621e-02
3.771008178591728210e-02 3.815451636910438538e-02
3.884738683700561523e-02 4.575661569833755493e-02
3.959207609295845032e-02 5.093696713447570801e-02
3.976462036371231079e-02 4.257344454526901245e-02
3.880193829536437988e-02 4.305163398385047913e-02
3.776578977704048157e-02 3.802996128797531128e-02
4.305889457464218140e-02 5.130481719970703125e-02
3.729794174432754517e-02 3.722319006919860840e-02
3.813942521810531616e-02 5.647411197423934937e-02
3.473598882555961609e-02 3.887231647968292236e-02
4.310308024287223816e-02 5.666681379079818726e-02
3.784615918993949890e-02 4.925630986690521240e-02
4.243125766515731812e-02 5.879684537649154663e-02
3.571540117263793945e-02 4.553463682532310486e-02
4.364911094307899475e-02 4.814518988132476807e-02
4.281829297542572021e-02 5.247646570205688477e-02
3.603051602840423584e-02 3.902785852551460266e-02
4.142021760344505310e-02 5.536635220050811768e-02
3.767921775579452515e-02 4.530621692538261414e-02
3.880473971366882324e-02 5.344554036855697632e-02
3.272356465458869934e-02 3.425162658095359802e-02
4.099062085151672363e-02 5.304615944623947144e-02
4.195240139961242676e-02 6.010094285011291504e-02
4.123114049434661865e-02 4.435429349541664124e-02
3.854350745677947998e-02 4.017067700624465942e-02
4.263031855225563049e-02 5.413226783275604248e-02
4.144434258341789246e-02 4.404275864362716675e-02
3.953917324542999268e-02 4.618993401527404785e-02
4.577767103910446167e-02 5.174312740564346313e-02
3.603014722466468811e-02 3.130258619785308838e-02
4.173503816127777100e-02 4.830023646354675293e-02
3.570260107517242432e-02 3.840760141611099243e-02
3.471745923161506653e-02 3.489685431122779846e-02
3.365520760416984558e-02 3.512909263372421265e-02
4.225780814886093140e-02 4.832442104816436768e-02
3.418478369712829590e-02 2.936362475156784058e-02
4.060798138380050659e-02 4.085192084312438965e-02
3.995833545923233032e-02 3.613849356770515442e-02
3.979378193616867065e-02 3.199579194188117981e-02
4.060105606913566589e-02 3.830617666244506836e-02
3.800911083817481995e-02 4.093636572360992432e-02
3.526375442743301392e-02 2.931973710656166077e-02
3.724673017859458923e-02 3.299860283732414246e-02
4.076717048883438110e-02 4.311383515596389771e-02
3.735101222991943359e-02 4.603470116853713989e-02
3.859255462884902954e-02 4.069966077804565430e-02
3.947421163320541382e-02 3.061990067362785339e-02
3.855004906654357910e-02 3.709578514099121094e-02
4.084590822458267212e-02 4.436001181602478027e-02
3.680308163166046143e-02 2.891246788203716278e-02
4.188374802470207214e-02 3.592069074511528015e-02
3.664761781692504883e-02 2.962436713278293610e-02
4.040985554456710815e-02 4.655722528696060181e-02
4.184500873088836670e-02 3.217206150293350220e-02
4.284600540995597839e-02 3.543772920966148376e-02
4.261033609509468079e-02 3.462580591440200806e-02
4.172279313206672668e-02 3.625237569212913513e-02
4.351007938385009766e-02 4.042734205722808838e-02
4.159687831997871399e-02 3.505931049585342407e-02
4.070457816123962402e-02 3.943413496017456055e-02
3.539389371871948242e-02 2.906797826290130615e-02
3.978626802563667297e-02 3.699296712875366211e-02
3.530748561024665833e-02 2.972079999744892120e-02
3.554476797580718994e-02 3.124063834547996521e-02
4.200094938278198242e-02 3.635920211672782898e-02
4.111765325069427490e-02 3.935714811086654663e-02
3.873762488365173340e-02 3.176426142454147339e-02
3.898103535175323486e-02 3.536669164896011353e-02
3.821904212236404419e-02 3.362863138318061829e-02
3.821253776550292969e-02 3.100748918950557709e-02
3.536619618535041809e-02 3.062302619218826294e-02
3.888963907957077026e-02 3.606170415878295898e-02
4.113035276532173157e-02 3.215257823467254639e-02
3.938511013984680176e-02 3.224925696849822998e-02
3.976405039429664612e-02 3.591268509626388550e-02
4.157747328281402588e-02 3.895678743720054626e-02
3.797343000769615173e-02 3.141894936561584473e-02
3.837002441287040710e-02 3.146873414516448975e-02
3.890424221754074097e-02 3.474865108728408813e-02
3.664957731962203979e-02 2.980760298669338226e-02
3.309620171785354614e-02 2.912299521267414093e-02
3.538890928030014038e-02 3.022818639874458313e-02
3.831064328551292419e-02 3.225494548678398132e-02
4.011800885200500488e-02 3.501746058464050293e-02
3.753994405269622803e-02 3.431881219148635864e-02
4.337026923894882202e-02 4.432376474142074585e-02
4.095343500375747681e-02 3.402739018201828003e-02
4.212590306997299194e-02 3.770106285810470581e-02
4.321440309286117554e-02 3.762460500001907349e-02
4.422876238822937012e-02 4.314233362674713135e-02
3.943263366818428040e-02 3.691347688436508179e-02
4.050497710704803467e-02 3.854535520076751709e-02
4.125633090734481812e-02 3.524036705493927002e-02
3.936097025871276855e-02 3.549787402153015137e-02
4.472887888550758362e-02 4.284077882766723633e-02
4.274566471576690674e-02 4.034705460071563721e-02
4.345352947711944580e-02 4.335930198431015015e-02
4.325398430228233337e-02 4.339820891618728638e-02
4.045498743653297424e-02 4.096378013491630554e-02
3.631149977445602417e-02 3.188252449035644531e-02
4.167503863573074341e-02 4.299918934702873230e-02
4.329626262187957764e-02 4.338047280907630920e-02
4.156990349292755127e-02 3.800582885742187500e-02
4.579083248972892761e-02 4.801693558692932129e-02
4.514928534626960754e-02 4.852246120572090149e-02
4.067859053611755371e-02 3.440658003091812134e-02
4.408248886466026306e-02 4.895873740315437317e-02
4.165672510862350464e-02 3.479065001010894775e-02
4.709593206644058228e-02 5.012184754014015198e-02
4.582991823554039001e-02 4.215112701058387756e-02
4.492801427841186523e-02 4.545218870043754578e-02
4.434207454323768616e-02 5.180861800909042358e-02
4.189161956310272217e-02 4.156696051359176636e-02
4.285201802849769592e-02 4.463372379541397095e-02
4.207049310207366943e-02 4.607795551419258118e-02
3.943405672907829285e-02 3.924229741096496582e-02
4.415431618690490723e-02 5.115953087806701660e-02
4.469744116067886353e-02 5.038040503859519958e-02
4.151695594191551208e-02 5.069609731435775757e-02
4.312053322792053223e-02 4.512412846088409424e-02
4.300996661186218262e-02 5.510109663009643555e-02
3.902759030461311340e-02 3.540972992777824402e-02
4.582057148218154907e-02 5.389667302370071411e-02
4.524818435311317444e-02 4.916244745254516602e-02
4.783364385366439819e-02 5.355011671781539917e-02
4.113840684294700623e-02 3.987725451588630676e-02
4.418186470866203308e-02 4.731321707367897034e-02
4.642670229077339172e-02 5.033069103956222534e-02
4.630726575851440430e-02 5.403877049684524536e-02
4.543774574995040894e-02 5.137529224157333374e-02
4.377958551049232483e-02 5.780932307243347168e-02
4.031886532902717590e-02 3.598943352699279785e-02
4.419266432523727417e-02 5.444698035717010498e-02
4.200463742017745972e-02 4.585634917020797729e-02
4.481431469321250916e-02 4.927959293127059937e-02
4.055451601743698120e-02 3.641742095351219177e-02
4.881052672863006592e-02 5.432116240262985229e-02
4.482628777623176575e-02 4.045316576957702637e-02
4.556114599108695984e-02 4.335954412817955017e-02
4.422326385974884033e-02 4.978729039430618286e-02
4.077611118555068970e-02 4.025108367204666138e-02
4.512190073728561401e-02 5.077495425939559937e-02
4.127874970436096191e-02 4.211325198411941528e-02
3.403158858418464661e-02 2.612253651022911072e-02
4.349303990602493286e-02 4.721274971961975098e-02
4.316493868827819824e-02 4.249376058578491211e-02
4.307062923908233643e-02 4.333002492785453796e-02
4.010527580976486206e-02 3.762231022119522095e-02
4.149902984499931335e-02 3.807291761040687561e-02
4.030839353799819946e-02 4.400507360696792603e-02
4.452629387378692627e-02 4.883920773863792419e-02
3.983241319656372070e-02 4.161544889211654663e-02
4.126126691699028015e-02 3.115472942590713501e-02
4.566577076911926270e-02 4.793272912502288818e-02
4.528850317001342773e-02 4.203054308891296387e-02
4.311687499284744263e-02 5.084178596735000610e-02
4.124217107892036438e-02 4.706424474716186523e-02
3.817134723067283630e-02 3.514638915657997131e-02
4.820405691862106323e-02 5.004476010799407959e-02
4.138495773077011108e-02 5.881753563880920410e-02
3.945725411176681519e-02 4.210898280143737793e-02
4.291978105902671814e-02 5.090247094631195068e-02
3.966154903173446655e-02 4.528351128101348877e-02
4.126678407192230225e-02 4.788129031658172607e-02
4.381816834211349487e-02 4.623346775770187378e-02
4.109077528119087219e-02 5.039886012673377991e-02
4.542288556694984436e-02 4.991985857486724854e-02
4.084590822458267212e-02 5.103933066129684448e-02
4.310582578182220459e-02 3.860116750001907349e-02
4.247780144214630127e-02 4.165118560194969177e-02
4.145339131355285645e-02 3.782774507999420166e-02
4.324488714337348938e-02 4.542395099997520447e-02
3.961395844817161560e-02 4.572808742523193359e-02
4.382697492837905884e-02 4.588501527905464172e-02
4.221183434128761292e-02 4.188010469079017639e-02
4.025789350271224976e-02 3.918457031250000000e-02
4.491814225912094116e-02 4.378471523523330688e-02
3.906245157122612000e-02 2.795773744583129883e-02
4.304131865501403809e-02 3.207782655954360962e-02
3.681591898202896118e-02 2.577403001487255096e-02
4.146945476531982422e-02 4.005974531173706055e-02
2.950597181916236877e-02 2.396023645997047424e-02
3.861150518059730530e-02 3.412027657032012939e-02
4.184407740831375122e-02 4.089982807636260986e-02
3.278667479753494263e-02 3.270759806036949158e-02
3.024631552398204803e-02 3.767253085970878601e-02
4.092866182327270508e-02 4.040605574846267700e-02
4.131316021084785461e-02 4.464209079742431641e-02
4.410752281546592712e-02 4.543614387512207031e-02
4.559860005974769592e-02 5.168320983648300171e-02
3.738128766417503357e-02 3.310857713222503662e-02
3.732433915138244629e-02 3.486230224370956421e-02
4.272598028182983398e-02 3.709290176630020142e-02
4.317551851272583008e-02 4.597229138016700745e-02
4.343429207801818848e-02 3.956101834774017334e-02
3.962589800357818604e-02 3.710740059614181519e-02
4.203253239393234253e-02 4.309131205081939697e-02
3.829000145196914673e-02 2.731611020863056183e-02
3.633188083767890930e-02 2.614575996994972229e-02
3.399526700377464294e-02 2.154813520610332489e-02
3.537182137370109558e-02 3.074010461568832397e-02
3.393767774105072021e-02 2.589774131774902344e-02
4.010936617851257324e-02 4.103188216686248779e-02
3.105323761701583862e-02 1.988753490149974823e-02
3.093570657074451447e-02 1.751669310033321381e-02
3.602429106831550598e-02 3.484180569648742676e-02
3.646185994148254395e-02 3.226764872670173645e-02
3.473863378167152405e-02 2.300639636814594269e-02
3.383296355605125427e-02 3.626390919089317322e-02
3.738060593605041504e-02 3.493876382708549500e-02
3.546668589115142822e-02 3.519376367330551147e-02
4.195965453982353210e-02 4.575125873088836670e-02
4.350184649229049683e-02 3.932000696659088135e-02
3.552172333002090454e-02 3.175268322229385376e-02
3.877857327461242676e-02 3.775070980191230774e-02
3.755212575197219849e-02 3.208528831601142883e-02
4.488410428166389465e-02 4.248964414000511169e-02
4.050254076719284058e-02 3.768073767423629761e-02
4.337057843804359436e-02 4.172109812498092651e-02
4.207004979252815247e-02 4.052083194255828857e-02
4.355061426758766174e-02 3.998152166604995728e-02
4.480212181806564331e-02 4.290977120399475098e-02
4.319766163825988770e-02 3.808788955211639404e-02
3.369600698351860046e-02 2.263202518224716187e-02
3.716499358415603638e-02 2.395388856530189514e-02
3.683218359947204590e-02 3.157515823841094971e-02
3.988099470734596252e-02 3.338030725717544556e-02
3.887474909424781799e-02 2.258479408919811249e-02
4.809797927737236023e-02 4.944275319576263428e-02
4.009382426738739014e-02 3.249378129839897156e-02
4.497287422418594360e-02 4.020366817712783813e-02
3.478669375181198120e-02 2.383462898433208466e-02
3.731497749686241150e-02 2.698621340095996857e-02
3.765165805816650391e-02 2.778424881398677826e-02
3.799574449658393860e-02 3.320139646530151367e-02
3.819937631487846375e-02 2.381902560591697693e-02
3.552364930510520935e-02 2.946241758763790131e-02
4.125718399882316589e-02 2.987594157457351685e-02
4.165657609701156616e-02 3.215641155838966370e-02
4.424159228801727295e-02 4.157709330320358276e-02
3.911368548870086670e-02 3.532743453979492188e-02
3.959403932094573975e-02 3.809262067079544067e-02
4.010351002216339111e-02 4.002363607287406921e-02
4.357718303799629211e-02 4.658579081296920776e-02
3.560106828808784485e-02 3.533106297254562378e-02
4.206599295139312744e-02 4.247142374515533447e-02
3.851460665464401245e-02 3.474673628807067871e-02
4.158692806959152222e-02 3.396914526820182800e-02
3.980003297328948975e-02 2.394082769751548767e-02
4.203353449702262878e-02 3.696493431925773621e-02
3.734435141086578369e-02 3.230427205562591553e-02
4.261655360460281372e-02 4.630195349454879761e-02
3.900898993015289307e-02 4.310261458158493042e-02
4.061499610543251038e-02 4.075642675161361694e-02
3.820991516113281250e-02 4.083340615034103394e-02
4.183932021260261536e-02 4.726348817348480225e-02
3.926754742860794067e-02 3.982051461935043335e-02
3.379712253808975220e-02 2.445500157773494720e-02
3.384342044591903687e-02 2.432637289166450500e-02
4.080604389309883118e-02 4.248384386301040649e-02
4.066267982125282288e-02 4.804793000221252441e-02
4.085868597030639648e-02 3.888325020670890808e-02
4.310242086648941040e-02 4.911966994404792786e-02
4.303617775440216064e-02 4.651268571615219116e-02
3.906764835119247437e-02 4.419773072004318237e-02
3.932861238718032837e-02 4.703738912940025330e-02
3.988979384303092957e-02 4.154946655035018921e-02
3.109625726938247681e-02 2.987640723586082458e-02
3.896997123956680298e-02 4.220149666070938110e-02
4.219510406255722046e-02 3.976824879646301270e-02
4.055485501885414124e-02 4.371354356408119202e-02
4.133475944399833679e-02 4.083172604441642761e-02
3.792728856205940247e-02 3.849834203720092773e-02
4.337168484926223755e-02 4.520399123430252075e-02
3.818052262067794800e-02 4.157237336039543152e-02
4.181317239999771118e-02 4.429252445697784424e-02
3.669426217675209045e-02 3.552945703268051147e-02
4.246318340301513672e-02 3.479785844683647156e-02
4.007156193256378174e-02 4.162827879190444946e-02
3.613825142383575439e-02 3.358682245016098022e-02
3.752456605434417725e-02 3.324258327484130859e-02
3.410843759775161743e-02 2.958442643284797668e-02
3.834053874015808105e-02 4.396912455558776855e-02
4.302983358502388000e-02 5.300874263048171997e-02
4.077312350273132324e-02 4.025529325008392334e-02
3.992884606122970581e-02 3.641611337661743164e-02
3.960373252630233765e-02 3.946036845445632935e-02
4.067970812320709229e-02 3.551405668258666992e-02
3.974402695894241333e-02 3.514068946242332458e-02
3.685230016708374023e-02 3.294520825147628784e-02
3.882950544357299805e-02 3.672218322753906250e-02
3.719519078731536865e-02 3.222898766398429871e-02
4.023227095603942871e-02 3.300155699253082275e-02
3.454885631799697876e-02 2.990120276808738708e-02
4.001472145318984985e-02 4.040617868304252625e-02
3.895027190446853638e-02 3.694972768425941467e-02
3.893184661865234375e-02 4.002945125102996826e-02
3.758325055241584778e-02 3.261058777570724487e-02
4.137324541807174683e-02 4.225190728902816772e-02
3.623265773057937622e-02 3.620382398366928101e-02
3.448915109038352966e-02 3.089577704668045044e-02
3.812728822231292725e-02 4.375916719436645508e-02
3.803495317697525024e-02 4.309618473052978516e-02
3.697422146797180176e-02 4.025316238403320312e-02
4.133823513984680176e-02 4.060193151235580444e-02
3.952364623546600342e-02 3.876457363367080688e-02
4.448110237717628479e-02 5.033994093537330627e-02
4.062400013208389282e-02 3.881276771426200867e-02
4.042560607194900513e-02 3.878523409366607666e-02
3.951737284660339355e-02 3.892546892166137695e-02
4.018532484769821167e-02 4.198703914880752563e-02
3.660187870264053345e-02 3.487189114093780518e-02
3.861674666404724121e-02 3.256347775459289551e-02
4.332999140024185181e-02 4.341959208250045776e-02
4.279875010251998901e-02 4.202086478471755981e-02
3.928337991237640381e-02 3.510105609893798828e-02
3.963442891836166382e-02 3.474338725209236145e-02
3.898701071739196777e-02 3.015729226171970367e-02
4.225644096732139587e-02 4.051157832145690918e-02
3.888055682182312012e-02 3.445675224065780640e-02
4.170441627502441406e-02 3.538540750741958618e-02
3.703112900257110596e-02 2.827179059386253357e-02
3.937232121825218201e-02 2.311684750020503998e-02
4.340723901987075806e-02 3.336844593286514282e-02
4.376105219125747681e-02 4.129456728696823120e-02
4.071245715022087097e-02 3.092816844582557678e-02
3.908410668373107910e-02 3.046062216162681580e-02
4.636274278163909912e-02 4.264235496520996094e-02
4.134491086006164551e-02 2.697070501744747162e-02
4.385279491543769836e-02 3.468532860279083252e-02
4.284094646573066711e-02 4.262140020728111267e-02
4.031058773398399353e-02 2.753245644271373749e-02
3.895769640803337097e-02 2.688846364617347717e-02
3.849385678768157959e-02 2.335293963551521301e-02
4.310257732868194580e-02 3.077252209186553955e-02
4.099626839160919189e-02 2.267415449023246765e-02
4.446290805935859680e-02 3.033102303743362427e-02
4.725985974073410034e-02 3.793710470199584961e-02
4.144679754972457886e-02 2.589277736842632294e-02
4.176025837659835815e-02 3.423979878425598145e-02
3.885963931679725647e-02 3.234913945198059082e-02
3.818833827972412109e-02 2.323291823267936707e-02
4.431612789630889893e-02 3.782194852828979492e-02
3.887750208377838135e-02 2.603147923946380615e-02
3.925121203064918518e-02 4.159703850746154785e-02
3.520884737372398376e-02 2.353439480066299438e-02
4.028610140085220337e-02 2.242444083094596863e-02
4.463038966059684753e-02 4.082549363374710083e-02
4.078242182731628418e-02 3.552306815981864929e-02
3.770275413990020752e-02 3.404001519083976746e-02
3.998790681362152100e-02 3.692579269409179688e-02
3.917380794882774353e-02 3.012086637318134308e-02
3.450011834502220154e-02 3.324047476053237915e-02
3.830662742257118225e-02 4.268038645386695862e-02
3.742974996566772461e-02 3.646696358919143677e-02
3.747586160898208618e-02 3.448160365223884583e-02
4.072295129299163818e-02 3.857751935720443726e-02
3.413793817162513733e-02 2.118451520800590515e-02
3.702684491872787476e-02 3.107494488358497620e-02
3.604114055633544922e-02 2.741021290421485901e-02
4.135394841432571411e-02 4.519065096974372864e-02
3.686423599720001221e-02 3.116493485867977142e-02
4.548731446266174316e-02 3.882164508104324341e-02
3.522833436727523804e-02 3.817988932132720947e-02
3.952468559145927429e-02 3.506977111101150513e-02
4.023862630128860474e-02 3.334433585405349731e-02
3.481243550777435303e-02 4.005336016416549683e-02
3.905659914016723633e-02 4.266626387834548950e-02
4.191918671131134033e-02 4.764831811189651489e-02
4.085241258144378662e-02 3.324969857931137085e-02
3.689249604940414429e-02 4.207227379083633423e-02
3.765297681093215942e-02 4.003069549798965454e-02
3.806924074888229370e-02 3.931926190853118896e-02
3.949658572673797607e-02 4.917430877685546875e-02
3.837633877992630005e-02 4.370509833097457886e-02
3.729280084371566772e-02 4.532792419195175171e-02
4.044993966817855835e-02 4.017467051744461060e-02
3.625305369496345520e-02 3.046128898859024048e-02
3.555320203304290771e-02 3.251145780086517334e-02
3.676409646868705750e-02 3.400792181491851807e-02
3.823070228099822998e-02 3.661801666021347046e-02
3.966666013002395630e-02 4.602157324552536011e-02
3.842809796333312988e-02 4.092484712600708008e-02
4.150833934545516968e-02 4.504127800464630127e-02
4.364849627017974854e-02 4.346834868192672729e-02
4.007658734917640686e-02 4.291079938411712646e-02
3.777004033327102661e-02 3.602281212806701660e-02
4.108031466603279114e-02 4.918833822011947632e-02
4.270279407501220703e-02 4.517730325460433960e-02
3.934353962540626526e-02 3.845343738794326782e-02
4.029371216893196106e-02 3.548727929592132568e-02
4.256372898817062378e-02 4.449216276407241821e-02
4.154552519321441650e-02 4.570431262254714966e-02
4.008215293288230896e-02 5.059760808944702148e-02
4.261168092489242554e-02 4.446667432785034180e-02
4.340852051973342896e-02 4.694468900561332703e-02
3.674758598208427429e-02 3.396804630756378174e-02
4.269197210669517517e-02 4.289817810058593750e-02
4.063416272401809692e-02 3.782856464385986328e-02
3.385856747627258301e-02 2.839193306863307953e-02
3.299707546830177307e-02 1.951029896736145020e-02
3.169833868741989136e-02 2.279013209044933319e-02
3.389837965369224548e-02 2.601361647248268127e-02
3.521382808685302734e-02 2.916355058550834656e-02
4.242026433348655701e-02 4.089343920350074768e-02
4.097069799900054932e-02 4.581029713153839111e-02
3.876312077045440674e-02 3.919578343629837036e-02
3.577900677919387817e-02 3.541795164346694946e-02
4.445151239633560181e-02 5.433789640665054321e-02
3.936880826950073242e-02 4.035005718469619751e-02
4.352524876594543457e-02 3.548382967710494995e-02
4.199428856372833252e-02 1.918220520019531250e-02
3.919443488121032715e-02 3.152014315128326416e-02
4.043713584542274475e-02 3.478845581412315369e-02
3.919865190982818604e-02 9.816005825996398926e-03
3.876985237002372742e-02 2.445426955819129944e-02
3.984314948320388794e-02 4.155259579420089722e-02
4.470573365688323975e-02 5.776516348123550415e-02
3.748572617769241333e-02 3.721488639712333679e-02
4.461351782083511353e-02 4.158452898263931274e-02
4.570563882589340210e-02 4.886350035667419434e-02
6.577473878860473633e-02 6.138794869184494019e-02
3.817088156938552856e-02 9.113438427448272705e-04
3.995196521282196045e-02 3.803473711013793945e-02
5.065393075346946716e-02 5.614221096038818359e-02
4.100569337606430054e-02 5.031643435359001160e-03
3.725051507353782654e-02 2.861014939844608307e-02
4.563120380043983459e-02 5.232679098844528198e-02
4.085464030504226685e-02 1.308655366301536560e-02
5.984267964959144592e-02 3.971652686595916748e-02
4.779020324349403381e-02 9.105232544243335724e-03
3.134794160723686218e-02 -4.248321056365966797e-03
4.423472657799720764e-02 4.322715848684310913e-02
4.156970232725143433e-02 3.466519713401794434e-02
3.441186994314193726e-02 2.879739552736282349e-02
4.702248424291610718e-02 4.755604267120361328e-02
4.419944062829017639e-02 5.059883743524551392e-02
3.613318130373954773e-02 3.740127757191658020e-02
4.257132112979888916e-02 3.693291544914245605e-02
4.228051751852035522e-02 3.956198692321777344e-02
3.283642977476119995e-02 4.081316292285919189e-02
3.111412376165390015e-02 3.791693598031997681e-02
3.444731608033180237e-02 2.791099622845649719e-02
3.979709744453430176e-02 5.395767092704772949e-02
3.974012285470962524e-02 3.754474967718124390e-02
3.668253868818283081e-02 4.468926042318344116e-02
3.723509982228279114e-02 5.499960482120513916e-02
3.520486503839492798e-02 5.237077176570892334e-02
4.689628258347511292e-02 6.648790836334228516e-02
4.422891512513160706e-02 5.199069529771804810e-02
3.722769021987915039e-02 5.176125466823577881e-02
4.182690009474754333e-02 5.442743003368377686e-02
4.140270128846168518e-02 5.751499533653259277e-02
3.558159619569778442e-02 4.879710823297500610e-02
3.741111978888511658e-02 4.674585908651351929e-02
3.885187581181526184e-02 4.627136513590812683e-02
3.506483882665634155e-02 3.786915540695190430e-02
3.503345325589179993e-02 4.253852367401123047e-02
3.249949216842651367e-02 3.097013384103775024e-02
3.116278350353240967e-02 3.030549548566341400e-02
4.080736637115478516e-02 4.663141816854476929e-02
3.953209519386291504e-02 4.306117445230484009e-02
3.427825868129730225e-02 3.775381296873092651e-02
3.377709165215492249e-02 4.898626357316970825e-02
4.300334304571151733e-02 4.570298641920089722e-02
3.574260324239730835e-02 4.361758753657341003e-02
3.548416495323181152e-02 4.432302713394165039e-02
3.481163829565048218e-02 4.762050136923789978e-02
3.886185213923454285e-02 4.630387574434280396e-02
4.091411083936691284e-02 4.343258589506149292e-02
3.726913407444953918e-02 4.626429453492164612e-02
3.504921495914459229e-02 4.669046401977539062e-02
3.622366487979888916e-02 4.112991690635681152e-02
3.810026124119758606e-02 4.212441295385360718e-02
3.743686899542808533e-02 3.008590079843997955e-02
3.950370848178863525e-02 5.747657269239425659e-02
4.525271058082580566e-02 5.004442110657691956e-02
4.256593063473701477e-02 5.568284541368484497e-02
4.478693753480911255e-02 5.170876532793045044e-02
4.500661790370941162e-02 5.525421351194381714e-02
4.058088734745979309e-02 4.885517060756683350e-02
4.440569877624511719e-02 5.106962472200393677e-02
4.221732914447784424e-02 4.216126352548599243e-02
4.521434009075164795e-02 4.857559502124786377e-02
4.039011150598526001e-02 4.366473853588104248e-02
4.161217436194419861e-02 4.345957189798355103e-02
3.466542437672615051e-02 3.523575514554977417e-02
4.244676604866981506e-02 4.484410583972930908e-02
4.577028006315231323e-02 5.539775639772415161e-02
4.265046864748001099e-02 3.665405139327049255e-02
4.020104557275772095e-02 5.216649919748306274e-02
3.788335248827934265e-02 4.215773195028305054e-02
3.838685899972915649e-02 4.998043179512023926e-02
4.200847446918487549e-02 5.375954508781433105e-02
4.668903350830078125e-02 5.269876122474670410e-02
3.866853192448616028e-02 4.041685163974761963e-02
3.217063099145889282e-02 4.014190286397933960e-02
3.698214516043663025e-02 3.951305150985717773e-02
3.850766643881797791e-02 4.816387966275215149e-02
4.030188545584678650e-02 5.412482470273971558e-02
3.841377049684524536e-02 3.963857889175415039e-02
4.103748127818107605e-02 5.388826876878738403e-02
3.995147347450256348e-02 6.098688393831253052e-02
4.576873779296875000e-02 7.375432550907135010e-02
3.845565021038055420e-02 5.138053745031356812e-02
5.661710724234580994e-02 7.189050316810607910e-02
4.255046695470809937e-02 5.331059545278549194e-02
5.295270308852195740e-02 8.093486726284027100e-02
5.110140889883041382e-02 6.130938977003097534e-02
4.836418479681015015e-02 5.279780924320220947e-02
5.360714346170425415e-02 4.860994219779968262e-02
5.821611732244491577e-02 4.940424859523773193e-02
4.306212067604064941e-02 1.857739500701427460e-02
4.565590620040893555e-02 4.047590494155883789e-02
3.742127865552902222e-02 3.968170285224914551e-02
4.275300726294517517e-02 6.343007087707519531e-02
3.933970630168914795e-02 6.764777004718780518e-02
4.338675737380981445e-02 6.778628379106521606e-02
4.712079465389251709e-02 6.751952320337295532e-02
3.200640156865119934e-02 4.461789876222610474e-02
3.984811902046203613e-02 3.798777610063552856e-02
4.373577982187271118e-02 3.782624751329421997e-02
3.545299172401428223e-02 1.725832931697368622e-02
3.683467954397201538e-02 5.887356400489807129e-02
3.383495658636093140e-02 6.928302347660064697e-02
3.817407414317131042e-02 3.676009923219680786e-02
6.745284795761108398e-02 7.755234092473983765e-02
2.946934849023818970e-02 5.105601996183395386e-02
3.368654847145080566e-02 2.680212445557117462e-02
4.164013266563415527e-02 4.812264442443847656e-02
4.283747449517250061e-02 5.227556824684143066e-02
4.048760235309600830e-02 5.239660292863845825e-02
3.760702535510063171e-02 3.946862369775772095e-02
4.223779961466789246e-02 4.435749724507331848e-02
4.325695335865020752e-02 4.937358200550079346e-02
4.204453900456428528e-02 5.350003391504287720e-02
3.803322464227676392e-02 4.527606070041656494e-02
3.752833232283592224e-02 4.327586665749549866e-02
4.173046723008155823e-02 4.886902123689651489e-02
4.566520825028419495e-02 5.866169184446334839e-02
4.756039381027221680e-02 4.365414753556251526e-02
4.485690593719482422e-02 5.089074373245239258e-02
4.197060689330101013e-02 4.277188703417778015e-02
3.277277201414108276e-02 2.794709801673889160e-02
3.824323415756225586e-02 4.495484381914138794e-02
4.232843965291976929e-02 4.464867711067199707e-02
4.852521419525146484e-02 6.426797062158584595e-02
4.461017251014709473e-02 5.492497235536575317e-02
4.502061009407043457e-02 4.887129366397857666e-02
4.602691531181335449e-02 3.479677811264991760e-02
3.825940936803817749e-02 4.247622936964035034e-02
4.077842831611633301e-02 4.978583753108978271e-02
4.967831075191497803e-02 6.088674813508987427e-02
3.752031177282333374e-02 4.340724647045135498e-02
3.652598708868026733e-02 4.793238267302513123e-02
4.021350666880607605e-02 5.512785166501998901e-02
3.721775114536285400e-02 4.423803091049194336e-02
3.975757956504821777e-02 4.950947687029838562e-02
3.589995950460433960e-02 4.388621449470520020e-02
3.613392263650894165e-02 4.430072754621505737e-02
3.560394793748855591e-02 4.204319417476654053e-02
3.540044277906417847e-02 4.516557604074478149e-02
3.545402735471725464e-02 5.085065215826034546e-02
3.770542144775390625e-02 5.373938381671905518e-02
3.599809855222702026e-02 4.040208458900451660e-02
3.474113717675209045e-02 3.626089915633201599e-02
2.854117006063461304e-02 3.859754651784896851e-02
2.853248268365859985e-02 4.240888357162475586e-02
3.308683633804321289e-02 3.489365428686141968e-02
3.477785736322402954e-02 6.211733072996139526e-02
3.408040478825569153e-02 4.705523699522018433e-02
4.155153036117553711e-02 6.466205418109893799e-02
4.118848219513893127e-02 5.895690619945526123e-02
4.039116203784942627e-02 7.717685401439666748e-02
3.895656019449234009e-02 5.142654478549957275e-02
3.815348446369171143e-02 6.846603751182556152e-02
3.616575524210929871e-02 6.528253853321075439e-02
3.690294548869132996e-02 6.001226603984832764e-02
3.816211223602294922e-02 6.339643895626068115e-02
4.369835928082466125e-02 7.702194154262542725e-02
4.005588591098785400e-02 7.795257121324539185e-02
3.603772073984146118e-02 4.758682847023010254e-02
3.518739715218544006e-02 6.222209334373474121e-02
3.684664145112037659e-02 6.481689214706420898e-02
3.832471743226051331e-02 6.557320058345794678e-02
4.881170392036437988e-02 7.740604132413864136e-02
3.597433120012283325e-02 7.693937420845031738e-02
4.284299537539482117e-02 5.981276184320449829e-02
4.448297619819641113e-02 6.282823532819747925e-02
3.162460029125213623e-02 5.097168684005737305e-02
3.261948004364967346e-02 4.126811027526855469e-02
3.545221686363220215e-02 4.401294514536857605e-02
2.819824963808059692e-02 2.729872986674308777e-02
3.744745999574661255e-02 6.042602658271789551e-02
3.306714072823524475e-02 5.157838761806488037e-02
3.426276147365570068e-02 6.219256669282913208e-02
3.208826482295989990e-02 3.742713481187820435e-02
3.473406285047531128e-02 6.089271605014801025e-02
3.878461942076683044e-02 5.821079015731811523e-02
3.369573131203651428e-02 4.579382389783859253e-02
3.717227280139923096e-02 5.377450585365295410e-02
3.998766094446182251e-02 8.389724791049957275e-02
3.250237926840782166e-02 6.513603031635284424e-02
3.874648362398147583e-02 5.798456817865371704e-02
1.982901617884635925e-02 1.446880120784044266e-02
2.946738898754119873e-02 2.519088611006736755e-02
3.308867290616035461e-02 5.430810898542404175e-02
3.478225693106651306e-02 5.962837487459182739e-02
3.302300721406936646e-02 4.450773447751998901e-02
3.210474923253059387e-02 4.305049031972885132e-02
3.612843528389930725e-02 6.027351319789886475e-02
4.080206900835037231e-02 6.051881611347198486e-02
3.061297535896301270e-02 4.269261658191680908e-02
2.736764028668403625e-02 6.831797957420349121e-02
3.163807839155197144e-02 5.589255690574645996e-02
3.163403272628784180e-02 5.473890155553817749e-02
3.304379805922508240e-02 4.387222975492477417e-02
2.972017787396907806e-02 4.559738188982009888e-02
2.590073272585868835e-02 3.818327188491821289e-02
3.168236464262008667e-02 5.147110670804977417e-02
3.301211819052696228e-02 5.830796062946319580e-02
3.012019023299217224e-02 3.899534791707992554e-02
2.998406067490577698e-02 3.955934196710586548e-02
3.247760981321334839e-02 3.243190050125122070e-02
3.029925003647804260e-02 5.245416611433029175e-02
2.823942899703979492e-02 3.705755621194839478e-02
3.673215582966804504e-02 4.619558900594711304e-02
3.231956809759140015e-02 3.613357245922088623e-02
4.271278530359268188e-02 5.263916403055191040e-02
3.595759719610214233e-02 4.098530486226081848e-02
3.813420981168746948e-02 5.754324793815612793e-02
2.898125350475311279e-02 5.243693292140960693e-02
2.691990882158279419e-02 2.651276066899299622e-02
2.035823836922645569e-02 4.098934680223464966e-02
2.831692248582839966e-02 7.067866623401641846e-02
2.333052828907966614e-02 2.755473926663398743e-02
3.815163299441337585e-02 5.638786405324935913e-02
2.984079346060752869e-02 4.345356673002243042e-02
3.811393678188323975e-02 7.214515656232833862e-02
3.161868453025817871e-02 4.441818967461585999e-02
3.643004223704338074e-02 4.899721220135688782e-02
3.495810180902481079e-02 6.119652837514877319e-02
3.318640217185020447e-02 6.199283152818679810e-02
3.753248229622840881e-02 8.097670972347259521e-02
2.228610217571258545e-02 4.450076073408126831e-02
2.439901232719421387e-02 4.951106756925582886e-02
2.891656383872032166e-02 6.350106000900268555e-02
2.477277070283889771e-02 5.921805649995803833e-02
3.216747194528579712e-02 5.535836517810821533e-02
3.057198226451873779e-02 5.557470023632049561e-02
1.874324679374694824e-02 4.588275402784347534e-02
2.248157560825347900e-02 4.649896547198295593e-02
2.365335822105407715e-02 3.542298823595046997e-02
2.383956685662269592e-02 4.336955770850181580e-02
2.366366982460021973e-02 5.184413492679595947e-02
3.420268744230270386e-02 5.722688883543014526e-02
2.769093587994575500e-02 4.077565670013427734e-02
3.093178756535053253e-02 3.718844801187515259e-02
2.994876913726329803e-02 3.801654279232025146e-02
2.806589379906654358e-02 3.025647066533565521e-02
3.470309451222419739e-02 2.408308908343315125e-02
3.124844282865524292e-02 1.933459751307964325e-02
2.858527004718780518e-02 2.005875669419765472e-02
2.761615067720413208e-02 9.905137121677398682e-03
3.512199223041534424e-02 2.040732093155384064e-02
2.543011307716369629e-02 3.702335059642791748e-02
3.173680603504180908e-02 2.593026496469974518e-02
2.563611418008804321e-02 3.111699968576431274e-02
2.577501162886619568e-02 2.559319511055946350e-02
1.799598336219787598e-02 1.368628907948732376e-02
2.332146465778350830e-02 1.883378438651561737e-02
2.827198430895805359e-02 1.891014166176319122e-02
2.251231297850608826e-02 5.684036761522293091e-03
1.615581661462783813e-02 2.486639097332954407e-02
5.265295505523681641e-03 1.042293198406696320e-02
2.138346061110496521e-02 4.631376266479492188e-02
2.784400433301925659e-02 4.588402062654495239e-02
4.414704069495201111e-02 6.078195571899414062e-02
2.086795121431350708e-02 3.662840276956558228e-02
2.251512929797172546e-02 1.893100515007972717e-02
1.873855292797088623e-02 3.055458143353462219e-02
1.972688362002372742e-02 1.226467452943325043e-02
2.706090360879898071e-02 4.654864594340324402e-02
3.682711720466613770e-02 4.030884057283401489e-02
3.574100881814956665e-02 4.476317390799522400e-02
2.567023038864135742e-02 2.381772734224796295e-02
9.458228945732116699e-03 1.134481653571128845e-02
2.348920702934265137e-02 2.529201842844486237e-02
7.542163133621215820e-03 1.064138580113649368e-02
1.904492825269699097e-02 2.352856099605560303e-02
1.284621283411979675e-02 2.035588398575782776e-02
2.187757194042205811e-02 2.131044864654541016e-02
1.734269410371780396e-02 2.271748706698417664e-02
3.100928664207458496e-02 4.636727273464202881e-02
3.381260484457015991e-02 4.136539250612258911e-02
3.937762603163719177e-02 4.318511113524436951e-02
2.875166013836860657e-02 3.109756298363208771e-02
3.059308975934982300e-02 5.297532677650451660e-02
3.197530284523963928e-02 6.848270446062088013e-02
2.636396884918212891e-02 5.464882403612136841e-02
2.437147125601768494e-02 4.416523128747940063e-02
3.363790735602378845e-02 5.126485228538513184e-02
2.577709034085273743e-02 3.167398646473884583e-02
1.983884721994400024e-02 1.717648096382617950e-02
-1.939162611961364746e-04 8.138138800859451294e-04
8.475739508867263794e-03 1.961520873010158539e-02
1.868095248937606812e-02 2.537808194756507874e-02
3.378417342901229858e-02 5.110246688127517700e-02
2.051750570535659790e-02 2.845367416739463806e-02
1.060739532113075256e-02 2.217080444097518921e-02
2.307567745447158813e-03 3.503393381834030151e-03
4.018303006887435913e-03 1.891962997615337372e-02
1.240332424640655518e-02 2.319964766502380371e-02
1.292189210653305054e-02 2.798814885318279266e-02
1.603744551539421082e-02 3.142903372645378113e-02
1.447215676307678223e-02 2.689639851450920105e-02
6.794404238462448120e-03 1.502455584704875946e-02
1.102988794445991516e-02 3.003645315766334534e-02
1.816745102405548096e-02 2.845308743417263031e-02
1.530474424362182617e-02 2.611181326210498810e-02
1.674269884824752808e-02 2.422809787094593048e-02
1.190836727619171143e-02 2.301229164004325867e-02
1.115627586841583252e-02 3.960278257727622986e-02
2.366371825337409973e-02 2.767122723162174225e-02
1.819373667240142822e-02 2.539437450468540192e-02
2.735493704676628113e-02 1.773906499147415161e-02
2.388110756874084473e-02 1.589791849255561829e-03
2.521763369441032410e-02 2.841562591493129730e-02
2.409299090504646301e-02 6.948460824787616730e-03
2.311545237898826599e-02 4.276020079851150513e-02
1.259338110685348511e-02 3.313762694597244263e-02
2.584721148014068604e-02 4.720592871308326721e-02
2.246590331196784973e-02 4.635348170995712280e-02
1.727912575006484985e-02 1.354291755706071854e-02
9.867101907730102539e-03 2.005456946790218353e-02
8.912418037652969360e-03 1.322348136454820633e-02
4.404824227094650269e-03 2.664943970739841461e-02
8.241750299930572510e-03 9.372501634061336517e-03
1.157524809241294861e-02 3.934081643819808960e-02
1.230262592434883118e-02 1.946696639060974121e-02
3.539912402629852295e-03 3.193871676921844482e-02
6.540544331073760986e-03 2.064172178506851196e-02
5.857199430465698242e-03 3.263015672564506531e-02
8.818134665489196777e-03 1.814373210072517395e-02
7.976368069648742676e-04 3.585828840732574463e-02
1.726388931274414062e-02 6.381004303693771362e-02
1.478627696633338928e-02 4.362557083368301392e-02
1.401380449533462524e-02 2.690869569778442383e-02
1.145340874791145325e-02 2.560319378972053528e-02
1.190685480833053589e-02 2.447519265115261078e-02
1.905029639601707458e-02 3.987013176083564758e-02
1.959905773401260376e-02 4.221535474061965942e-02
2.182995155453681946e-02 3.828001767396926880e-02
1.898375526070594788e-02 4.156564176082611084e-02
2.197353541851043701e-02 3.385039418935775757e-02
1.900507509708404541e-02 3.329794481396675110e-02
2.197035402059555054e-02 3.801086544990539551e-02
2.572640776634216309e-02 4.062595963478088379e-02
2.359377592802047729e-02 3.400050103664398193e-02
2.186328172683715820e-02 3.052096255123615265e-02
1.856331154704093933e-02 3.423807770013809204e-02
2.238393202424049377e-02 2.815517410635948181e-02
2.077001333236694336e-02 3.496887534856796265e-02
2.012038603425025940e-02 3.404393047094345093e-02
2.281812205910682678e-02 2.901308238506317139e-02
3.005452640354633331e-02 3.628133982419967651e-02
3.298993408679962158e-02 3.874973207712173462e-02
3.582087531685829163e-02 4.898313060402870178e-02
3.041423857212066650e-02 4.262799769639968872e-02
3.270167857408523560e-02 4.640951752662658691e-02
3.311112895607948303e-02 3.329177945852279663e-02
3.448981046676635742e-02 3.584003448486328125e-02
3.481522575020790100e-02 3.619837015867233276e-02
3.067637979984283447e-02 2.321031689643859863e-02
3.370371460914611816e-02 2.749524265527725220e-02
3.415098786354064941e-02 3.300686180591583252e-02
3.447125852108001709e-02 2.845686674118041992e-02
3.395386040210723877e-02 3.187825530767440796e-02
3.892982751131057739e-02 4.206987470388412476e-02
3.469985350966453552e-02 4.625368118286132812e-02
2.921950630843639374e-02 3.603896498680114746e-02
3.077076002955436707e-02 4.043929278850555420e-02
3.609534353017807007e-02 3.672507405281066895e-02
3.015924617648124695e-02 4.176772385835647583e-02
2.906308881938457489e-02 4.645541310310363770e-02
2.940050140023231506e-02 3.590922057628631592e-02
2.647650986909866333e-02 2.998278290033340454e-02
3.047680109739303589e-02 3.129205480217933655e-02
2.791226655244827271e-02 2.803803421556949615e-02
2.930426783859729767e-02 2.878897264599800110e-02
2.745663374662399292e-02 3.243476152420043945e-02
3.128383308649063110e-02 2.423794753849506378e-02
3.152522072196006775e-02 3.066036850214004517e-02
3.117557615041732788e-02 3.089092113077640533e-02
3.289433196187019348e-02 4.103397578001022339e-02
3.515743836760520935e-02 4.284220561385154724e-02
3.292001783847808838e-02 5.362603068351745605e-02
2.947492711246013641e-02 5.811156332492828369e-02
3.049388155341148376e-02 4.611773788928985596e-02
3.080038912594318390e-02 4.396165534853935242e-02
3.610203415155410767e-02 5.383192002773284912e-02
2.946117147803306580e-02 5.133914947509765625e-02
3.065131418406963348e-02 4.317897558212280273e-02
3.287993744015693665e-02 4.109238833189010620e-02
3.219684213399887085e-02 4.959109425544738770e-02
3.746834397315979004e-02 5.386888235807418823e-02
2.987956628203392029e-02 4.876762628555297852e-02
3.311433270573616028e-02 5.832837522029876709e-02
3.019998967647552490e-02 4.903468117117881775e-02
3.443500772118568420e-02 6.354983896017074585e-02
3.528901189565658569e-02 6.415715068578720093e-02
3.187228739261627197e-02 6.424487382173538208e-02
3.504358232021331787e-02 7.695768773555755615e-02
3.722146898508071899e-02 7.446547597646713257e-02
3.294111043214797974e-02 6.537593901157379150e-02
3.222548589110374451e-02 6.558916717767715454e-02
3.556248173117637634e-02 6.753350794315338135e-02
3.142099082469940186e-02 6.237044930458068848e-02
3.843705356121063232e-02 6.640321761369705200e-02
3.397248312830924988e-02 6.965301930904388428e-02
4.005946218967437744e-02 6.574708223342895508e-02
3.406120091676712036e-02 5.688471347093582153e-02
3.457746654748916626e-02 5.673614144325256348e-02
3.233907371759414673e-02 5.083210766315460205e-02
3.689388185739517212e-02 5.317753553390502930e-02
3.645662963390350342e-02 5.947341769933700562e-02
3.901654481887817383e-02 5.658470839262008667e-02
3.418108075857162476e-02 6.098411232233047485e-02
3.075283393263816833e-02 4.514114558696746826e-02
2.777771279215812683e-02 4.004013538360595703e-02
3.110729157924652100e-02 4.729237034916877747e-02
1.900490745902061462e-02 3.700415790081024170e-02
3.088995255529880524e-02 4.907391220331192017e-02
1.753786578774452209e-02 2.599070593714714050e-02
1.570922881364822388e-02 1.159908995032310486e-02
2.959434315562248230e-02 3.276054561138153076e-02
3.824847564101219177e-02 3.838700056076049805e-02
3.446813672780990601e-02 2.357029169797897339e-02
3.451558202505111694e-02 2.788833528757095337e-02
3.019516915082931519e-02 2.060659229755401611e-02
2.798642963171005249e-02 2.370327711105346680e-02
3.493306040763854980e-02 2.522419393062591553e-02
4.192345589399337769e-02 4.250482097268104553e-02
3.703922778367996216e-02 2.256259694695472717e-02
3.503317385911941528e-02 2.176236547529697418e-02
3.406156599521636963e-02 1.432794332504272461e-02
3.501187264919281006e-02 1.864370144903659821e-02
2.356661856174468994e-02 9.593883529305458069e-03
2.749371156096458435e-02 9.006572887301445007e-03
3.289093077182769775e-02 1.607354544103145599e-02
4.175615683197975159e-02 2.857060171663761139e-02
3.332565724849700928e-02 2.409077994525432587e-02
3.807727247476577759e-02 3.449228778481483459e-02
3.630406409502029419e-02 2.794153988361358643e-02
4.157910123467445374e-02 4.468443989753723145e-02
4.113938659429550171e-02 4.922930896282196045e-02
4.444845765829086304e-02 5.782661586999893188e-02
3.988447412848472595e-02 5.750449001789093018e-02
2.618174999952316284e-02 4.197095334529876709e-02
3.728470206260681152e-02 4.543179273605346680e-02
2.448690682649612427e-02 3.876814246177673340e-02
4.302202165126800537e-02 6.194850057363510132e-02
3.872798383235931396e-02 4.987616837024688721e-02
4.183607548475265503e-02 2.300275675952434540e-02
5.155256390571594238e-02 5.546033382415771484e-02
3.824270516633987427e-02 6.472691148519515991e-02
3.576634824275970459e-02 5.283428728580474854e-02
2.798895165324211121e-02 4.345986992120742798e-02
2.345598861575126648e-02 4.117564857006072998e-02
3.441359475255012512e-02 3.092236258089542389e-02
3.935351222753524780e-02 4.923224821686744690e-02
4.277859628200531006e-02 3.287208452820777893e-02
3.902660310268402100e-02 2.910302951931953430e-02
4.284426942467689514e-02 3.487145900726318359e-02
3.762656450271606445e-02 1.204555667936801910e-02
3.187838941812515259e-02 1.917986571788787842e-02
3.648582100868225098e-02 2.578342333436012268e-02
3.483353555202484131e-02 1.763427443802356720e-02
3.463886678218841553e-02 2.011061459779739380e-02
3.712818771600723267e-02 2.222120389342308044e-02
4.201106354594230652e-02 3.209400549530982971e-02
3.976987674832344055e-02 2.944662049412727356e-02
3.889863565564155579e-02 2.846047468483448029e-02
3.859124705195426941e-02 3.792113810777664185e-02
4.169686138629913330e-02 3.619015216827392578e-02
3.911896795034408569e-02 2.902480214834213257e-02
4.060542210936546326e-02 3.395093977451324463e-02
3.298985213041305542e-02 2.923123538494110107e-02
3.400044143199920654e-02 1.881501451134681702e-02
3.658779710531234741e-02 2.653214707970619202e-02
3.644285351037979126e-02 2.387767285108566284e-02
3.634960204362869263e-02 2.291859127581119537e-02
3.644251078367233276e-02 2.202325314283370972e-02
3.257618099451065063e-02 2.162406966090202332e-02
3.304538130760192871e-02 1.950696110725402832e-02
3.505582734942436218e-02 2.389826625585556030e-02
3.671552613377571106e-02 3.222346305847167969e-02
3.743371367454528809e-02 2.921598404645919800e-02
3.428617864847183228e-02 4.152740910649299622e-02
3.644144907593727112e-02 2.255285158753395081e-02
3.760546818375587463e-02 4.049706459045410156e-02
3.741859644651412964e-02 4.881305247545242310e-02
3.190560266375541687e-02 3.560432419180870056e-02
3.462031856179237366e-02 3.704363852739334106e-02
3.494667261838912964e-02 5.086479336023330688e-02
3.073590993881225586e-02 4.707841575145721436e-02
3.757585212588310242e-02 4.312796890735626221e-02
3.317143023014068604e-02 4.955118149518966675e-02
3.258248418569564819e-02 5.892292410135269165e-02
3.241866081953048706e-02 5.573303252458572388e-02
1.788881421089172363e-02 4.243969172239303589e-02
2.370590716600418091e-02 3.778934478759765625e-02
2.850231155753135681e-02 5.611516535282135010e-02
3.604664653539657593e-02 5.203294754028320312e-02
3.542625159025192261e-02 5.572358518838882446e-02
3.753053396940231323e-02 4.217165708541870117e-02
3.656769543886184692e-02 4.012427479028701782e-02
3.292601555585861206e-02 4.702100157737731934e-02
4.225869476795196533e-02 4.521229863166809082e-02
4.256779327988624573e-02 4.314501956105232239e-02
4.839883744716644287e-02 6.056866049766540527e-02
3.586024045944213867e-02 3.624374419450759888e-02
2.791740372776985168e-02 4.276294261217117310e-02
3.871225938200950623e-02 5.533226579427719116e-02
3.799254447221755981e-02 4.263789206743240356e-02
3.859592229127883911e-02 5.034374445676803589e-02
3.477417677640914917e-02 3.597790002822875977e-02
3.244921565055847168e-02 4.400026798248291016e-02
3.821309655904769897e-02 5.082109570503234863e-02
3.328213468194007874e-02 4.227241873741149902e-02
2.744450047612190247e-02 4.048229008913040161e-02
2.925915643572807312e-02 3.694588690996170044e-02
3.173032402992248535e-02 3.407334536314010620e-02
3.109894879162311554e-02 3.048328496515750885e-02
4.064531251788139343e-02 4.402813315391540527e-02
2.985098026692867279e-02 2.998577617108821869e-02
3.006161004304885864e-02 2.835390716791152954e-02
3.402480483055114746e-02 3.175441175699234009e-02
3.508893772959709167e-02 3.212779015302658081e-02
3.212020546197891235e-02 2.386970445513725281e-02
2.854160219430923462e-02 2.629702165722846985e-02
2.834071218967437744e-02 2.933981269598007202e-02
3.017819300293922424e-02 2.977989614009857178e-02
3.070080466568470001e-02 3.243675082921981812e-02
2.949639223515987396e-02 3.506559506058692932e-02
3.204173967242240906e-02 3.940636664628982544e-02
2.458154037594795227e-02 2.971936203539371490e-02
2.412348985671997070e-02 4.120516777038574219e-02
2.884887158870697021e-02 3.709591180086135864e-02
2.998832240700721741e-02 5.303091555833816528e-02
2.233906090259552002e-02 4.797844588756561279e-02
2.608560770750045776e-02 5.527181178331375122e-02
2.313558384776115417e-02 5.028345063328742981e-02
2.718628942966461182e-02 6.069159507751464844e-02
2.033440768718719482e-02 4.315173625946044922e-02
1.532453671097755432e-02 3.229025006294250488e-02
3.452548012137413025e-02 4.665892198681831360e-02
3.234402462840080261e-02 4.408977180719375610e-02
3.968016058206558228e-02 5.444382131099700928e-02
4.923701286315917969e-02 5.426596850156784058e-02
4.287366941571235657e-02 5.988889932632446289e-02
4.014947265386581421e-02 3.236850351095199585e-02
3.479465097188949585e-02 3.457469493150711060e-02
4.054778441786766052e-02 5.770745128393173218e-02
4.306461289525032043e-02 5.778979510068893433e-02
3.998988866806030273e-02 3.241766989231109619e-02
4.468758776783943176e-02 4.673195257782936096e-02
4.126343131065368652e-02 3.697700053453445435e-02
4.061057418584823608e-02 4.186931252479553223e-02
3.634423390030860901e-02 3.188376128673553467e-02
3.665424138307571411e-02 3.539033979177474976e-02
3.236410021781921387e-02 1.689731143414974213e-02
3.508177399635314941e-02 2.543064206838607788e-02
2.898717671632766724e-02 1.828889176249504089e-02
2.367125079035758972e-02 6.202902644872665405e-03
2.603351324796676636e-02 7.332513108849525452e-03
3.103164210915565491e-02 1.717378012835979462e-02
3.671594336628913879e-02 2.821455150842666626e-02
4.063047468662261963e-02 3.298222273588180542e-02
2.984160557389259338e-02 2.353286184370517731e-02
3.320593386888504028e-02 2.168684452772140503e-02
3.944196552038192749e-02 3.227460384368896484e-02
3.036034293472766876e-02 1.538947597146034241e-02
3.418338671326637268e-02 2.784119360148906708e-02
3.059766255319118500e-02 3.026554733514785767e-02
3.639286011457443237e-02 3.251399844884872437e-02
2.711360529065132141e-02 1.141668111085891724e-02
2.614365145564079285e-02 8.551526814699172974e-03
2.351989969611167908e-02 4.166354425251483917e-03
2.765062451362609863e-02 1.519340276718139648e-02
2.751023322343826294e-02 1.501172780990600586e-02
2.563936635851860046e-02 8.640658110380172729e-03
2.823581919074058533e-02 2.052578702569007874e-02
2.861218899488449097e-02 2.273390442132949829e-02
3.015910275280475616e-02 2.334440685808658600e-02
3.336349874734878540e-02 2.569936402142047882e-02
3.070756793022155762e-02 2.584189921617507935e-02
3.459461033344268799e-02 2.487259171903133392e-02
3.598653525114059448e-02 2.801872976124286652e-02
3.591372817754745483e-02 3.315452113747596741e-02
3.738255053758621216e-02 3.807644173502922058e-02
3.706466406583786011e-02 3.050041571259498596e-02
3.871111571788787842e-02 3.473641350865364075e-02
3.864467144012451172e-02 3.449899703264236450e-02
3.787208721041679382e-02 2.764420583844184875e-02
3.653640300035476685e-02 3.131512552499771118e-02
3.725799545645713806e-02 2.823923155665397644e-02
3.528927266597747803e-02 2.266846597194671631e-02
3.637548163533210754e-02 2.736037597060203552e-02
3.756943345069885254e-02 2.351722866296768188e-02
3.584886714816093445e-02 2.629447542130947113e-02
3.530996292829513550e-02 2.657640352845191956e-02
3.410885110497474670e-02 2.542425133287906647e-02
3.535307943820953369e-02 2.950493432581424713e-02
3.295664489269256592e-02 2.401826158165931702e-02
2.859339863061904907e-02 1.638961583375930786e-02
2.818480134010314941e-02 1.228427141904830933e-02
3.281550109386444092e-02 2.010204643011093140e-02
2.876418083906173706e-02 1.642146892845630646e-02
3.131181374192237854e-02 9.590422734618186951e-03
2.803558856248855591e-02 9.809883311390876770e-03
3.045414760708808899e-02 2.106045931577682495e-02
2.818602696061134338e-02 1.516949944198131561e-02
3.151942417025566101e-02 2.095816284418106079e-02
2.972856722772121429e-02 1.415969990193843842e-02
3.120584785938262939e-02 1.497642137110233307e-02
2.978578582406044006e-02 9.092494845390319824e-03
2.633627504110336304e-02 7.416082546114921570e-03
2.902727946639060974e-02 7.724028080701828003e-03
2.369432151317596436e-02 3.792466595768928528e-03
2.528245002031326294e-02 7.811388000845909119e-03
2.751596271991729736e-02 8.802033960819244385e-03
2.945531159639358521e-02 8.701222017407417297e-03
2.520838379859924316e-02 1.237780787050724030e-02
2.153927832841873169e-02 8.338673040270805359e-03
1.936782896518707275e-02 1.928577199578285217e-03
2.415049821138381958e-02 7.470067590475082397e-03
2.573696896433830261e-02 3.216275945305824280e-03
2.296690642833709717e-02 2.271326258778572083e-03
2.477154508233070374e-02 2.006614580750465393e-03
2.530020102858543396e-02 3.937613219022750854e-04
3.045337460935115814e-02 1.090663857758045197e-02
2.580238133668899536e-02 4.134191200137138367e-03
2.705972269177436829e-02 2.162294462323188782e-03
2.497820556163787842e-02 7.548896595835685730e-03
2.500257268548011780e-02 1.229102723300457001e-02
2.358715236186981201e-02 1.363639906048774719e-02
2.178156375885009766e-02 1.013576425611972809e-02
2.442168444395065308e-02 1.647141203284263611e-02
2.349534630775451660e-02 1.074171625077724457e-02
2.530810236930847168e-02 1.415103487670421600e-02
2.585908398032188416e-02 1.503434963524341583e-02
2.658906206488609314e-02 1.619577966630458832e-02
2.657219022512435913e-02 1.951129175722599030e-02
2.481897175312042236e-02 1.555079594254493713e-02
2.468395233154296875e-02 1.214095205068588257e-02
2.618979290127754211e-02 1.944231055676937103e-02
2.958851680159568787e-02 2.902056463062763214e-02
2.851770073175430298e-02 3.381771594285964966e-02
3.230753168463706970e-02 3.838735073804855347e-02
3.498063236474990845e-02 4.216512665152549744e-02
3.350146487355232239e-02 3.934321925044059753e-02
3.421285748481750488e-02 4.006658494472503662e-02
3.399947285652160645e-02 4.592482745647430420e-02
3.323061019182205200e-02 4.862335324287414551e-02
3.776433318853378296e-02 5.685155838727951050e-02
3.511806949973106384e-02 5.585018545389175415e-02
3.530047833919525146e-02 5.441955476999282837e-02
3.149579092860221863e-02 4.972816258668899536e-02
3.121726587414741516e-02 3.777971863746643066e-02
3.054267354309558868e-02 4.349466413259506226e-02
2.730920910835266113e-02 4.004543274641036987e-02
2.885503694415092468e-02 5.032481253147125244e-02
2.970063686370849609e-02 4.121752083301544189e-02
2.954171225428581238e-02 4.289170354604721069e-02
2.907020226120948792e-02 4.888662695884704590e-02
2.688061445951461792e-02 5.029831081628799438e-02
2.816386520862579346e-02 5.022661387920379639e-02
2.843055129051208496e-02 5.161599814891815186e-02
3.292438760399818420e-02 5.200941115617752075e-02
3.119877353310585022e-02 4.925950616598129272e-02
3.219433128833770752e-02 4.494970291852951050e-02
3.090329840779304504e-02 4.661533236503601074e-02
2.906719222664833069e-02 4.807255417108535767e-02
3.227283060550689697e-02 5.306694656610488892e-02
3.671571612358093262e-02 5.639189481735229492e-02
3.877474367618560791e-02 4.812437295913696289e-02
3.275661170482635498e-02 5.235252529382705688e-02
3.507217019796371460e-02 4.385763034224510193e-02
2.048759907484054565e-02 2.157427929341793060e-02
2.798108384013175964e-02 1.843668892979621887e-02
3.221440315246582031e-02 2.925837971270084381e-02
2.969113737344741821e-02 3.544321283698081970e-02
2.047555521130561829e-02 3.407111018896102905e-02
1.825619116425514221e-02 2.377374470233917236e-02
1.850795745849609375e-02 2.728862315416336060e-02
2.615906298160552979e-02 4.085253924131393433e-02
2.756058797240257263e-02 5.039165169000625610e-02
1.851285248994827271e-02 4.522437974810600281e-02
1.707815378904342651e-02 4.249780625104904175e-02
1.592585071921348572e-02 4.533094540238380432e-02
2.102888748049736023e-02 5.662605911493301392e-02
