4.109002649784088135e-03 -4.277471303939819336e-01
-2.312906086444854736e-03 -4.264375567436218262e-01
-1.238248497247695923e-02 -4.213770627975463867e-01
-2.997800707817077637e-03 -4.296066462993621826e-01
-2.295912802219390869e-02 -4.169756174087524414e-01
-3.167353570461273193e-03 -4.206694662570953369e-01
-3.696158528327941895e-03 -4.242706894874572754e-01
-3.300235420465469360e-02 -4.088330268859863281e-01
2.563729882240295410e-03 -4.212870001792907715e-01
-1.727912575006484985e-02 -4.143365025520324707e-01
-9.583584964275360107e-03 -4.205180704593658447e-01
2.633625268936157227e-02 -4.362579286098480225e-01
-1.913069188594818115e-02 -4.151135087013244629e-01
1.136818528175354004e-02 -4.243886470794677734e-01
-2.704747021198272705e-03 -4.172289967536926270e-01
-2.530077099800109863e-02 -4.071288108825683594e-01
1.866102218627929688e-02 -4.204511046409606934e-01
-1.547075062990188599e-02 -4.027510881423950195e-01
-7.885880768299102783e-03 -4.114929437637329102e-01
3.333252668380737305e-02 -4.375046491622924805e-01
1.277998089790344238e-02 -4.279140830039978027e-01
1.577331125736236572e-02 -4.248674809932708740e-01
-1.182229816913604736e-02 -4.163233637809753418e-01
9.045496582984924316e-03 -4.284079372882843018e-01
4.551921784877777100e-02 -4.434770345687866211e-01
2.039143443107604980e-02 -4.191673994064331055e-01
-5.237251520156860352e-03 -4.128051996231079102e-01
2.680572867393493652e-02 -4.386284947395324707e-01
-1.742511987686157227e-03 -4.110030531883239746e-01
-4.830807447433471680e-04 -4.179793596267700195e-01
-1.558712869882583618e-02 -3.942540287971496582e-01
-4.024908691644668579e-02 -3.880270719528198242e-01
-2.701944857835769653e-02 -4.027513563632965088e-01
-4.448591917753219604e-02 -3.985014855861663818e-01
-4.323783516883850098e-02 -3.990825712680816650e-01
-2.080594003200531006e-02 -4.078460335731506348e-01
-2.829837054014205933e-02 -4.094821512699127197e-01
-7.925875484943389893e-03 -4.167487025260925293e-01
5.700103938579559326e-03 -4.351446032524108887e-01
-8.228264749050140381e-03 -4.162635803222656250e-01
5.964927375316619873e-03 -4.287776947021484375e-01
-2.386298775672912598e-02 -4.099351167678833008e-01
-1.044273376464843750e-02 -4.057034552097320557e-01
-1.722157746553421021e-02 -4.064705669879913330e-01
-3.601252287626266479e-02 -3.917148709297180176e-01
-4.903003573417663574e-03 -4.214861989021301270e-01
-2.116829156875610352e-02 -4.151297211647033691e-01
-9.699374437332153320e-03 -4.248888492584228516e-01
1.415163278579711914e-02 -4.333535432815551758e-01
1.348654925823211670e-02 -4.279715418815612793e-01
2.045975625514984131e-02 -4.324933886528015137e-01
5.030788481235504150e-03 -4.237233102321624756e-01
2.515378594398498535e-02 -4.360750019550323486e-01
1.446555554866790771e-02 -4.246925413608551025e-01
-9.959056973457336426e-03 -4.120083749294281006e-01
1.080833375453948975e-02 -4.216241836547851562e-01
-1.721566915512084961e-02 -4.093452692031860352e-01
-5.748584866523742676e-03 -4.134812951087951660e-01
-2.192177623510360718e-02 -4.023696780204772949e-01
-2.384669333696365356e-02 -4.088939428329467773e-01
3.031827509403228760e-03 -4.271844625473022461e-01
-1.039201766252517700e-02 -4.034846425056457520e-01
1.363217830657958984e-02 -3.990389406681060791e-01
4.815155267715454102e-02 -3.936492204666137695e-01
-1.687444001436233521e-02 -3.577020764350891113e-01
9.400683641433715820e-02 -4.361213445663452148e-01
9.041541814804077148e-02 -4.752437770366668701e-01
1.790044605731964111e-01 -5.542249679565429688e-01
2.076772153377532959e-01 -5.322821140289306641e-01
-5.155653506517410278e-02 -3.473964333534240723e-01
-2.245490252971649170e-02 -4.109190106391906738e-01
1.543246209621429443e-03 -4.180781841278076172e-01
1.231129467487335205e-02 -4.220623970031738281e-01
-2.298176288604736328e-02 -4.128042459487915039e-01
7.203578948974609375e-03 -4.163579940795898438e-01
8.542120456695556641e-03 -4.152029156684875488e-01
-1.104924827814102173e-02 -4.146157801151275635e-01
-2.046193927526473999e-02 -3.761134147644042969e-01
-2.711484581232070923e-02 -4.055013060569763184e-01
3.347410261631011963e-02 -4.190599322319030762e-01
-3.129795193672180176e-03 -4.005537629127502441e-01
-1.615146994590759277e-01 -2.671236693859100342e-01
-5.068776011466979980e-02 -3.152785301208496094e-01
2.039884030818939209e-02 -3.807847201824188232e-01
1.382207870483398438e-02 -4.175610244274139404e-01
2.846434712409973145e-03 -4.364657402038574219e-01
-1.621866226196289062e-02 -4.361003637313842773e-01
-2.487123012542724609e-02 -4.379302263259887695e-01
-3.756572306156158447e-02 -4.326916337013244629e-01
-8.906323462724685669e-02 -3.946054279804229736e-01
-7.978851348161697388e-02 -4.073585867881774902e-01
-6.525418907403945923e-02 -4.166151881217956543e-01
-6.434738636016845703e-02 -4.211176633834838867e-01
-5.197753012180328369e-02 -4.283453822135925293e-01
-5.542828142642974854e-02 -4.241535663604736328e-01
-6.837901473045349121e-02 -4.213006496429443359e-01
-6.389684975147247314e-02 -4.245119392871856689e-01
-7.804984599351882935e-02 -4.177505373954772949e-01
-5.792563408613204956e-02 -4.277972579002380371e-01
-6.304899603128433228e-02 -4.253795146942138672e-01
-6.737729907035827637e-02 -4.178962707519531250e-01
-1.113953590393066406e-01 -3.875946402549743652e-01
-8.391896635293960571e-02 -4.090453982353210449e-01
-9.737233817577362061e-02 -3.960889577865600586e-01
-8.560127019882202148e-02 -4.040314555168151855e-01
-5.526566505432128906e-02 -4.241569042205810547e-01
-5.386549234390258789e-02 -4.226114153861999512e-01
-7.562082260847091675e-02 -4.111148118972778320e-01
-5.514769256114959717e-02 -4.162122905254364014e-01
-3.181709349155426025e-02 -4.354941248893737793e-01
-8.031725883483886719e-02 -4.050141572952270508e-01
-6.045890972018241882e-02 -4.079188704490661621e-01
-6.706815958023071289e-02 -4.064922928810119629e-01
-8.945314586162567139e-02 -3.900467157363891602e-01
-7.095674425363540649e-02 -4.021724462509155273e-01
-6.849297881126403809e-02 -4.076186418533325195e-01
-7.792519032955169678e-02 -4.036469459533691406e-01
-5.753457546234130859e-02 -4.137638807296752930e-01
-7.087732851505279541e-02 -4.014967978000640869e-01
-2.805235236883163452e-02 -4.167001247406005859e-01
-4.015141725540161133e-02 -4.118552207946777344e-01
-4.099655896425247192e-02 -4.154751300811767578e-01
-3.998353332281112671e-02 -4.217833578586578369e-01
-3.314991295337677002e-02 -4.325102567672729492e-01
-3.722161799669265747e-02 -4.281683266162872314e-01
-4.295878857374191284e-02 -4.212003350257873535e-01
-5.850946158170700073e-02 -4.133565425872802734e-01
-3.398321568965911865e-02 -4.245501160621643066e-01
-5.176758021116256714e-02 -4.153765738010406494e-01
-4.359193146228790283e-02 -4.141432344913482666e-01
-3.986264765262603760e-02 -4.141755104064941406e-01
-3.919622302055358887e-02 -4.167114496231079102e-01
-1.061567664146423340e-02 -4.321377873420715332e-01
-9.941577911376953125e-03 -4.333273470401763916e-01
-1.530513167381286621e-02 -4.259682893753051758e-01
-4.024883359670639038e-02 -4.151002168655395508e-01
-3.583051264286041260e-02 -4.151882529258728027e-01
-4.168445616960525513e-02 -4.058845639228820801e-01
-4.923400282859802246e-02 -3.968455493450164795e-01
-8.495238423347473145e-02 -3.710023164749145508e-01
-2.888800203800201416e-02 -4.100235104560852051e-01
-4.168365150690078735e-02 -4.027315080165863037e-01
-3.709448873996734619e-02 -4.138338565826416016e-01
-4.687567055225372314e-02 -4.131538867950439453e-01
-2.983945608139038086e-02 -4.190229773521423340e-01
-2.317249029874801636e-02 -4.088094234466552734e-01
-3.453019261360168457e-02 -4.052246809005737305e-01
-1.033028960227966309e-02 -4.189855456352233887e-01
-2.034482359886169434e-02 -4.121719002723693848e-01
-1.032780855894088745e-02 -4.198446571826934814e-01
-3.966890275478363037e-02 -3.994660973548889160e-01
-4.078607261180877686e-02 -3.951677978038787842e-01
-3.785201907157897949e-02 -4.004207551479339600e-01
-4.687597602605819702e-02 -3.974498808383941650e-01
-5.583591759204864502e-02 -3.929690718650817871e-01
-4.034075886011123657e-02 -4.028258919715881348e-01
-2.351666986942291260e-02 -4.200688898563385010e-01
-4.493732750415802002e-02 -4.034463763236999512e-01
-2.800349146127700806e-02 -4.004026353359222412e-01
-1.861049234867095947e-02 -4.050371348857879639e-01
1.576973497867584229e-02 -3.945841491222381592e-01
-3.949730098247528076e-02 -3.241396844387054443e-01
-4.934992641210556030e-02 -3.567730486392974854e-01
-1.418176293373107910e-01 -2.902108430862426758e-01
-5.615774542093276978e-02 -3.622100353240966797e-01
-1.493585854768753052e-02 -3.952042162418365479e-01
-8.358723670244216919e-02 -3.698248565196990967e-01
1.913110911846160889e-02 -4.050387144088745117e-01
3.215216100215911865e-03 -4.263557493686676025e-01
-5.253121256828308105e-03 -4.219765663146972656e-01
-4.339697957038879395e-02 -3.952940702438354492e-01
-5.070896446704864502e-02 -3.869849741458892822e-01
-4.646549373865127563e-02 -3.867655992507934570e-01
-5.446895956993103027e-02 -3.783801794052124023e-01
-1.016986668109893799e-01 -3.286608159542083740e-01
-1.586418449878692627e-01 -2.628060877323150635e-01
8.103559911251068115e-02 -4.134734272956848145e-01
1.489861309528350830e-02 -4.046100378036499023e-01
3.709635138511657715e-02 -4.164279103279113770e-01
5.219176411628723145e-02 -4.045153856277465820e-01
5.313983559608459473e-02 -3.819382488727569580e-01
7.206138968467712402e-02 -4.300642609596252441e-01
5.794170498847961426e-02 -4.434545636177062988e-01
2.629283070564270020e-02 -4.367145895957946777e-01
5.315493047237396240e-02 -4.563237428665161133e-01
7.565203309059143066e-02 -4.722403585910797119e-01
7.804885506629943848e-02 -4.790147542953491211e-01
6.830394268035888672e-02 -4.678552746772766113e-01
7.186199724674224854e-02 -4.764715135097503662e-01
4.348874092102050781e-02 -4.574380815029144287e-01
6.663115322589874268e-02 -4.597720503807067871e-01
4.388597607612609863e-02 -4.557911157608032227e-01
5.671805143356323242e-02 -4.532904624938964844e-01
4.661342501640319824e-02 -4.484193325042724609e-01
1.598870754241943359e-02 -4.372058510780334473e-01
5.124962329864501953e-02 -4.543491601943969727e-01
3.873786330223083496e-02 -4.529104828834533691e-01
3.206138312816619873e-02 -4.475582540035247803e-01
3.328265249729156494e-02 -4.448890984058380127e-01
2.504952251911163330e-02 -4.408192634582519531e-01
3.132520616054534912e-02 -4.389687776565551758e-01
2.185164391994476318e-02 -4.364938139915466309e-01
2.886377274990081787e-02 -4.405953884124755859e-01
2.369363605976104736e-02 -4.425817131996154785e-01
1.348558068275451660e-02 -4.275195896625518799e-01
1.937939226627349854e-02 -4.272690415382385254e-01
-3.525413572788238525e-03 -4.125536978244781494e-01
-8.444935083389282227e-04 -4.023280739784240723e-01
-1.223011314868927002e-02 -3.911102116107940674e-01
-1.622603833675384521e-02 -3.940832018852233887e-01
1.684892177581787109e-02 -4.131335020065307617e-01
1.573917269706726074e-02 -4.113967418670654297e-01
4.485958814620971680e-02 -4.321006536483764648e-01
4.240356385707855225e-02 -4.245723485946655273e-01
2.071590721607208252e-02 -4.081186652183532715e-01
3.879283368587493896e-02 -4.265469312667846680e-01
4.482048749923706055e-02 -4.453724026679992676e-01
7.771348953247070312e-02 -4.682280421257019043e-01
6.331026554107666016e-02 -4.462643861770629883e-01
7.413387298583984375e-02 -4.551395475864410400e-01
8.940306305885314941e-02 -4.666737318038940430e-01
9.256207942962646484e-02 -4.727675914764404297e-01
7.316753268241882324e-02 -4.535472393035888672e-01
8.635134994983673096e-02 -4.611018896102905273e-01
7.325309514999389648e-02 -4.538304209709167480e-01
5.309654772281646729e-02 -4.461033940315246582e-01
5.591058731079101562e-02 -4.454277455806732178e-01
4.384158551692962646e-02 -4.462716281414031982e-01
2.906455099582672119e-02 -4.310508966445922852e-01
5.089002847671508789e-02 -4.475454986095428467e-01
5.376967787742614746e-02 -4.465799927711486816e-01
8.762632310390472412e-02 -4.657492637634277344e-01
3.747676312923431396e-02 -4.263526797294616699e-01
5.049481987953186035e-02 -4.254997372627258301e-01
4.558700323104858398e-02 -4.310775399208068848e-01
4.435798525810241699e-02 -4.327288269996643066e-01
2.434743940830230713e-02 -4.154738187789916992e-01
-1.459801197052001953e-02 -3.984171748161315918e-01
2.432355284690856934e-02 -4.215289354324340820e-01
5.714763700962066650e-02 -4.324861764907836914e-01
5.768905580043792725e-02 -4.380618929862976074e-01
3.549887239933013916e-02 -4.253948926925659180e-01
5.428242683410644531e-02 -4.351931810379028320e-01
7.483986020088195801e-02 -4.629012942314147949e-01
5.254781246185302734e-02 -4.383227825164794922e-01
9.459444880485534668e-02 -4.646710157394409180e-01
9.652271866798400879e-02 -4.699401855468750000e-01
7.748915255069732666e-02 -4.539307057857513428e-01
3.003562986850738525e-02 -4.220142364501953125e-01
2.014446258544921875e-02 -4.176521599292755127e-01
8.077353239059448242e-03 -4.147153198719024658e-01
-6.358683109283447266e-03 -4.056634306907653809e-01
-1.677711308002471924e-02 -4.123029112815856934e-01
-4.863724112510681152e-03 -4.252408444881439209e-01
-1.040006428956985474e-02 -4.226239919662475586e-01
-2.259303629398345947e-02 -4.230762422084808350e-01
-4.248879104852676392e-02 -4.140450060367584229e-01
-4.965204745531082153e-02 -4.097379446029663086e-01
-5.059741437435150146e-02 -4.149999022483825684e-01
-5.483101308345794678e-02 -4.154757857322692871e-01
-5.521810799837112427e-02 -4.180990159511566162e-01
-3.914394229650497437e-02 -4.289029538631439209e-01
-5.264548957347869873e-02 -4.194724559783935547e-01
-4.839287698268890381e-02 -4.214906692504882812e-01
-4.399903863668441772e-02 -4.188665151596069336e-01
-6.079842522740364075e-02 -4.113566577434539795e-01
-4.971392452716827393e-02 -4.091784060001373291e-01
-6.218931823968887329e-02 -4.053971469402313232e-01
-5.098841339349746704e-02 -4.127995073795318604e-01
-3.381342440843582153e-02 -4.302186965942382812e-01
-4.676404595375061035e-02 -4.190149307250976562e-01
-3.926436603069305420e-02 -4.269580245018005371e-01
-4.011577367782592773e-02 -4.249901771545410156e-01
-4.429800808429718018e-02 -4.243937134742736816e-01
-4.658289253711700439e-02 -4.196355640888214111e-01
-6.227874010801315308e-02 -4.042946100234985352e-01
-5.690694972872734070e-02 -4.104880392551422119e-01
-5.769664049148559570e-02 -4.152422547340393066e-01
-2.044231444597244263e-02 -4.329895973205566406e-01
-5.261924117803573608e-02 -4.134169220924377441e-01
-5.587593466043472290e-02 -4.092892110347747803e-01
-2.203480899333953857e-02 -4.315176010131835938e-01
-3.140673786401748657e-02 -4.216212630271911621e-01
-7.730644941329956055e-02 -3.970509767532348633e-01
-4.594822973012924194e-02 -4.092332124710083008e-01
-3.591702878475189209e-02 -4.180452227592468262e-01
-2.105505764484405518e-02 -4.308390617370605469e-01
-4.430975019931793213e-02 -4.201218187808990479e-01
-5.438046902418136597e-02 -4.159156084060668945e-01
-2.960485219955444336e-02 -4.337483942508697510e-01
-5.716493725776672363e-02 -4.217016100883483887e-01
-5.812868475914001465e-02 -4.166620373725891113e-01
-5.002035200595855713e-02 -4.173555374145507812e-01
-3.040630370378494263e-02 -4.214348793029785156e-01
-5.386598408222198486e-03 -4.168801307678222656e-01
-8.474178612232208252e-03 -3.750594556331634521e-01
-9.202989190816879272e-02 -3.169229924678802490e-01
-1.818711310625076294e-02 -3.424108028411865234e-01
-6.876604259014129639e-02 -3.791313171386718750e-01
-5.794935300946235657e-02 -3.796147704124450684e-01
3.758312761783599854e-02 -4.000167250633239746e-01
-1.845471858978271484e-01 -2.553435266017913818e-01
-9.313938021659851074e-02 -3.576573431491851807e-01
-7.660787552595138550e-02 -3.736850917339324951e-01
-4.962804913520812988e-02 -3.931939601898193359e-01
-5.244234204292297363e-02 -3.920511007308959961e-01
-6.841892004013061523e-02 -3.826759159564971924e-01
-8.565735816955566406e-02 -3.682030737400054932e-01
-9.426192939281463623e-02 -3.719622194766998291e-01
-4.890204221010208130e-02 -3.400051891803741455e-01
6.255675852298736572e-02 -4.955811202526092529e-01
-3.876752406358718872e-02 -3.830955028533935547e-01
-5.823962762951850891e-02 -3.720191121101379395e-01
5.884110927581787109e-03 -4.223859310150146484e-01
-6.582435965538024902e-02 -3.249343335628509521e-01
-1.031415909528732300e-02 -3.806580305099487305e-01
-3.760699182748794556e-02 -3.977091908454895020e-01
-4.985482245683670044e-02 -4.016378521919250488e-01
-5.845030397176742554e-02 -4.034620523452758789e-01
-4.403161257505416870e-02 -4.132806360721588135e-01
-5.079646408557891846e-02 -4.141812324523925781e-01
-5.917390063405036926e-02 -4.043376743793487549e-01
-5.602478235960006714e-02 -4.067395329475402832e-01
-6.416373699903488159e-02 -4.013435840606689453e-01
-4.246796667575836182e-02 -4.189133942127227783e-01
-2.770933508872985840e-02 -4.287070631980895996e-01
-1.638943701982498169e-02 -4.345098137855529785e-01
-1.973234862089157104e-02 -4.315260648727416992e-01
-9.770512580871582031e-03 -4.365138411521911621e-01
5.933009088039398193e-03 -4.448952674865722656e-01
-1.681860536336898804e-02 -4.296656847000122070e-01
-2.439293265342712402e-02 -4.260613322257995605e-01
-3.944899886846542358e-02 -4.155937731266021729e-01
-3.580631315708160400e-02 -4.177163541316986084e-01
-3.513239324092864990e-02 -4.165823161602020264e-01
-4.615340381860733032e-02 -4.049998521804809570e-01
-2.019288390874862671e-02 -4.182934165000915527e-01
-2.867774665355682373e-02 -4.155325591564178467e-01
-2.637074887752532959e-02 -4.196870923042297363e-01
-4.170672595500946045e-02 -4.068690240383148193e-01
-5.260875821113586426e-02 -4.007843732833862305e-01
-5.411595851182937622e-02 -3.956441283226013184e-01
-4.100711643695831299e-02 -4.024445414543151855e-01
-2.946820855140686035e-02 -4.109408557415008545e-01
-5.100584775209426880e-02 -3.945331573486328125e-01
-4.187656939029693604e-02 -4.030475914478302002e-01
-3.442309051752090454e-02 -4.079439640045166016e-01
-1.917842030525207520e-02 -4.159092605113983154e-01
-2.934392541646957397e-02 -3.999453485012054443e-01
-2.337117493152618408e-02 -4.016106426715850830e-01
-2.889070659875869751e-02 -3.936558365821838379e-01
-5.290611088275909424e-02 -3.725763857364654541e-01
-5.706714838743209839e-02 -3.724748790264129639e-01
-6.212929636240005493e-02 -3.736476898193359375e-01
-5.787036195397377014e-02 -3.823828697204589844e-01
-8.071409910917282104e-02 -3.636648356914520264e-01
-9.727969765663146973e-02 -3.501054346561431885e-01
-1.382538676261901855e-01 -3.232414722442626953e-01
-9.452590346336364746e-02 -3.480572998523712158e-01
-1.116570532321929932e-01 -3.413949906826019287e-01
-5.578670650720596313e-02 -3.577999472618103027e-01
-2.444401383399963379e-02 -3.891689181327819824e-01
-5.341623723506927490e-02 -3.769287467002868652e-01
-5.893850699067115784e-02 -3.693499863147735596e-01
-5.704119801521301270e-03 -3.922696113586425781e-01
-3.697355091571807861e-02 -3.866710960865020752e-01
-6.105061993002891541e-02 -3.780435621738433838e-01
-4.877639561891555786e-02 -3.866151571273803711e-01
-5.668254196643829346e-02 -3.796764016151428223e-01
-5.681735277175903320e-02 -3.787352442741394043e-01
-4.622971266508102417e-02 -3.827064037322998047e-01
-5.239830166101455688e-02 -3.763996958732604980e-01
-6.115689128637313843e-02 -3.704010844230651855e-01
-6.009314954280853271e-02 -3.771247863769531250e-01
-6.216745078563690186e-02 -3.768196403980255127e-01
-4.161114245653152466e-02 -3.864412009716033936e-01
-6.253568828105926514e-02 -3.713306188583374023e-01
-6.411211937665939331e-02 -3.702987432479858398e-01
-8.706627041101455688e-02 -3.575317561626434326e-01
-7.755547016859054565e-02 -3.675105273723602295e-01
-6.324279308319091797e-02 -3.639985024929046631e-01
-3.572133183479309082e-02 -3.808943033218383789e-01
-7.253541052341461182e-02 -3.784580826759338379e-01
-8.790275454521179199e-02 -3.659504950046539307e-01
-8.792726695537567139e-02 -3.754237294197082520e-01
-8.356764912605285645e-02 -3.781820535659790039e-01
-7.355336099863052368e-02 -3.895035982131958008e-01
-5.868878960609436035e-02 -4.015267491340637207e-01
-4.601841419935226440e-02 -4.102044701576232910e-01
-3.178959339857101440e-02 -4.124290347099304199e-01
-2.381426841020584106e-02 -4.175266623497009277e-01
-4.703216254711151123e-02 -4.040184617042541504e-01
-1.138237863779067993e-02 -4.209644496440887451e-01
-1.011307537555694580e-02 -4.141730368137359619e-01
-3.584180027246475220e-02 -4.044769406318664551e-01
-4.197469353675842285e-02 -4.005364477634429932e-01
-3.819339722394943237e-02 -4.020710885524749756e-01
-4.951115697622299194e-02 -3.886495232582092285e-01
-7.539682090282440186e-02 -3.787816762924194336e-01
-8.085101097822189331e-02 -3.734659552574157715e-01
-8.932106941938400269e-02 -3.801603317260742188e-01
-8.969275653362274170e-02 -3.821004033088684082e-01
-8.594846725463867188e-02 -3.863862156867980957e-01
-9.592179954051971436e-02 -3.842573761940002441e-01
-7.507526129484176636e-02 -3.865942358970642090e-01
-6.638893485069274902e-02 -3.903455436229705811e-01
-7.484661787748336792e-02 -3.829673826694488525e-01
-6.051457673311233521e-02 -3.949088454246520996e-01
-5.028644949197769165e-02 -3.971950113773345947e-01
-3.782372176647186279e-02 -4.049918055534362793e-01
-5.873174220323562622e-02 -3.925628066062927246e-01
-5.623652413487434387e-02 -3.926896452903747559e-01
-2.612541615962982178e-02 -4.051283597946166992e-01
-3.072880953550338745e-02 -4.029010832309722900e-01
-5.051413178443908691e-02 -3.974514603614807129e-01
-4.898868501186370850e-02 -4.000779986381530762e-01
-4.952242970466613770e-02 -3.988766968250274658e-01
-4.942715167999267578e-02 -3.926614522933959961e-01
-4.966640472412109375e-02 -3.911397159099578857e-01
-4.825285077095031738e-02 -3.940744400024414062e-01
-5.057825893163681030e-02 -3.903072476387023926e-01
-2.504078298807144165e-02 -4.018421471118927002e-01
-2.523522078990936279e-02 -3.967561721801757812e-01
-2.847756445407867432e-02 -3.876971304416656494e-01
-2.183903753757476807e-02 -3.957672119140625000e-01
-3.346280008554458618e-02 -3.861406445503234863e-01
-4.032439738512039185e-02 -3.850925862789154053e-01
-3.528682142496109009e-02 -3.840412795543670654e-01
-1.285358518362045288e-02 -4.098900556564331055e-01
-1.668991893529891968e-02 -4.093396067619323730e-01
1.171557605266571045e-02 -4.259089827537536621e-01
-9.343758225440979004e-03 -4.116494953632354736e-01
-8.361123502254486084e-03 -4.086036086082458496e-01
1.154819130897521973e-02 -4.222897291183471680e-01
2.281472086906433105e-03 -4.111392498016357422e-01
2.745769917964935303e-03 -4.086963832378387451e-01
-5.774840712547302246e-03 -4.062184989452362061e-01
-9.296946227550506592e-03 -4.072319567203521729e-01
7.115557789802551270e-03 -4.197267293930053711e-01
1.867736876010894775e-02 -4.221392273902893066e-01
2.168568968772888184e-02 -4.268468916416168213e-01
3.245949745178222656e-02 -4.247819781303405762e-01
2.906849980354309082e-02 -4.224347472190856934e-01
3.843346238136291504e-02 -4.336367249488830566e-01
1.955865323543548584e-02 -4.152330160140991211e-01
4.334697127342224121e-02 -4.239180684089660645e-01
3.634567558765411377e-02 -4.264512062072753906e-01
2.920928597450256348e-02 -4.202110171318054199e-01
4.741817712783813477e-02 -4.495475888252258301e-01
2.760209143161773682e-02 -4.283154904842376709e-01
4.558593034744262695e-02 -4.464918673038482666e-01
5.787342786788940430e-02 -4.442790448665618896e-01
2.063019573688507080e-02 -4.138049483299255371e-01
2.306978404521942139e-02 -4.184660315513610840e-01
3.742071986198425293e-02 -4.294681847095489502e-01
2.490951120853424072e-02 -4.205630719661712646e-01
2.233196794986724854e-02 -4.211394190788269043e-01
3.323033452033996582e-02 -4.230232834815979004e-01
2.175483107566833496e-02 -4.169501066207885742e-01
1.748853921890258789e-02 -4.188771843910217285e-01
2.502444386482238770e-02 -4.216464161872863770e-01
2.742096781730651855e-02 -4.241520166397094727e-01
1.802627742290496826e-02 -4.179649353027343750e-01
2.040857076644897461e-02 -4.214074611663818359e-01
1.720780134201049805e-02 -4.173642098903656006e-01
1.037561893463134766e-02 -4.187986254692077637e-01
6.538420915603637695e-03 -4.153967797756195068e-01
-8.121244609355926514e-03 -4.066472351551055908e-01
-6.212294101715087891e-03 -4.052922427654266357e-01
-2.066393196582794189e-02 -3.962970972061157227e-01
-1.521410048007965088e-02 -3.994362354278564453e-01
-1.565954834222793579e-02 -4.028141498565673828e-01
-2.497588843107223511e-02 -3.971278965473175049e-01
-2.438312768936157227e-02 -3.948494493961334229e-01
-3.476952016353607178e-02 -3.861691951751708984e-01
-3.495676815509796143e-02 -3.859796524047851562e-01
-3.571891784667968750e-02 -3.811256289482116699e-01
-2.084338665008544922e-02 -3.895876109600067139e-01
-1.440805196762084961e-02 -3.927585482597351074e-01
-4.872923344373703003e-02 -3.760665655136108398e-01
-2.702184021472930908e-02 -3.832154273986816406e-01
-2.689792960882186890e-02 -3.834774792194366455e-01
-2.851064503192901611e-02 -3.923058509826660156e-01
-3.765938431024551392e-02 -3.746325373649597168e-01
-4.815109074115753174e-02 -3.730173707008361816e-01
-2.255427092313766479e-02 -3.907801508903503418e-01
-3.057594597339630127e-02 -3.869936466217041016e-01
-4.112919420003890991e-02 -3.899074792861938477e-01
-4.736324399709701538e-02 -3.760423064231872559e-01
-1.763519644737243652e-02 -3.828677535057067871e-01
-4.506678134202957153e-02 -3.597427010536193848e-01
-6.686578691005706787e-02 -3.463016748428344727e-01
-5.624180287122726440e-02 -3.563377261161804199e-01
-3.694613277912139893e-02 -3.669384419918060303e-01
-5.204114317893981934e-02 -3.619875013828277588e-01
-5.846073105931282043e-02 -3.578588068485260010e-01
-3.821773827075958252e-02 -3.648228645324707031e-01
-5.564548075199127197e-03 -3.667730987071990967e-01
3.922753036022186279e-03 -3.407158255577087402e-01
-7.340469956398010254e-02 -2.773716449737548828e-01
5.069679021835327148e-02 -3.687761127948760986e-01
2.548477053642272949e-02 -3.819633126258850098e-01
6.445184350013732910e-03 -3.803043961524963379e-01
6.031402945518493652e-02 -3.697242736816406250e-01
-1.277836412191390991e-01 -2.597768902778625488e-01
-3.604143857955932617e-02 -3.459341824054718018e-01
-9.121268987655639648e-03 -3.737826049327850342e-01
5.448676645755767822e-03 -3.863894939422607422e-01
4.944920539855957031e-03 -3.856445550918579102e-01
1.067861914634704590e-02 -3.924058675765991211e-01
1.054601371288299561e-02 -3.963472545146942139e-01
2.617868781089782715e-02 -4.054283499717712402e-01
2.468535304069519043e-02 -3.898773789405822754e-01
-1.244449764490127563e-01 -2.806665897369384766e-01
4.220378398895263672e-02 -3.997857272624969482e-01
4.389844834804534912e-02 -4.079193174839019775e-01
-1.756192445755004883e-01 -2.045539617538452148e-01
-1.167189329862594604e-02 -3.461442589759826660e-01
6.150941550731658936e-02 -3.822633028030395508e-01
7.257375121116638184e-02 -4.297256469726562500e-01
3.982850909233093262e-02 -4.262983798980712891e-01
3.088888525962829590e-02 -4.337062835693359375e-01
3.612382709980010986e-02 -4.391565322875976562e-01
4.030545055866241455e-02 -4.405437707901000977e-01
2.485953271389007568e-02 -4.324707388877868652e-01
1.956465840339660645e-02 -4.323885142803192139e-01
1.754379272460937500e-02 -4.299629926681518555e-01
2.468064427375793457e-02 -4.356040358543395996e-01
3.691843152046203613e-02 -4.418451189994812012e-01
3.326644003391265869e-02 -4.418602585792541504e-01
5.059459805488586426e-02 -4.556797742843627930e-01
4.335270822048187256e-02 -4.493113160133361816e-01
4.149824380874633789e-02 -4.479990899562835693e-01
4.360808432102203369e-02 -4.486378431320190430e-01
5.613461136817932129e-03 -4.268816113471984863e-01
1.913413405418395996e-02 -4.291357398033142090e-01
7.863506674766540527e-03 -4.287384748458862305e-01
1.911048591136932373e-02 -4.332661926746368408e-01
1.108214259147644043e-03 -4.235267341136932373e-01
8.584111928939819336e-03 -4.332695603370666504e-01
9.069278836250305176e-03 -4.365468025207519531e-01
-1.154956221580505371e-02 -4.263787269592285156e-01
-8.830465376377105713e-03 -4.265271127223968506e-01
-9.925737977027893066e-04 -4.341312646865844727e-01
-5.265012383460998535e-03 -4.277179241180419922e-01
-1.625372469425201416e-02 -4.253154993057250977e-01
-2.488365769386291504e-02 -4.217137694358825684e-01
-1.594648510217666626e-02 -4.260469675064086914e-01
-2.153316140174865723e-02 -4.275179505348205566e-01
-2.351867407560348511e-02 -4.226816296577453613e-01
-2.770350128412246704e-02 -4.213435947895050049e-01
-3.342825919389724731e-02 -4.189828932285308838e-01
-3.676081448793411255e-02 -4.182513952255249023e-01
-3.792573511600494385e-02 -4.155354797840118408e-01
-4.419822245836257935e-02 -4.156227409839630127e-01
-4.082980751991271973e-02 -4.189590215682983398e-01
-4.269781708717346191e-02 -4.164593219757080078e-01
-4.830075055360794067e-02 -4.123809933662414551e-01
-4.749808460474014282e-02 -4.121923446655273438e-01
-5.401782691478729248e-02 -4.082313776016235352e-01
-5.802797153592109680e-02 -4.060694277286529541e-01
-5.000682920217514038e-02 -4.109568893909454346e-01
-5.648681893944740295e-02 -4.070889949798583984e-01
-9.370829910039901733e-02 -3.832841515541076660e-01
-8.758368343114852905e-02 -3.884077668190002441e-01
-9.402669966220855713e-02 -3.887442946434020996e-01
-8.401310443878173828e-02 -3.898031115531921387e-01
-7.661632448434829712e-02 -3.984402418136596680e-01
-7.575546950101852417e-02 -3.973060846328735352e-01
-5.859626084566116333e-02 -4.070728719234466553e-01
-5.478647351264953613e-02 -4.069499969482421875e-01
-3.984287381172180176e-02 -4.147233664989471436e-01
-4.928053170442581177e-02 -4.044860601425170898e-01
-4.620550572872161865e-02 -4.089528322219848633e-01
-3.994832187891006470e-02 -4.108568429946899414e-01
-5.583082512021064758e-02 -4.030499458312988281e-01
-4.243396222591400146e-02 -4.105570912361145020e-01
-5.041826516389846802e-02 -4.079231619834899902e-01
-3.793181478977203369e-02 -4.128249585628509521e-01
-2.829661965370178223e-02 -4.202648997306823730e-01
-2.984723448753356934e-02 -4.145895242691040039e-01
-1.299110054969787598e-02 -4.200833141803741455e-01
-5.907461047172546387e-03 -4.242918789386749268e-01
-9.265579283237457275e-03 -4.182544946670532227e-01
-8.824624121189117432e-03 -4.083267748355865479e-01
2.949132025241851807e-02 -4.190009236335754395e-01
7.059878110885620117e-02 -4.213503599166870117e-01
5.530807375907897949e-02 -3.781697750091552734e-01
2.853932976722717285e-02 -3.703367710113525391e-01
-2.034863829612731934e-02 -3.474447429180145264e-01
6.100422143936157227e-02 -4.191848039627075195e-01
5.076594650745391846e-02 -4.178833365440368652e-01
1.510381698608398438e-01 -5.024164319038391113e-01
-4.530631005764007568e-02 -3.170021772384643555e-01
3.278645873069763184e-02 -4.282749295234680176e-01
4.370751976966857910e-02 -4.333692491054534912e-01
5.045780539512634277e-02 -4.409688711166381836e-01
2.759310603141784668e-02 -4.261571168899536133e-01
3.748394548892974854e-02 -4.250910878181457520e-01
2.794572710990905762e-02 -4.268283843994140625e-01
-3.993801772594451904e-03 -4.075281322002410889e-01
4.077726602554321289e-02 -3.794157803058624268e-01
1.565582454204559326e-01 -5.146515965461730957e-01
1.417210698127746582e-02 -4.028009772300720215e-01
3.829129040241241455e-02 -4.153750538825988770e-01
7.277823984622955322e-02 -4.246931672096252441e-01
-4.564344882965087891e-03 -3.454780876636505127e-01
6.782796978950500488e-02 -4.038951992988586426e-01
3.936523199081420898e-02 -4.184409081935882568e-01
2.364690601825714111e-02 -4.231507778167724609e-01
-1.318925619125366211e-02 -4.156279265880584717e-01
-2.432177960872650146e-02 -4.166391193866729736e-01
-4.475194215774536133e-02 -4.006286859512329102e-01
-4.103139042854309082e-02 -4.037179946899414062e-01
-5.927440524101257324e-02 -3.950568437576293945e-01
-3.977278620004653931e-02 -3.997227251529693604e-01
-3.515627235174179077e-02 -3.999086618423461914e-01
-3.365457803010940552e-02 -4.084741473197937012e-01
-4.862570017576217651e-02 -3.988661170005798340e-01
-5.428642034530639648e-02 -3.857662379741668701e-01
-8.310259878635406494e-02 -3.596282303333282471e-01
-4.463124275207519531e-02 -3.760419785976409912e-01
-5.966095626354217529e-02 -3.575815260410308838e-01
2.458502352237701416e-02 -4.081637859344482422e-01
-4.695262759923934937e-02 -3.442904949188232422e-01
-3.918731212615966797e-02 -3.573490977287292480e-01
-5.448220670223236084e-02 -3.553312420845031738e-01
-7.215663790702819824e-02 -3.473988473415374756e-01
-6.759818643331527710e-02 -3.551912903785705566e-01
-6.636385619640350342e-02 -3.663176596164703369e-01
-5.718462914228439331e-02 -3.785241842269897461e-01
-6.535477191209793091e-02 -3.779879212379455566e-01
-6.017640605568885803e-02 -3.895790874958038330e-01
-7.167115062475204468e-02 -3.866965174674987793e-01
-6.136687472462654114e-02 -3.887878060340881348e-01
-6.113862618803977966e-02 -3.930803537368774414e-01
-9.285292029380798340e-02 -3.718132972717285156e-01
-7.802990823984146118e-02 -3.848565220832824707e-01
-7.775061577558517456e-02 -3.799344003200531006e-01
-6.797213852405548096e-02 -3.917346000671386719e-01
-7.518878579139709473e-02 -3.834009766578674316e-01
-6.864117085933685303e-02 -3.902684450149536133e-01
-6.182145327329635620e-02 -3.917196393013000488e-01
-4.251426458358764648e-02 -4.100721478462219238e-01
-6.403307616710662842e-02 -3.961565494537353516e-01
-5.445050448179244995e-02 -4.014212489128112793e-01
-5.088342726230621338e-02 -4.011609256267547607e-01
-4.509583115577697754e-02 -4.080921709537506104e-01
-2.447144687175750732e-02 -4.166707396507263184e-01
-4.752225428819656372e-02 -4.005308449268341064e-01
-3.815095871686935425e-02 -4.066345095634460449e-01
-5.324669927358627319e-02 -3.935362100601196289e-01
-3.819945454597473145e-02 -4.018268585205078125e-01
1.603206992149353027e-02 -4.328444004058837891e-01
-1.117219775915145874e-02 -4.248269796371459961e-01
-8.353516459465026855e-04 -4.215632677078247070e-01
-4.240497201681137085e-02 -3.830743432044982910e-01
-4.691381007432937622e-02 -3.815445899963378906e-01
-5.469671636819839478e-02 -3.831489980220794678e-01
-6.818210333585739136e-02 -3.718823194503784180e-01
-6.450299173593521118e-02 -3.739642202854156494e-01
-7.586072385311126709e-02 -3.711981475353240967e-01
-6.928825378417968750e-02 -3.726193904876708984e-01
-7.875932008028030396e-02 -3.702269494533538818e-01
-6.350337713956832886e-02 -3.808060288429260254e-01
-6.083431839942932129e-02 -3.862466812133789062e-01
-6.018728762865066528e-02 -3.893380761146545410e-01
-5.010236799716949463e-02 -4.013864696025848389e-01
-4.143510758876800537e-02 -4.077453613281250000e-01
-4.530989378690719604e-02 -4.080721139907836914e-01
-4.369787871837615967e-02 -4.060612320899963379e-01
-4.487338662147521973e-02 -4.065792560577392578e-01
-4.402992129325866699e-02 -4.011508226394653320e-01
-5.401820689439773560e-02 -3.921977579593658447e-01
-5.704197287559509277e-02 -3.894138038158416748e-01
-4.744374006986618042e-02 -3.950316905975341797e-01
-4.640572518110275269e-02 -3.882445394992828369e-01
-3.907439112663269043e-02 -3.812465667724609375e-01
-1.987017691135406494e-03 -3.694872856140136719e-01
-7.984830439090728760e-02 -3.068140149116516113e-01
1.244948804378509521e-02 -3.622213006019592285e-01
-3.648614883422851562e-02 -3.810200691223144531e-01
-6.747272610664367676e-02 -3.676349222660064697e-01
1.321159303188323975e-02 -3.684767782688140869e-01
-1.752478331327438354e-01 -2.698208987712860107e-01
-9.355106949806213379e-02 -3.548163473606109619e-01
-6.666150689125061035e-02 -3.802362680435180664e-01
-5.059330910444259644e-02 -3.886533975601196289e-01
-3.993587940931320190e-02 -4.020943045616149902e-01
-2.278009057044982910e-02 -4.177431762218475342e-01
-2.553422749042510986e-02 -4.144869446754455566e-01
-4.202010482549667358e-02 -4.034531116485595703e-01
-3.823750466108322144e-02 -3.922475576400756836e-01
-2.024215161800384521e-01 -2.648215293884277344e-01
-2.355181425809860229e-02 -3.942290544509887695e-01
-2.226510643959045410e-02 -3.939804434776306152e-01
-2.541526556015014648e-01 -1.850192844867706299e-01
-7.462142407894134521e-02 -3.425296843051910400e-01
-6.581850349903106689e-03 -3.680516481399536133e-01
-2.511625736951828003e-02 -3.973140716552734375e-01
-4.941412061452865601e-02 -4.055517315864562988e-01
-5.928852781653404236e-02 -4.092665612697601318e-01
-7.681541889905929565e-02 -4.012551307678222656e-01
-7.463651895523071289e-02 -4.035120010375976562e-01
-6.178884580731391907e-02 -4.093859195709228516e-01
-6.370016932487487793e-02 -4.084996581077575684e-01
-7.620945572853088379e-02 -4.027999639511108398e-01
-7.384328544139862061e-02 -4.067179560661315918e-01
-6.909410655498504639e-02 -4.085112810134887695e-01
-7.679348438978195190e-02 -4.043152332305908203e-01
-7.546594738960266113e-02 -4.036056995391845703e-01
-7.488372176885604858e-02 -4.038641452789306641e-01
-8.034139871597290039e-02 -4.027254581451416016e-01
-7.894513756036758423e-02 -4.052416980266571045e-01
-7.855224609375000000e-02 -4.061060547828674316e-01
-8.365722745656967163e-02 -4.034402370452880859e-01
-7.261676341295242310e-02 -4.033587276935577393e-01
-7.651881873607635498e-02 -4.023548364639282227e-01
-8.835768699645996094e-02 -3.987843394279479980e-01
-6.300403177738189697e-02 -4.166696071624755859e-01
-6.444917619228363037e-02 -4.126728177070617676e-01
-7.699760794639587402e-02 -4.195286631584167480e-01
-6.763233244419097900e-02 -4.260581433773040771e-01
-6.072542071342468262e-02 -4.239959716796875000e-01
-6.274732947349548340e-02 -4.208703339099884033e-01
-5.240411311388015747e-02 -4.266977310180664062e-01
-5.646898597478866577e-02 -4.175653755664825439e-01
-5.571739375591278076e-02 -4.186183810234069824e-01
-4.662039875984191895e-02 -4.310212135314941406e-01
-2.842406928539276123e-02 -4.375822842121124268e-01
-6.172616779804229736e-02 -4.162571132183074951e-01
-7.666957378387451172e-02 -4.008880257606506348e-01
-5.876576155424118042e-02 -4.112483263015747070e-01
-8.647692203521728516e-02 -3.888314962387084961e-01
-8.109516650438308716e-02 -3.910404443740844727e-01
-6.566112488508224487e-02 -3.982509374618530273e-01
-6.137226894497871399e-02 -3.909773528575897217e-01
-5.536223948001861572e-02 -3.958883285522460938e-01
-6.889390200376510620e-02 -3.818606734275817871e-01
-5.071257054805755615e-02 -3.875030875205993652e-01
-6.601233035326004028e-02 -3.814822435379028320e-01
-8.515873551368713379e-02 -3.712467849254608154e-01
-6.057302653789520264e-02 -3.873168826103210449e-01
-5.180396139621734619e-02 -3.873740732669830322e-01
-5.683002248406410217e-02 -3.848586678504943848e-01
-5.049800872802734375e-02 -3.889413177967071533e-01
-6.099063903093338013e-02 -3.822057843208312988e-01
-3.382757306098937988e-02 -3.971760272979736328e-01
-5.745718628168106079e-02 -3.844702243804931641e-01
-3.749698400497436523e-02 -3.912035822868347168e-01
-5.759263038635253906e-02 -3.724527359008789062e-01
-4.305930435657501221e-02 -3.740248680114746094e-01
-1.100905984640121460e-02 -3.767756223678588867e-01
8.632212877273559570e-03 -3.634548783302307129e-01
-7.210032641887664795e-02 -2.982115745544433594e-01
1.191490888595581055e-02 -3.681052327156066895e-01
-1.050981879234313965e-02 -3.892787992954254150e-01
-2.433091402053833008e-02 -3.978003859519958496e-01
5.820992588996887207e-02 -4.011659026145935059e-01
-1.565428674221038818e-01 -2.777315974235534668e-01
-6.695258617401123047e-02 -3.547466397285461426e-01
-4.389191418886184692e-02 -3.776648640632629395e-01
-5.967535078525543213e-02 -3.710643053054809570e-01
-5.959602072834968567e-02 -3.717717230319976807e-01
-4.448255896568298340e-02 -3.801789283752441406e-01
-4.785367846488952637e-02 -3.864990472793579102e-01
-3.561809659004211426e-02 -3.988314270973205566e-01
-4.102894663810729980e-02 -3.783433735370635986e-01
-1.618363410234451294e-01 -2.953291535377502441e-01
-6.749236583709716797e-02 -3.670943975448608398e-01
-5.292159318923950195e-02 -3.791711330413818359e-01
-2.386200726032257080e-01 -1.975856721401214600e-01
-9.078681468963623047e-02 -3.201230466365814209e-01
-1.819660514593124390e-02 -3.586745560169219971e-01
-2.990336716175079346e-02 -3.973993062973022461e-01
-5.123656243085861206e-02 -4.033316671848297119e-01
-5.762377753853797913e-02 -4.035800695419311523e-01
-7.105557620525360107e-02 -4.034016728401184082e-01
-8.767316490411758423e-02 -3.984785676002502441e-01
-8.443908393383026123e-02 -3.929907679557800293e-01
-3.974724560976028442e-02 -4.226616024971008301e-01
1.642698049545288086e-02 -4.403225779533386230e-01
-2.666417509317398071e-02 -4.247109293937683105e-01
-6.915946304798126221e-02 -4.124248623847961426e-01
-6.009246781468391418e-02 -4.168344438076019287e-01
-5.662248656153678894e-02 -4.250267148017883301e-01
-6.560552120208740234e-02 -4.142797887325286865e-01
-6.654952466487884521e-02 -4.170896112918853760e-01
-3.926876187324523926e-02 -4.302073717117309570e-01
-4.739900678396224976e-02 -4.202794730663299561e-01
-3.800604492425918579e-02 -4.295850396156311035e-01
-6.859871000051498413e-02 -4.091482758522033691e-01
-6.861187517642974854e-02 -4.119406342506408691e-01
-8.169269561767578125e-02 -3.977450728416442871e-01
-7.935069501399993896e-02 -3.994308710098266602e-01
-3.714969754219055176e-02 -4.218134284019470215e-01
-2.966463565826416016e-02 -4.272838532924652100e-01
-3.325489908456802368e-02 -4.306279420852661133e-01
-8.158411085605621338e-02 -4.097787141799926758e-01
-7.068260014057159424e-02 -4.165361225605010986e-01
-6.805667281150817871e-02 -4.134694039821624756e-01
-7.230126857757568359e-02 -4.124711751937866211e-01
-7.477089762687683105e-02 -4.120015799999237061e-01
-7.820957899093627930e-02 -4.096768498420715332e-01
-7.442240417003631592e-02 -4.103929400444030762e-01
-7.731658965349197388e-02 -4.082270264625549316e-01
-8.250165730714797974e-02 -4.074327349662780762e-01
-1.054918617010116577e-01 -3.943681716918945312e-01
-9.150129556655883789e-02 -4.033094644546508789e-01
-1.056735143065452576e-01 -3.907426595687866211e-01
-7.630243897438049316e-02 -4.135185182094573975e-01
-8.667324483394622803e-02 -4.113548398017883301e-01
-7.732505351305007935e-02 -4.140160083770751953e-01
-6.566819548606872559e-02 -4.244400262832641602e-01
-7.026752829551696777e-02 -4.224070608615875244e-01
-6.451652199029922485e-02 -4.263573884963989258e-01
-7.049503922462463379e-02 -4.202495217323303223e-01
-5.007745325565338135e-02 -4.401874840259552002e-01
-4.265499114990234375e-02 -4.418724775314331055e-01
-3.343077003955841064e-02 -4.560985863208770752e-01
-3.007341176271438599e-02 -4.611740708351135254e-01
-2.102798968553543091e-02 -4.696051478385925293e-01
-1.138556748628616333e-02 -4.760351181030273438e-01
-2.712911367416381836e-02 -4.738043546676635742e-01
-6.306916475296020508e-03 -4.878022968769073486e-01
7.523089647293090820e-03 -5.015523433685302734e-01
5.323618650436401367e-03 -5.015613436698913574e-01
7.292181253433227539e-04 -4.997660219669342041e-01
1.656401157379150391e-02 -5.129237771034240723e-01
-5.589067935943603516e-03 -4.955528676509857178e-01
-1.197367906570434570e-03 -4.989302754402160645e-01
-4.799954593181610107e-03 -5.022068023681640625e-01
-1.470604538917541504e-02 -4.914895892143249512e-01
2.354301512241363525e-02 -5.125023722648620605e-01
2.104729413986206055e-02 -5.129555463790893555e-01
2.512294054031372070e-02 -5.168317556381225586e-01
3.872938454151153564e-02 -5.205129981040954590e-01
2.474576234817504883e-02 -5.148515701293945312e-01
4.009796679019927979e-02 -5.260746479034423828e-01
3.693290054798126221e-02 -5.261227488517761230e-01
5.153873562812805176e-02 -5.367265343666076660e-01
4.842138290405273438e-02 -5.297735929489135742e-01
3.844715654850006104e-02 -5.124207735061645508e-01
8.587056398391723633e-02 -5.175908803939819336e-01
4.915714263916015625e-02 -4.592508673667907715e-01
1.246191561222076416e-02 -4.574743509292602539e-01
-1.021942496299743652e-02 -4.511629939079284668e-01
2.518273890018463135e-02 -4.949910044670104980e-01
1.134847104549407959e-02 -4.893994331359863281e-01
7.980576157569885254e-02 -5.635078549385070801e-01
-9.482263028621673584e-02 -3.769407868385314941e-01
-2.496234327554702759e-02 -4.704787135124206543e-01
-4.314208775758743286e-02 -4.624064564704895020e-01
-3.136482834815979004e-02 -4.711563289165496826e-01
-3.102277219295501709e-02 -4.747988283634185791e-01
-3.385688364505767822e-02 -4.699902534484863281e-01
-5.254450440406799316e-02 -4.673873782157897949e-01
-5.035478621721267700e-02 -4.590048789978027344e-01
-8.054748177528381348e-02 -3.676222860813140869e-01
1.624476909637451172e-01 -5.477119088172912598e-01
4.683098196983337402e-02 -4.920852184295654297e-01
-2.112770825624465942e-02 -4.567822813987731934e-01
7.195049524307250977e-02 -4.244785308837890625e-01
-4.511135071516036987e-02 -3.970127701759338379e-01
4.023700952529907227e-03 -4.469983577728271484e-01
-1.863475888967514038e-02 -4.630861282348632812e-01
-2.353341877460479736e-02 -4.675893783569335938e-01
-5.309330672025680542e-02 -4.617947340011596680e-01
-4.245928674936294556e-02 -4.672186374664306641e-01
-5.786564946174621582e-02 -4.657525122165679932e-01
-3.638943284749984741e-02 -4.690753817558288574e-01
5.390965938568115234e-02 -5.195373892784118652e-01
2.059702575206756592e-02 -5.125578641891479492e-01
-1.542790234088897705e-02 -4.882796406745910645e-01
-3.287763148546218872e-02 -4.738243520259857178e-01
-2.814514935016632080e-02 -4.747818708419799805e-01
-3.124432265758514404e-02 -4.617983102798461914e-01
-3.145893663167953491e-02 -4.567126631736755371e-01
-1.812727004289627075e-02 -4.589952528476715088e-01
-6.943017244338989258e-03 -4.591445326805114746e-01
-5.869723856449127197e-03 -4.618059098720550537e-01
-1.809263974428176880e-02 -4.541594684123992920e-01
-1.579831540584564209e-02 -4.590415358543395996e-01
-1.749562472105026245e-02 -4.545851349830627441e-01
8.100748062133789062e-03 -4.656519293785095215e-01
-7.070884108543395996e-03 -4.615425169467926025e-01
3.553089499473571777e-02 -4.826941192150115967e-01
3.330685198307037354e-02 -4.768267869949340820e-01
4.868389666080474854e-02 -4.858142435550689697e-01
8.112436532974243164e-02 -5.053474903106689453e-01
3.976953029632568359e-02 -4.778250455856323242e-01
3.973668813705444336e-02 -4.759805500507354736e-01
1.143692582845687866e-01 -5.262593030929565430e-01
1.190026849508285522e-01 -5.258898735046386719e-01
7.967445254325866699e-02 -4.927911162376403809e-01
7.087390124797821045e-02 -4.839583039283752441e-01
7.847979664802551270e-02 -4.796671867370605469e-01
3.440651297569274902e-02 -4.647951722145080566e-01
3.213463723659515381e-02 -4.705930650234222412e-01
5.193948745727539062e-04 -4.342648386955261230e-01
-1.720407605171203613e-02 -4.116244614124298096e-01
2.865269780158996582e-03 -4.200143218040466309e-01
2.141104638576507568e-02 -4.366458356380462646e-01
-1.549899578094482422e-03 -4.093326330184936523e-01
-1.891224086284637451e-02 -4.109959304332733154e-01
-3.825536370277404785e-02 -3.993829488754272461e-01
-4.103934019804000854e-02 -3.944166302680969238e-01
-3.928112983703613281e-02 -3.906418085098266602e-01
-5.590435490012168884e-02 -3.832826018333435059e-01
-3.434151411056518555e-02 -4.002782106399536133e-01
-4.857765883207321167e-02 -3.889703750610351562e-01
-2.227902412414550781e-02 -4.014425277709960938e-01
-3.420862555503845215e-02 -3.932238519191741943e-01
-4.788010567426681519e-02 -3.892165422439575195e-01
-4.711259901523590088e-02 -3.909393250942230225e-01
-3.683218359947204590e-02 -4.227694272994995117e-01
-7.026400417089462280e-02 -4.029322862625122070e-01
-5.031528323888778687e-02 -4.220708012580871582e-01
-3.711908310651779175e-02 -4.289868474006652832e-01
-2.498909085988998413e-02 -4.417579174041748047e-01
-8.268319070339202881e-03 -4.434380233287811279e-01
2.455970644950866699e-02 -4.693374037742614746e-01
1.900634169578552246e-02 -4.639533162117004395e-01
5.870190262794494629e-02 -4.847508072853088379e-01
4.769691824913024902e-02 -4.717277884483337402e-01
4.035103321075439453e-02 -4.674785137176513672e-01
1.105646789073944092e-02 -4.492855668067932129e-01
-6.021484732627868652e-04 -4.384987056255340576e-01
4.541178047657012939e-02 -4.741998910903930664e-01
3.427784144878387451e-02 -4.660046100616455078e-01
6.582254171371459961e-02 -4.784604310989379883e-01
6.813378632068634033e-02 -4.784794449806213379e-01
2.609430253505706787e-02 -4.558900594711303711e-01
1.831467449665069580e-02 -4.436324834823608398e-01
1.507279276847839355e-02 -4.265385568141937256e-01
1.626996695995330811e-02 -4.033279120922088623e-01
8.357405662536621094e-03 -3.661195933818817139e-01
-1.037187874317169189e-02 -3.785870969295501709e-01
1.310352981090545654e-02 -4.227076172828674316e-01
-4.219519346952438354e-02 -3.897712826728820801e-01
-3.000873327255249023e-02 -3.983826041221618652e-01
2.132308483123779297e-02 -4.796610474586486816e-01
-3.757213801145553589e-02 -3.669890761375427246e-01
-1.602612435817718506e-02 -4.075245559215545654e-01
-1.823045313358306885e-02 -3.993016481399536133e-01
-4.210212081670761108e-02 -3.940815329551696777e-01
-5.379290878772735596e-02 -3.860168159008026123e-01
-4.798555374145507812e-02 -3.921568989753723145e-01
-5.264250189065933228e-02 -3.829761743545532227e-01
-5.774560570716857910e-02 -3.859564661979675293e-01
-4.744246602058410645e-02 -3.250483274459838867e-01
9.569065272808074951e-02 -4.591912627220153809e-01
-4.143489897251129150e-02 -3.822625577449798584e-01
-5.634554848074913025e-02 -3.688281476497650146e-01
9.665638208389282227e-03 -3.386220633983612061e-01
-8.361559361219406128e-02 -3.064694404602050781e-01
-3.030148148536682129e-02 -3.685822188854217529e-01
-4.805786162614822388e-02 -3.881677985191345215e-01
-6.559346616268157959e-02 -3.875104486942291260e-01
-7.026414573192596436e-02 -3.967666625976562500e-01
-8.324983716011047363e-02 -3.910732865333557129e-01
-8.312255889177322388e-02 -3.903852105140686035e-01
-8.326126635074615479e-02 -3.869097232818603516e-01
-9.020496159791946411e-02 -3.832668364048004150e-01
-9.301842749118804932e-02 -3.844239413738250732e-01
-8.751629292964935303e-02 -3.907628357410430908e-01
-9.248175472021102905e-02 -3.853546082973480225e-01
-9.873261302709579468e-02 -3.801689147949218750e-01
-9.486871957778930664e-02 -3.818092644214630127e-01
-1.069640219211578369e-01 -3.715510070323944092e-01
-1.081315577030181885e-01 -3.719360530376434326e-01
-8.726770430803298950e-02 -3.855953812599182129e-01
-9.897953271865844727e-02 -3.839269876480102539e-01
-1.112297177314758301e-01 -3.709968328475952148e-01
-1.010988727211952209e-01 -3.760606944561004639e-01
-1.273300647735595703e-01 -3.666985332965850830e-01
-1.138739138841629028e-01 -3.772528767585754395e-01
-9.059440344572067261e-02 -3.869720995426177979e-01
-1.104687005281448364e-01 -3.783146142959594727e-01
-1.099919825792312622e-01 -3.857007026672363281e-01
-9.509181231260299683e-02 -3.962230980396270752e-01
-9.761755168437957764e-02 -3.880521953105926514e-01
-8.612559735774993896e-02 -3.930163979530334473e-01
-8.244934678077697754e-02 -3.959376811981201172e-01
-5.337296426296234131e-02 -4.085158407688140869e-01
-3.125913441181182861e-02 -4.199225902557373047e-01
-6.005464866757392883e-02 -4.058419466018676758e-01
-5.499020963907241821e-02 -4.047765433788299561e-01
-1.566728204488754272e-02 -4.299377799034118652e-01
-3.066191077232360840e-02 -4.258354902267456055e-01
1.280449330806732178e-02 -4.556860327720642090e-01
-1.133337616920471191e-02 -4.392181038856506348e-01
-7.891766726970672607e-03 -4.445747435092926025e-01
7.166981697082519531e-03 -4.455550312995910645e-01
-9.212143719196319580e-03 -4.357924163341522217e-01
-4.647843539714813232e-03 -4.300821423530578613e-01
-5.785658955574035645e-03 -4.295560121536254883e-01
-2.281577140092849731e-02 -4.227094650268554688e-01
-6.751285493373870850e-02 -4.044867455959320068e-01
-8.869537711143493652e-02 -3.854137063026428223e-01
-8.681207150220870972e-02 -3.909010589122772217e-01
-7.917511463165283203e-02 -3.940878510475158691e-01
-8.045688271522521973e-02 -3.987739682197570801e-01
-8.038811385631561279e-02 -3.939693868160247803e-01
-6.414546817541122437e-02 -4.070168137550354004e-01
-9.411273151636123657e-02 -3.842229545116424561e-01
-9.186658263206481934e-02 -3.853716850280761719e-01
-8.683184534311294556e-02 -3.881704807281494141e-01
-7.670173794031143188e-02 -3.966127038002014160e-01
-8.479228615760803223e-02 -3.944711089134216309e-01
-7.879671454429626465e-02 -3.971396684646606445e-01
-8.498036116361618042e-02 -3.993425965309143066e-01
-5.237753689289093018e-02 -4.206783175468444824e-01
-8.473686873912811279e-02 -4.038409590721130371e-01
-8.612722158432006836e-02 -3.978161811828613281e-01
-6.882197409868240356e-02 -4.103147685527801514e-01
-8.987669646739959717e-02 -3.981159925460815430e-01
-1.053135022521018982e-01 -3.961881399154663086e-01
-8.371968567371368408e-02 -4.092157185077667236e-01
-9.242113679647445679e-02 -3.994699120521545410e-01
-5.693368613719940186e-02 -4.087848961353302002e-01
-3.612843155860900879e-02 -3.965560495853424072e-01
-6.164710968732833862e-02 -3.404145836830139160e-01
-7.875008881092071533e-02 -3.344691991806030273e-01
1.371859014034271240e-02 -3.893525004386901855e-01
-4.568714648485183716e-02 -4.007193446159362793e-01
-1.392556726932525635e-02 -4.248545467853546143e-01
4.428277909755706787e-02 -4.196017980575561523e-01
-2.180300801992416382e-01 -2.537234425544738770e-01
-2.362637966871261597e-02 -4.270066618919372559e-01
-3.474050015211105347e-02 -4.205636084079742432e-01
-1.673728972673416138e-02 -4.326941370964050293e-01
-3.903011977672576904e-02 -4.085443913936614990e-01
-2.242460846900939941e-02 -4.124763011932373047e-01
-8.502870798110961914e-02 -3.905351459980010986e-01
-1.083738133311271667e-01 -3.618678748607635498e-01
-1.013944298028945923e-01 -3.430766463279724121e-01
-8.647608011960983276e-02 -3.913013935089111328e-01
-6.289997696876525879e-02 -3.788487017154693604e-01
-8.391215652227401733e-02 -3.700914680957794189e-01
-1.830256134271621704e-01 -2.910499572753906250e-01
-1.184746026992797852e-01 -3.029400408267974854e-01
-6.335059553384780884e-02 -3.430440723896026611e-01
-6.528518348932266235e-02 -3.826375305652618408e-01
-9.598307311534881592e-02 -3.760570287704467773e-01
-7.325735688209533691e-02 -3.990299403667449951e-01
-9.581111371517181396e-02 -3.926584720611572266e-01
-6.708209961652755737e-02 -4.094629883766174316e-01
-8.866304159164428711e-02 -4.105729460716247559e-01
-6.909363716840744019e-02 -4.171154201030731201e-01
-9.711148589849472046e-02 -3.963198065757751465e-01
-8.083358407020568848e-02 -4.053764939308166504e-01
-9.587621688842773438e-02 -3.834695219993591309e-01
-7.864376902580261230e-02 -3.955280780792236328e-01
-3.547739982604980469e-02 -4.286123812198638916e-01
-1.658044755458831787e-02 -4.340970218181610107e-01
6.563946604728698730e-03 -4.439221620559692383e-01
-4.832454025745391846e-03 -4.197106361389160156e-01
-6.039440631866455078e-05 -4.238979816436767578e-01
4.748411476612091064e-02 -4.271449446678161621e-01
7.003924250602722168e-02 -4.443390071392059326e-01
3.285333514213562012e-02 -4.120575785636901855e-01
6.608805060386657715e-02 -4.263805150985717773e-01
1.216564476490020752e-01 -4.546466767787933350e-01
9.996967017650604248e-02 -4.378499984741210938e-01
1.212290823459625244e-01 -4.489986896514892578e-01
1.055696904659271240e-01 -4.495552182197570801e-01
8.785511553287506104e-02 -4.359298944473266602e-01
3.523269295692443848e-02 -4.409706890583038330e-01
3.455577790737152100e-02 -4.537733495235443115e-01
-5.633831024169921875e-02 -4.100611805915832520e-01
-5.814710631966590881e-02 -4.101859331130981445e-01
-6.575811654329299927e-02 -4.054024815559387207e-01
-1.149324327707290649e-01 -3.720084130764007568e-01
-1.145779192447662354e-01 -3.726523220539093018e-01
-1.225183755159378052e-01 -3.617645204067230225e-01
-1.238497197628021240e-01 -3.624514043331146240e-01
-1.108359098434448242e-01 -3.721707761287689209e-01
-8.599929511547088623e-02 -3.838272094726562500e-01
-1.028620600700378418e-01 -3.697027266025543213e-01
-9.949682652950286865e-02 -3.728059232234954834e-01
-7.719807326793670654e-02 -3.849853277206420898e-01
-6.407187134027481079e-02 -3.955040574073791504e-01
-8.361035585403442383e-02 -3.789510726928710938e-01
-4.000545293092727661e-02 -4.067556858062744141e-01
-4.667773842811584473e-02 -4.013044834136962891e-01
-2.481223642826080322e-02 -4.201760590076446533e-01
-2.530648559331893921e-02 -4.177936911582946777e-01
1.000736653804779053e-02 -4.254494011402130127e-01
-1.048194617033004761e-02 -4.323648214340209961e-01
3.794574737548828125e-02 -4.397399723529815674e-01
3.564977645874023438e-02 -4.459690749645233154e-01
5.004011094570159912e-02 -4.736054837703704834e-01
6.702268123626708984e-02 -4.703515768051147461e-01
7.492780685424804688e-02 -4.810582995414733887e-01
4.235827922821044922e-02 -4.517231583595275879e-01
8.121493458747863770e-02 -4.789887964725494385e-01
1.198672652244567871e-01 -4.977188706398010254e-01
9.493957459926605225e-02 -4.797871708869934082e-01
1.083223670721054077e-01 -4.793635606765747070e-01
7.943439483642578125e-02 -4.548807442188262939e-01
3.831620514392852783e-02 -4.413084983825683594e-01
-9.009726345539093018e-03 -4.164440035820007324e-01
6.067609786987304688e-02 -4.525639116764068604e-01
3.361698985099792480e-02 -4.351971149444580078e-01
4.269488155841827393e-02 -4.360459446907043457e-01
1.577293872833251953e-02 -4.259876012802124023e-01
1.562055945396423340e-02 -4.206234216690063477e-01
4.008807241916656494e-03 -4.130617082118988037e-01
6.509616971015930176e-03 -4.101673960685729980e-01
2.718694508075714111e-03 -4.109798967838287354e-01
7.550597190856933594e-03 -4.131508171558380127e-01
1.936274766921997070e-02 -4.110397994518280029e-01
-5.379989743232727051e-04 -4.037955999374389648e-01
-1.291935145854949951e-02 -3.939420580863952637e-01
-1.088789105415344238e-02 -3.945651352405548096e-01
-2.391960471868515015e-02 -3.802659809589385986e-01
-2.650711685419082642e-02 -3.760156333446502686e-01
-4.059861600399017334e-02 -3.683762848377227783e-01
-1.861416548490524292e-02 -3.832428455352783203e-01
-2.654628455638885498e-02 -3.750865459442138672e-01
-1.224285364151000977e-02 -3.832427263259887695e-01
-1.897081732749938965e-03 -3.866616487503051758e-01
1.207026839256286621e-02 -4.005866050720214844e-01
1.276266574859619141e-02 -3.991838097572326660e-01
1.212093234062194824e-02 -4.034332036972045898e-01
1.171249151229858398e-02 -4.036653339862823486e-01
1.646383106708526611e-02 -4.087096452713012695e-01
1.077666878700256348e-02 -4.131402671337127686e-01
1.679113507270812988e-02 -4.207844734191894531e-01
1.186130940914154053e-02 -4.200888276100158691e-01
-1.530073583126068115e-03 -4.115454554557800293e-01
3.095500171184539795e-03 -3.962233364582061768e-01
-3.165598213672637939e-02 -3.599313497543334961e-01
-1.655481755733489990e-03 -3.828519284725189209e-01
-2.861423045396804810e-02 -3.669968247413635254e-01
-6.666496396064758301e-03 -3.916483521461486816e-01
-1.454665511846542358e-02 -3.898639678955078125e-01
-1.329866051673889160e-02 -3.923896849155426025e-01
-7.830917835235595703e-03 -4.019893407821655273e-01
-1.357860863208770752e-02 -3.936790823936462402e-01
-3.755136579275131226e-02 -3.832084834575653076e-01
-1.679199934005737305e-02 -3.966694474220275879e-01
-1.638732105493545532e-02 -3.978816270828247070e-01
1.122649013996124268e-02 -4.014574885368347168e-01
-1.693272590637207031e-02 -3.993635177612304688e-01
-1.855231076478958130e-02 -3.928733170032501221e-01
2.708846330642700195e-02 -4.189410507678985596e-01
1.372595131397247314e-02 -4.168912172317504883e-01
3.336124122142791748e-03 -4.027398824691772461e-01
1.900416612625122070e-02 -4.252338111400604248e-01
3.999073803424835205e-02 -4.249665737152099609e-01
4.496639966964721680e-02 -4.226907491683959961e-01
7.155293226242065430e-02 -4.096832275390625000e-01
9.563417732715606689e-02 -3.938046395778656006e-01
3.181338310241699219e-03 -3.305673897266387939e-01
8.622647821903228760e-02 -4.215342104434967041e-01
1.067336797714233398e-01 -4.270761609077453613e-01
8.150789141654968262e-02 -4.270382821559906006e-01
8.914297819137573242e-02 -4.293975234031677246e-01
-3.932958096265792847e-02 -3.215558230876922607e-01
1.992695033550262451e-02 -3.917925357818603516e-01
3.659792244434356689e-02 -4.101023077964782715e-01
3.110598027706146240e-02 -4.199435114860534668e-01
1.954621076583862305e-02 -4.056525528430938721e-01
2.881805598735809326e-02 -4.088508784770965576e-01
3.163827955722808838e-02 -4.082242250442504883e-01
1.388348639011383057e-02 -4.064051508903503418e-01
-1.839202642440795898e-02 -3.584108948707580566e-01
-9.107021987438201904e-02 -3.183780610561370850e-01
-2.115705609321594238e-02 -3.730275630950927734e-01
-2.377817034721374512e-02 -3.669882416725158691e-01
-1.431487500667572021e-01 -2.309805452823638916e-01
-3.359396755695343018e-02 -3.335204422473907471e-01
4.645887017250061035e-02 -3.866299390792846680e-01
4.481656849384307861e-02 -4.146208763122558594e-01
4.555062949657440186e-02 -4.213502109050750732e-01
-1.496194303035736084e-02 -3.939585089683532715e-01
-5.171224474906921387e-04 -4.134169816970825195e-01
3.438226878643035889e-02 -4.303222894668579102e-01
6.178270280361175537e-02 -4.495300650596618652e-01
3.967906534671783447e-02 -4.650895595550537109e-01
9.632346034049987793e-02 -5.037982463836669922e-01
7.480907440185546875e-02 -4.775852560997009277e-01
1.141155064105987549e-01 -5.050756335258483887e-01
9.697353839874267578e-02 -4.833748936653137207e-01
1.239347159862518311e-01 -4.994927048683166504e-01
9.290465712547302246e-02 -4.796396493911743164e-01
9.541282057762145996e-02 -4.933420717716217041e-01
1.356421411037445068e-01 -5.248885750770568848e-01
8.355799317359924316e-02 -5.014587640762329102e-01
1.231698542833328247e-01 -5.221796631813049316e-01
1.162800192832946777e-01 -5.165100097656250000e-01
1.250561326742172241e-01 -5.225464105606079102e-01
8.931635320186614990e-02 -4.987510442733764648e-01
5.521939694881439209e-02 -4.787333011627197266e-01
5.887158215045928955e-02 -4.856366217136383057e-01
-1.602455973625183105e-03 -4.575276970863342285e-01
-9.100191295146942139e-03 -4.452261328697204590e-01
-5.805428698658943176e-02 -4.242288768291473389e-01
