1.883614808320999146e-02 6.196198612451553345e-02
1.263741403818130493e-02 5.419445037841796875e-02
1.778998970985412598e-02 6.223943829536437988e-02
1.743938773870468140e-02 6.557656079530715942e-02
2.253584936261177063e-02 7.203102111816406250e-02
1.838916540145874023e-02 6.114891171455383301e-02
1.460133492946624756e-02 5.649793148040771484e-02
1.128935068845748901e-02 5.350854992866516113e-02
7.224146276712417603e-03 4.620829969644546509e-02
7.374860346317291260e-03 5.181828886270523071e-02
8.959431201219558716e-03 5.342419445514678955e-02
1.075164228677749634e-02 5.024318397045135498e-02
1.639098674058914185e-02 5.776461958885192871e-02
2.003020048141479492e-02 6.096653640270233154e-02
2.128226310014724731e-02 6.399349868297576904e-02
1.844130828976631165e-02 5.757241696119308472e-02
1.903409510850906372e-02 3.849529102444648743e-02
1.959202438592910767e-02 5.103535205125808716e-02
2.324695140123367310e-02 5.713188648223876953e-02
2.393731474876403809e-02 5.927675217390060425e-02
1.820216327905654907e-02 6.049020588397979736e-02
1.700936257839202881e-02 4.440104961395263672e-02
1.773405820131301880e-02 4.139352217316627502e-02
1.753018796443939209e-02 5.586566030979156494e-02
1.978592202067375183e-02 6.445383280515670776e-02
1.750097796320915222e-02 6.595555692911148071e-02
1.973252743482589722e-02 6.414184719324111938e-02
1.223019510507583618e-02 5.976469069719314575e-02
1.320478320121765137e-02 6.911242753267288208e-02
3.972936421632766724e-03 4.958525300025939941e-02
7.408753037452697754e-03 4.633088409900665283e-02
1.340667158365249634e-02 5.545181035995483398e-02
1.621626317501068115e-02 6.656763702630996704e-02
1.439817622303962708e-02 5.909058451652526855e-02
8.815281093120574951e-03 5.451069027185440063e-02
1.495607942342758179e-02 5.909495800733566284e-02
1.448373124003410339e-02 4.725065827369689941e-02
1.819477975368499756e-02 5.665087699890136719e-02
1.530477404594421387e-02 5.836585164070129395e-02
5.448140203952789307e-03 4.164822772145271301e-02
1.225138455629348755e-02 6.183605641126632690e-02
1.541488617658615112e-02 6.459831446409225464e-02
9.275134652853012085e-03 5.973948538303375244e-02
1.870548352599143982e-02 5.527386814355850220e-02
1.975304633378982544e-02 5.958308279514312744e-02
1.864779740571975708e-02 6.087488681077957153e-02
2.056846022605895996e-02 5.580648779869079590e-02
1.658312976360321045e-02 6.123181432485580444e-02
2.207564935088157654e-02 7.688224315643310547e-02
1.890738308429718018e-02 7.299455255270004272e-02
2.247914299368858337e-02 6.540896743535995483e-02
1.401857286691665649e-02 6.474319845438003540e-02
1.514085754752159119e-02 7.137406617403030396e-02
1.090830191969871521e-02 5.296882241964340210e-02
1.647249236702919006e-02 6.969088315963745117e-02
1.673778146505355835e-02 7.183200120925903320e-02
1.569883525371551514e-02 6.910803914070129395e-02
2.141923457384109497e-02 7.355004549026489258e-02
1.657391712069511414e-02 6.520929932594299316e-02
1.095105707645416260e-02 4.941216111183166504e-02
5.735643208026885986e-03 4.248804971575737000e-02
6.680205464363098145e-03 4.802427440881729126e-02
2.811520546674728394e-02 6.374123692512512207e-02
1.463569328188896179e-02 5.874064564704895020e-02
2.146841585636138916e-02 2.323870919644832611e-02
2.547401934862136841e-03 4.760426282882690430e-02
1.698653399944305420e-02 6.627599149942398071e-02
1.768283545970916748e-02 1.181484311819076538e-01
1.779313385486602783e-02 2.608224749565124512e-02
7.930710911750793457e-03 8.515242487192153931e-02
8.620914071798324585e-03 5.458716303110122681e-02
-4.379570484161376953e-03 2.399762347340583801e-02
7.604017853736877441e-03 4.136895388364791870e-02
9.455315768718719482e-03 5.138228088617324829e-02
1.065826416015625000e-02 5.598710477352142334e-02
-1.850821077823638916e-03 2.985963970422744751e-02
6.846800446510314941e-03 3.428710252046585083e-02
-3.197647631168365479e-03 5.291551351547241211e-02
2.487418428063392639e-02 5.614820867776870728e-02
2.367975562810897827e-02 1.218462139368057251e-01
1.189908757805824280e-02 6.711211055517196655e-02
-8.229210972785949707e-03 4.161871969699859619e-02
2.335867285728454590e-02 4.007437825202941895e-02
7.714092731475830078e-03 3.967155888676643372e-02
3.040438517928123474e-02 6.933222711086273193e-02
5.150415003299713135e-03 5.522411316633224487e-02
2.794653177261352539e-03 4.382883757352828979e-02
9.177409112453460693e-03 5.582015216350555420e-02
6.542216986417770386e-03 4.817201942205429077e-02
4.245486110448837280e-03 4.460202902555465698e-02
1.132607460021972656e-03 3.866744786500930786e-02
1.057503744959831238e-02 5.391148477792739868e-02
6.675899028778076172e-03 4.796699807047843933e-02
6.756346672773361206e-03 3.787995874881744385e-02
1.026811450719833374e-02 5.642222613096237183e-02
8.949495851993560791e-03 5.403573065996170044e-02
9.034145623445510864e-03 4.551106691360473633e-02
1.216483116149902344e-02 5.992773175239562988e-02
8.548170328140258789e-03 4.955302923917770386e-02
1.127268373966217041e-02 6.805760413408279419e-02
1.216565072536468506e-02 6.827073544263839722e-02
1.007255166769027710e-02 6.036811321973800659e-02
5.260877311229705811e-03 4.924450069665908813e-02
8.035816252231597900e-03 5.635213851928710938e-02
6.257347762584686279e-03 5.558294802904129028e-02
2.712171524763107300e-03 6.048484891653060913e-02
4.973240196704864502e-03 5.938979238271713257e-02
5.211874842643737793e-03 5.935248732566833496e-02
4.855789244174957275e-03 5.776420980691909790e-02
5.253918468952178955e-03 5.344869196414947510e-02
9.101174771785736084e-03 5.348847806453704834e-02
1.423475518822669983e-02 6.283344328403472900e-02
1.171745359897613525e-02 5.865165591239929199e-02
7.704682648181915283e-03 6.276404857635498047e-02
8.806426078081130981e-03 6.577954441308975220e-02
9.434670209884643555e-03 6.815759837627410889e-02
1.050599664449691772e-02 5.839280039072036743e-02
1.029761135578155518e-02 5.956401675939559937e-02
1.362062618136405945e-02 6.404786556959152222e-02
8.182045072317123413e-03 5.499804019927978516e-02
1.368887722492218018e-02 6.272899359464645386e-02
1.599340885877609253e-02 7.207816839218139648e-02
1.493215560913085938e-02 6.700343638658523560e-02
1.001584529876708984e-02 6.017601490020751953e-02
9.362630546092987061e-03 5.211871862411499023e-02
1.140651851892471313e-02 5.466291308403015137e-02
1.260367780923843384e-02 6.260944902896881104e-02
1.426450908184051514e-02 5.512125045061111450e-02
9.502209722995758057e-03 6.534039229154586792e-02
2.400621771812438965e-03 3.774423152208328247e-02
6.812486797571182251e-03 5.170755833387374878e-02
1.520736888051033020e-02 6.395697593688964844e-02
1.417808234691619873e-02 6.528719514608383179e-02
1.360924541950225830e-02 5.288241803646087646e-02
1.806868612766265869e-02 6.945604085922241211e-02
1.902423426508903503e-02 6.141679733991622925e-02
1.715571433305740356e-02 6.168047338724136353e-02
1.783155277371406555e-02 6.538253277540206909e-02
1.944831013679504395e-02 6.896919012069702148e-02
2.102290838956832886e-02 7.187247276306152344e-02
1.704049482941627502e-02 6.874316930770874023e-02
1.694924384355545044e-02 5.499065667390823364e-02
1.331455260515213013e-02 5.325493216514587402e-02
1.273980736732482910e-02 5.600519478321075439e-02
1.269279420375823975e-02 6.264518946409225464e-02
1.262357085943222046e-02 5.605723708868026733e-02
1.630233600735664368e-02 6.932717561721801758e-02
1.304669305682182312e-02 6.270796060562133789e-02
1.207467168569564819e-02 5.898035317659378052e-02
1.293751597404479980e-02 5.605160444974899292e-02
1.253774017095565796e-02 6.027198582887649536e-02
1.622273027896881104e-02 6.580227613449096680e-02
1.226206868886947632e-02 6.389622390270233154e-02
1.002468168735504150e-02 5.873443931341171265e-02
8.264653384685516357e-03 5.584189295768737793e-02
4.341557621955871582e-03 5.299103260040283203e-02
3.444232046604156494e-03 4.352086782455444336e-02
1.152366399765014648e-02 4.445741325616836548e-02
7.845155894756317139e-03 3.998423367738723755e-02
1.409333944320678711e-02 3.658106178045272827e-02
1.158670336008071899e-02 4.451949894428253174e-02
1.010322570800781250e-02 6.557586789131164551e-02
-4.715189337730407715e-03 3.509091958403587341e-02
9.954161942005157471e-03 3.616313636302947998e-02
3.290311619639396667e-02 1.001364514231681824e-01
1.361242681741714478e-02 8.607212454080581665e-02
2.342062443494796753e-02 4.195991903543472290e-02
-1.503665000200271606e-03 3.828266263008117676e-02
1.168294996023178101e-02 4.388938844203948975e-02
1.054326444864273071e-02 4.279651865363121033e-02
8.266624063253402710e-03 1.843679510056972504e-02
6.566829979419708252e-03 2.992455288767814636e-02
1.068451628088951111e-02 5.395542085170745850e-02
7.115844637155532837e-03 2.311171963810920715e-02
-3.066167235374450684e-03 2.940020523965358734e-02
2.716408297419548035e-02 5.535419285297393799e-02
1.671931892633438110e-02 7.327751070261001587e-02
4.611027613282203674e-02 1.197266951203346252e-01
3.296844661235809326e-03 4.725222289562225342e-02
3.926426172256469727e-03 1.917288824915885925e-02
1.752100884914398193e-02 6.606371700763702393e-02
1.663611456751823425e-02 5.526291579008102417e-02
3.111724555492401123e-02 7.332647591829299927e-02
1.749457418918609619e-02 6.468211859464645386e-02
1.717352122068405151e-02 5.886811017990112305e-02
1.650065556168556213e-02 4.984328523278236389e-02
2.085962146520614624e-02 6.478289514780044556e-02
2.500626072287559509e-02 6.576608866453170776e-02
2.372298389673233032e-02 5.640202015638351440e-02
2.203957736492156982e-02 5.522045493125915527e-02
2.240590751171112061e-02 5.905178934335708618e-02
2.524298429489135742e-02 6.375890970230102539e-02
2.506823837757110596e-02 6.647370755672454834e-02
3.314028307795524597e-02 7.221475988626480103e-02
2.778833732008934021e-02 6.384316086769104004e-02
2.690518647432327271e-02 7.657053321599960327e-02
2.321147546172142029e-02 7.336699217557907104e-02
2.346353605389595032e-02 6.797888129949569702e-02
2.296914532780647278e-02 7.500606030225753784e-02
1.949602365493774414e-02 7.211669534444808960e-02
2.476341277360916138e-02 8.110719174146652222e-02
2.103073522448539734e-02 7.106628268957138062e-02
1.987467706203460693e-02 6.922008842229843140e-02
2.305561676621437073e-02 7.374604791402816772e-02
1.748505234718322754e-02 7.306514680385589600e-02
2.377235144376754761e-02 6.503284722566604614e-02
3.552220761775970459e-02 7.333888858556747437e-02
2.587493509054183960e-02 5.681026726961135864e-02
1.718240603804588318e-02 3.796221688389778137e-02
1.667089015245437622e-02 4.480681195855140686e-02
1.619224250316619873e-02 4.786224663257598877e-02
1.890454068779945374e-02 5.688598006963729858e-02
1.908710971474647522e-02 5.077134817838668823e-02
2.907010167837142944e-02 5.044657737016677856e-02
2.927814796566963196e-02 6.460623443126678467e-02
2.725360542535781860e-02 7.269014418125152588e-02
2.312915027141571045e-02 6.540491431951522827e-02
2.733667939901351929e-02 7.148700207471847534e-02
2.172797918319702148e-02 7.188453525304794312e-02
1.722116023302078247e-02 5.863007158041000366e-02
1.771131157875061035e-02 7.439006865024566650e-02
1.376195251941680908e-02 4.074402153491973877e-02
4.650168120861053467e-03 2.971875295042991638e-02
1.556904613971710205e-02 5.307969450950622559e-02
3.888941556215286255e-02 7.307893037796020508e-02
2.738652005791664124e-02 7.601183652877807617e-02
3.379805013537406921e-02 9.197424352169036865e-02
2.101118490099906921e-02 8.121147751808166504e-02
2.163274586200714111e-02 7.753101736307144165e-02
2.778858318924903870e-02 7.728965580463409424e-02
1.791826635599136353e-02 6.546875834465026855e-02
2.388513088226318359e-02 8.959935605525970459e-02
3.229525685310363770e-02 9.153971076011657715e-02
2.495145052671432495e-02 6.075657159090042114e-02
1.648952811956405640e-02 5.536691844463348389e-02
9.252041578292846680e-03 4.155642911791801453e-02
2.089811488986015320e-02 5.468312650918960571e-02
7.095538079738616943e-03 3.841324150562286377e-02
1.658861711621284485e-02 4.932990670204162598e-02
2.145459130406379700e-02 3.216218948364257812e-02
2.124195545911788940e-02 3.128041326999664307e-02
2.337618917226791382e-02 5.678950995206832886e-02
3.173253685235977173e-02 4.488581791520118713e-02
3.914160281419754028e-02 5.633143335580825806e-02
4.723544418811798096e-02 5.992610752582550049e-02
2.893140539526939392e-02 3.713940456509590149e-02
1.895914971828460693e-02 4.590396583080291748e-02
2.491250634193420410e-02 6.142191588878631592e-02
2.618765085935592651e-02 5.121939629316329956e-02
9.736590087413787842e-03 7.077288627624511719e-02
1.393496990203857422e-02 6.528948992490768433e-02
8.896067738533020020e-04 2.554889023303985596e-02
2.182172611355781555e-02 5.600265413522720337e-02
2.582133188843727112e-02 7.841557264328002930e-02
9.861119091510772705e-03 3.447652608156204224e-02
1.081456616520881653e-02 5.377927422523498535e-02
1.507057249546051025e-02 4.824918508529663086e-02
1.253738999366760254e-02 4.565708711743354797e-02
1.599051058292388916e-02 4.565683007240295410e-02
1.173263415694236755e-02 4.882115125656127930e-02
1.728887856006622314e-02 5.970235913991928101e-02
1.812004297971725464e-02 6.578237563371658325e-02
1.634432375431060791e-02 5.226335674524307251e-02
1.444228738546371460e-02 5.352372676134109497e-02
1.684703677892684937e-02 5.789317935705184937e-02
1.225534453988075256e-02 5.406617373228073120e-02
1.810040324926376343e-02 5.905935913324356079e-02
1.176431030035018921e-02 5.374907702207565308e-02
8.354716002941131592e-03 4.509852826595306396e-02
1.004922389984130859e-02 5.051963776350021362e-02
1.632985472679138184e-02 5.753194540739059448e-02
2.085299044847488403e-02 5.847708135843276978e-02
1.653008162975311279e-02 5.631823092699050903e-02
1.099230349063873291e-02 5.029864609241485596e-02
1.290189847350120544e-02 4.535482823848724365e-02
1.560528203845024109e-02 4.884564504027366638e-02
1.618707180023193359e-02 5.346913635730743408e-02
1.583728939294815063e-02 5.323059856891632080e-02
1.224718987941741943e-02 4.533170908689498901e-02
1.407330110669136047e-02 5.924051254987716675e-02
1.165451109409332275e-02 4.800494015216827393e-02
1.534133031964302063e-02 5.013599246740341187e-02
8.296187967061996460e-03 3.886345028877258301e-02
1.479484140872955322e-02 5.092991143465042114e-02
2.037639170885086060e-02 4.943215847015380859e-02
1.360497623682022095e-02 6.004989147186279297e-02
1.377269998192787170e-02 4.511770606040954590e-02
1.347304880619049072e-02 5.542804300785064697e-02
1.134543120861053467e-02 4.604522883892059326e-02
1.250100880861282349e-02 5.293628573417663574e-02
1.792376488447189331e-02 5.051758885383605957e-02
1.693058758974075317e-02 5.126050114631652832e-02
1.672820001840591431e-02 4.790690541267395020e-02
1.544240489602088928e-02 5.371610075235366821e-02
3.226142749190330505e-02 6.924841552972793579e-02
1.453751325607299805e-02 3.538846224546432495e-02
2.709752321243286133e-02 2.645263820886611938e-02
1.237753778696060181e-02 4.037280008196830750e-02
1.761338114738464355e-02 5.961054563522338867e-02
1.782811805605888367e-02 1.023089513182640076e-01
2.349494770169258118e-02 2.612533047795295715e-02
6.511561572551727295e-03 4.025734215974807739e-02
1.071735471487045288e-02 3.763613104820251465e-02
-5.483552813529968262e-04 2.622780762612819672e-02
9.683493524789810181e-03 3.002102859318256378e-02
9.960301220417022705e-03 2.554162405431270599e-02
1.258236914873123169e-02 3.485301136970520020e-02
7.851842790842056274e-03 4.014038294553756714e-02
1.515769958496093750e-02 4.413332790136337280e-02
1.488222554326057434e-02 4.527111351490020752e-02
2.380090206861495972e-02 5.199640244245529175e-02
2.064027637243270874e-02 1.037708818912506104e-01
6.562650203704833984e-03 5.851954221725463867e-02
-1.527167856693267822e-03 3.397813439369201660e-02
3.538745641708374023e-02 4.453320801258087158e-02
2.051314711570739746e-02 5.015514791011810303e-02
2.342001721262931824e-02 5.818210542201995850e-02
8.857242763042449951e-03 5.236804485321044922e-02
1.020348817110061646e-02 5.072371289134025574e-02
1.034936308860778809e-02 4.653209447860717773e-02
1.280119270086288452e-02 5.991964787244796753e-02
1.496443152427673340e-02 7.137223333120346069e-02
1.206286996603012085e-02 4.789097979664802551e-02
6.038740277290344238e-03 4.071960598230361938e-02
9.636130183935165405e-03 4.286465793848037720e-02
9.257216006517410278e-03 4.310649633407592773e-02
1.007912307977676392e-02 4.273349046707153320e-02
2.132885158061981201e-02 6.323206424713134766e-02
9.158171713352203369e-03 4.239549487829208374e-02
5.859740078449249268e-03 2.940338291227817535e-02
1.335730403661727905e-02 6.097973138093948364e-02
1.175913959741592407e-02 5.358640849590301514e-02
1.439724490046501160e-02 6.025952845811843872e-02
1.165976002812385559e-02 5.944082140922546387e-02
1.087072491645812988e-02 6.305826455354690552e-02
1.624419167637825012e-02 6.625220179557800293e-02
1.608911529183387756e-02 6.637850403785705566e-02
1.478770002722740173e-02 5.560421943664550781e-02
8.282005786895751953e-03 4.975298047065734863e-02
1.394131407141685486e-02 5.140706896781921387e-02
1.122126355767250061e-02 5.493853986263275146e-02
1.112332940101623535e-02 5.207031220197677612e-02
1.530238986015319824e-02 5.742684751749038696e-02
2.415111660957336426e-02 7.530929893255233765e-02
2.385019510984420776e-02 7.018761336803436279e-02
2.308250218629837036e-02 7.226197421550750732e-02
1.768454164266586304e-02 5.131071805953979492e-02
1.672734320163726807e-02 4.886962845921516418e-02
2.101645618677139282e-02 5.712562799453735352e-02
2.450438588857650757e-02 7.092572003602981567e-02
3.093666955828666687e-02 7.313472032546997070e-02
2.558705955743789673e-02 5.831998586654663086e-02
1.597424596548080444e-02 5.203367769718170166e-02
1.294885948300361633e-02 5.071154236793518066e-02
9.078454226255416870e-03 5.078770220279693604e-02
1.721568033099174500e-02 7.551112025976181030e-02
1.299019902944564819e-02 4.357082396745681763e-02
1.733762398362159729e-02 5.751272290945053101e-02
1.475973427295684814e-02 5.242329090833663940e-02
1.451369747519493103e-02 5.087007582187652588e-02
1.342699676752090454e-02 4.491067677736282349e-02
9.665951132774353027e-03 5.034280568361282349e-02
2.342953905463218689e-02 7.362516224384307861e-02
1.295419782400131226e-02 4.938807338476181030e-02
1.938603818416595459e-02 6.587027013301849365e-02
1.989611238241195679e-02 5.719996988773345947e-02
1.496032625436782837e-02 5.585615336894989014e-02
2.401097118854522705e-02 6.267066299915313721e-02
1.024825125932693481e-02 5.428973585367202759e-02
1.771831512451171875e-02 5.005066841840744019e-02
1.020086929202079773e-02 4.520513489842414856e-02
1.667876541614532471e-02 5.700942873954772949e-02
1.253072172403335571e-02 4.135914891958236694e-02
1.227473467588424683e-02 4.334764927625656128e-02
1.053605228662490845e-02 4.220621287822723389e-02
1.404424011707305908e-02 4.529086127877235413e-02
1.423287391662597656e-02 4.895256832242012024e-02
2.207058295607566833e-02 7.476513832807540894e-02
1.555738598108291626e-02 6.341082602739334106e-02
8.951369673013687134e-03 4.363443702459335327e-02
1.424718648195266724e-02 5.660901963710784912e-02
1.259944960474967957e-02 4.157087206840515137e-02
1.264610886573791504e-02 5.163571238517761230e-02
1.128681004047393799e-02 4.974103346467018127e-02
1.142469793558120728e-02 4.156567901372909546e-02
1.847898215055465698e-02 4.910386353731155396e-02
1.484574377536773682e-02 5.554968863725662231e-02
1.764415204524993896e-02 5.298387259244918823e-02
1.443418487906455994e-02 5.758386105298995972e-02
1.342417299747467041e-02 5.045192688703536987e-02
1.272844895720481873e-02 3.632498532533645630e-02
1.598447561264038086e-02 5.565736442804336548e-02
1.804103702306747437e-02 5.414556711912155151e-02
1.428818330168724060e-02 5.090291798114776611e-02
1.815015822649002075e-02 5.153308063745498657e-02
1.372849568724632263e-02 4.485663771629333496e-02
1.620069891214370728e-02 5.365971475839614868e-02
1.306268572807312012e-02 5.261117964982986450e-02
2.025818824768066406e-02 5.719852447509765625e-02
1.522091031074523926e-02 4.035216569900512695e-02
1.860629022121429443e-02 4.907829686999320984e-02
1.263592764735221863e-02 4.152443632483482361e-02
1.236619055271148682e-02 4.385167360305786133e-02
1.440691202878952026e-02 4.150976985692977905e-02
1.546767354011535645e-02 4.221630468964576721e-02
1.246376335620880127e-02 3.156189620494842529e-02
1.464761793613433838e-02 5.149807780981063843e-02
9.602472186088562012e-03 4.158223420381546021e-02
1.425075158476829529e-02 5.961112678050994873e-02
1.661488786339759827e-02 5.771128833293914795e-02
1.704165339469909668e-02 4.361769556999206543e-02
1.329486817121505737e-02 4.616915434598922729e-02
1.071591675281524658e-02 4.357383400201797485e-02
1.182678341865539551e-02 5.192890018224716187e-02
1.078978180885314941e-02 4.467446357011795044e-02
1.455016061663627625e-02 4.997710883617401123e-02
1.352465897798538208e-02 5.196914821863174438e-02
1.944473385810852051e-02 6.478293985128402710e-02
2.077013626694679260e-02 6.601578742265701294e-02
2.018845081329345703e-02 6.895647943019866943e-02
1.635671779513359070e-02 6.501328945159912109e-02
1.748754456639289856e-02 6.044339388608932495e-02
2.257618308067321777e-02 6.135915219783782959e-02
1.746134087443351746e-02 5.388384312391281128e-02
1.864608749747276306e-02 6.000913679599761963e-02
1.796485111117362976e-02 5.419594049453735352e-02
2.032618224620819092e-02 6.456267088651657104e-02
2.701747417449951172e-02 7.457867264747619629e-02
1.987125352025032043e-02 6.111302226781845093e-02
1.801788061857223511e-02 5.984716117382049561e-02
2.471113204956054688e-02 6.088299304246902466e-02
2.351016178727149963e-02 7.108539342880249023e-02
2.408805862069129944e-02 6.882821768522262573e-02
2.152721583843231201e-02 5.574803799390792847e-02
2.019280195236206055e-02 4.833580181002616882e-02
2.606654912233352661e-02 6.848515570163726807e-02
2.387303858995437622e-02 5.844818800687789917e-02
2.226426452398300171e-02 5.823797732591629028e-02
2.370818704366683960e-02 4.835285246372222900e-02
2.443522214889526367e-02 4.846706986427307129e-02
1.666267588734626770e-02 4.313860461115837097e-02
1.661179214715957642e-02 4.870999231934547424e-02
1.884258538484573364e-02 6.568524986505508423e-02
1.254474371671676636e-02 5.764922499656677246e-02
1.649018377065658569e-02 5.011664330959320068e-02
1.094698905944824219e-02 3.967785835266113281e-02
1.386740058660507202e-02 4.799598827958106995e-02
1.733347773551940918e-03 2.761149778962135315e-02
1.003541052341461182e-02 4.413922876119613647e-02
1.706277579069137573e-02 5.403427034616470337e-02
1.114024594426155090e-02 5.025431513786315918e-02
1.401833444833755493e-02 4.762713611125946045e-02
1.592783257365226746e-02 5.066089332103729248e-02
9.469989687204360962e-03 4.357661306858062744e-02
1.347076520323753357e-02 4.847694933414459229e-02
1.194153353571891785e-02 4.715253785252571106e-02
1.379664987325668335e-02 5.217813700437545776e-02
1.603597402572631836e-02 5.572521686553955078e-02
1.633001863956451416e-02 5.773642659187316895e-02
1.584663614630699158e-02 5.223648250102996826e-02
1.463516801595687866e-02 5.381993204355239868e-02
1.498475298285484314e-02 5.785974860191345215e-02
2.000015228986740112e-02 6.010245531797409058e-02
1.747371256351470947e-02 5.375171452760696411e-02
1.340531930327415466e-02 4.906878620386123657e-02
1.427203789353370667e-02 5.000252276659011841e-02
1.225515082478523254e-02 5.447100102901458740e-02
1.880753412842750549e-02 5.614153295755386353e-02
1.289156079292297363e-02 5.122487246990203857e-02
1.737433299422264099e-02 6.603405624628067017e-02
1.902309060096740723e-02 6.693436950445175171e-02
1.716862618923187256e-02 5.891795456409454346e-02
2.237533405423164368e-02 5.842010676860809326e-02
1.961905136704444885e-02 5.742043256759643555e-02
2.263946831226348877e-02 5.487471073865890503e-02
1.417776569724082947e-02 4.770606383681297302e-02
1.373852044343948364e-02 4.430599510669708252e-02
1.341785490512847900e-02 5.484949797391891479e-02
2.043040469288825989e-02 5.856233090162277222e-02
8.338846266269683838e-03 3.741400316357612610e-02
6.296515464782714844e-03 3.268154710531234741e-02
1.608426496386528015e-02 6.388309597969055176e-02
7.431637495756149292e-03 4.496383666992187500e-02
1.652376353740692139e-02 4.470077902078628540e-02
2.101896703243255615e-02 4.912293702363967896e-02
2.764607965946197510e-02 6.373365968465805054e-02
2.166198194026947021e-02 6.277024745941162109e-02
1.883896812796592712e-02 5.519077181816101074e-02
1.708779856562614441e-02 4.563046991825103760e-02
2.233480662107467651e-02 5.248892307281494141e-02
2.722547203302383423e-02 6.001341342926025391e-02
2.643410861492156982e-02 5.570842325687408447e-02
2.825776487588882446e-02 6.362984329462051392e-02
2.617319673299789429e-02 4.718215763568878174e-02
2.464025840163230896e-02 4.127326235175132751e-02
2.110179886221885681e-02 3.394462168216705322e-02
2.068469673395156860e-02 5.589071661233901978e-02
3.264199197292327881e-02 6.090357154607772827e-02
2.244999259710311890e-02 4.305805265903472900e-02
4.086640477180480957e-02 3.592643514275550842e-02
2.013993263244628906e-02 4.936028271913528442e-02
1.394486054778099060e-02 6.629040837287902832e-02
8.651874959468841553e-03 8.151674270629882812e-02
2.829251810908317566e-02 5.440925806760787964e-02
1.099653169512748718e-02 1.328551396727561951e-02
2.602329850196838379e-02 6.479930877685546875e-02
9.893909096717834473e-03 4.352547228336334229e-02
1.187366992235183716e-02 3.779550269246101379e-02
1.081902533769607544e-02 3.879393637180328369e-02
9.463835507631301880e-03 4.164693132042884827e-02
3.491528332233428955e-03 3.019975125789642334e-02
1.742074638605117798e-02 4.288318753242492676e-02
2.651792764663696289e-02 4.076851904392242432e-02
2.801915258169174194e-02 5.690267682075500488e-02
2.427288517355918884e-02 1.078068688511848450e-01
2.580780535936355591e-02 5.464243143796920776e-02
8.517652750015258789e-03 3.016710653901100159e-02
2.561299502849578857e-02 3.701125830411911011e-02
7.672373205423355103e-03 4.385900497436523438e-02
2.926035039126873016e-02 6.944752484560012817e-02
1.245165243744850159e-02 4.784037172794342041e-02
1.549503952264785767e-02 5.086588114500045776e-02
1.990649849176406860e-02 5.754537880420684814e-02
1.164411753416061401e-02 4.267050698399543762e-02
1.715467125177383423e-02 5.672924220561981201e-02
9.583301842212677002e-03 4.126990586519241333e-02
1.391224563121795654e-02 4.884774982929229736e-02
1.111694425344467163e-02 4.790769517421722412e-02
2.026740461587905884e-02 5.578589439392089844e-02
1.350723206996917725e-02 5.409948527812957764e-02
1.085958629846572876e-02 4.941383004188537598e-02
1.325606554746627808e-02 5.282858014106750488e-02
1.255638152360916138e-02 5.266889184713363647e-02
1.009358465671539307e-02 5.356909334659576416e-02
1.225245371460914612e-02 4.672896862030029297e-02
1.162257790565490723e-02 5.244585871696472168e-02
1.351447403430938721e-02 5.113995820283889771e-02
1.480465009808540344e-02 5.751664191484451294e-02
1.869761943817138672e-02 5.930374562740325928e-02
1.651409640908241272e-02 5.826552212238311768e-02
1.712893694639205933e-02 5.526537448167800903e-02
1.707362383604049683e-02 5.953462421894073486e-02
1.491871103644371033e-02 5.320797115564346313e-02
1.544739305973052979e-02 5.717341601848602295e-02
1.420577988028526306e-02 5.349209159612655640e-02
1.612203195691108704e-02 5.714309215545654297e-02
1.283683255314826965e-02 5.523014813661575317e-02
1.553388684988021851e-02 5.490136891603469849e-02
1.911934837698936462e-02 5.903030186891555786e-02
1.483429223299026489e-02 5.277655273675918579e-02
1.600550860166549683e-02 5.665138363838195801e-02
1.594795286655426025e-02 5.953738093376159668e-02
1.879864558577537537e-02 6.293893605470657349e-02
1.806769520044326782e-02 6.046182662248611450e-02
1.727731898427009583e-02 5.465672165155410767e-02
1.825789362192153931e-02 5.924229323863983154e-02
1.525060087442398071e-02 5.214712768793106079e-02
1.826464384794235229e-02 5.405972898006439209e-02
1.503557711839675903e-02 5.242557823657989502e-02
1.864906400442123413e-02 6.095212697982788086e-02
1.818828284740447998e-02 5.682190507650375366e-02
1.664500311017036438e-02 6.215034425258636475e-02
1.404434069991111755e-02 5.600782483816146851e-02
1.893127709627151489e-02 5.812386423349380493e-02
1.975257694721221924e-02 6.737676262855529785e-02
2.328288555145263672e-02 6.713069230318069458e-02
1.575376838445663452e-02 6.150694936513900757e-02
1.881687715649604797e-02 6.163121014833450317e-02
1.833162456750869751e-02 5.818282067775726318e-02
1.716915145516395569e-02 6.119021773338317871e-02
1.547440141439437866e-02 5.290295183658599854e-02
1.989480853080749512e-02 5.783022195100784302e-02
2.764868363738059998e-02 7.871945202350616455e-02
2.285127714276313782e-02 6.208679825067520142e-02
2.065557986497879028e-02 6.767721474170684814e-02
1.482110470533370972e-02 6.253106892108917236e-02
1.745571196079254150e-02 5.090638250112533569e-02
1.405529677867889404e-02 5.300726741552352905e-02
2.210931107401847839e-02 6.723640859127044678e-02
1.484006643295288086e-02 5.689579993486404419e-02
1.551812142133712769e-02 6.796164065599441528e-02
1.023972034454345703e-02 5.460075289011001587e-02
1.537663117051124573e-02 5.707093328237533569e-02
1.658957451581954956e-02 5.982204526662826538e-02
1.662221923470497131e-02 4.963428899645805359e-02
2.009832486510276794e-02 5.804061889648437500e-02
3.048238903284072876e-02 6.223196536302566528e-02
1.751130819320678711e-02 4.988322407007217407e-02
1.649134606122970581e-02 8.753085508942604065e-03
-7.120788097381591797e-03 6.906330585479736328e-02
3.246843814849853516e-02 8.211354166269302368e-02
2.583833783864974976e-02 1.109171286225318909e-01
1.473507285118103027e-02 1.086949557065963745e-02
2.159049734473228455e-02 4.751531779766082764e-02
1.584919914603233337e-02 5.968312174081802368e-02
2.601947635412216187e-03 5.259818583726882935e-02
1.248672604560852051e-02 4.620078951120376587e-02
1.265152171254158020e-02 5.149150639772415161e-02
1.965579390525817871e-02 6.886312365531921387e-02
6.304912269115447998e-03 4.820672422647476196e-02
1.633341237902641296e-02 6.216164678335189819e-02
3.607892990112304688e-02 5.902657657861709595e-02
2.805167064070701599e-02 7.076384872198104858e-02
2.192107960581779480e-02 1.195605546236038208e-01
1.970890909433364868e-03 7.710156589746475220e-02
5.553305149078369141e-03 3.910193219780921936e-02
2.710688859224319458e-02 5.662588775157928467e-02
1.835366338491439819e-02 4.487188160419464111e-02
2.863165736198425293e-02 5.773758143186569214e-02
1.623049378395080566e-02 6.581503897905349731e-02
1.531688496470451355e-02 6.166349351406097412e-02
1.984342187643051147e-02 7.211852073669433594e-02
2.698809280991554260e-02 5.975754559040069580e-02
2.567673847079277039e-02 6.540269404649734497e-02
1.865139231085777283e-02 5.530524998903274536e-02
1.604377478361129761e-02 6.228637695312500000e-02
1.361934468150138855e-02 6.189378350973129272e-02
1.153968274593353271e-02 6.965242326259613037e-02
3.530412912368774414e-03 5.605249851942062378e-02
2.732306718826293945e-03 5.173669010400772095e-02
2.368226647377014160e-03 4.939757660031318665e-02
3.609426319599151611e-03 3.373282402753829956e-02
1.168157160282135010e-02 5.628924816846847534e-02
1.403111964464187622e-02 4.804860055446624756e-02
2.082077413797378540e-02 4.527485370635986328e-02
1.681505143642425537e-02 3.025526739656925201e-02
7.899887859821319580e-03 3.809105604887008667e-02
7.254980504512786865e-03 2.352046966552734375e-02
1.541729271411895752e-02 3.144484758377075195e-02
1.495561003684997559e-02 2.884315326809883118e-02
1.141329109668731689e-02 4.215648770332336426e-02
2.658329904079437256e-03 3.635382279753684998e-02
4.886835813522338867e-03 3.746816515922546387e-02
1.291166245937347412e-02 4.841540008783340454e-02
8.749261498451232910e-03 5.091435462236404419e-02
1.434899866580963135e-02 6.223899126052856445e-02
1.175664365291595459e-02 5.186908692121505737e-02
1.815048605203628540e-02 5.507447570562362671e-02
1.983677968382835388e-02 4.470957070589065552e-02
1.444001495838165283e-02 3.679437935352325439e-02
1.784792542457580566e-02 4.153448343276977539e-02
1.832739263772964478e-02 4.264255613088607788e-02
2.431730926036834717e-02 6.205476075410842896e-02
2.348332852125167847e-02 4.679912328720092773e-02
2.473276108503341675e-02 6.144139915704727173e-02
2.131497114896774292e-02 4.693953692913055420e-02
1.739667356014251709e-02 5.725476890802383423e-02
2.203686535358428955e-02 5.870700627565383911e-02
1.076055318117141724e-02 4.863257706165313721e-02
1.126841828227043152e-02 5.163766443729400635e-02
9.193152189254760742e-03 3.536328673362731934e-02
3.429666161537170410e-03 2.459665015339851379e-02
1.052918285131454468e-02 2.135489694774150848e-02
8.674614131450653076e-03 6.361812353134155273e-03
4.935499280691146851e-03 3.125590085983276367e-02
1.660377904772758484e-02 3.480058163404464722e-02
7.613118737936019897e-03 3.424035012722015381e-02
2.057086303830146790e-02 5.078409612178802490e-02
1.847127079963684082e-02 5.373194813728332520e-02
1.071000844240188599e-02 4.181253165006637573e-02
1.504629105329513550e-02 4.907948523759841919e-02
1.778258755803108215e-02 5.403246730566024780e-02
2.090953290462493896e-02 6.360202282667160034e-02
1.443486660718917847e-02 6.433723866939544678e-02
1.771230250597000122e-02 6.468323618173599243e-02
1.420802623033523560e-02 6.117215007543563843e-02
1.780832558870315552e-02 6.636227667331695557e-02
1.352390274405479431e-02 5.255904793739318848e-02
1.300147175788879395e-02 5.669486522674560547e-02
1.144151389598846436e-02 4.705975204706192017e-02
1.544264703989028931e-02 6.007444858551025391e-02
1.429205387830734253e-02 5.439864099025726318e-02
1.621453464031219482e-02 4.860989004373550415e-02
1.195030659437179565e-02 4.939875751733779907e-02
1.379656791687011719e-02 3.993009775876998901e-02
1.400765776634216309e-02 5.077256262302398682e-02
1.912819221615791321e-02 6.689787656068801880e-02
2.068165317177772522e-02 4.347095638513565063e-02
1.031146943569183350e-02 4.475020244717597961e-02
3.423055261373519897e-02 4.121044278144836426e-02
6.245680153369903564e-03 3.861853480339050293e-02
8.767142891883850098e-03 7.225575298070907593e-02
1.639610528945922852e-02 9.948383271694183350e-02
2.919876016676425934e-02 6.837030500173568726e-02
1.188319548964500427e-02 4.727388918399810791e-02
1.198446378111839294e-02 6.970974057912826538e-02
1.063209027051925659e-03 4.130571708083152771e-02
9.646862745285034180e-03 4.877004027366638184e-02
2.142400667071342468e-02 5.753605812788009644e-02
2.643737569451332092e-02 6.404811143875122070e-02
4.303604364395141602e-03 4.950089007616043091e-02
2.097497135400772095e-02 5.180360376834869385e-02
2.188877016305923462e-02 4.551908373832702637e-02
2.283363044261932373e-02 4.121971875429153442e-02
2.311961352825164795e-02 1.099000051617622375e-01
2.533695846796035767e-02 6.833141297101974487e-02
7.345326244831085205e-03 3.709701821208000183e-02
1.802754774689674377e-02 2.508539333939552307e-02
6.557147949934005737e-03 3.652624040842056274e-02
3.053198941051959991e-02 6.802474707365036011e-02
1.289036870002746582e-02 5.382570624351501465e-02
1.476367563009262085e-02 5.668094009160995483e-02
1.606746017932891846e-02 5.827042460441589355e-02
1.563861966133117676e-02 4.727228358387947083e-02
1.450161635875701904e-02 5.192798376083374023e-02
1.559404283761978149e-02 6.241498887538909912e-02
1.582596078515052795e-02 5.883063375949859619e-02
2.128933742642402649e-02 6.324305385351181030e-02
1.817924901843070984e-02 6.047355383634567261e-02
1.625391840934753418e-02 5.303547531366348267e-02
1.124415546655654907e-02 5.020824447274208069e-02
1.801998168230056763e-02 6.296126544475555420e-02
1.848132908344268799e-02 6.373774260282516479e-02
1.987935602664947510e-02 6.735805422067642212e-02
1.281095296144485474e-02 6.165985763072967529e-02
1.168618351221084595e-02 6.471835076808929443e-02
1.819723844528198242e-02 6.363446265459060669e-02
1.310599967837333679e-02 6.427194178104400635e-02
2.395488321781158447e-02 7.000942528247833252e-02
1.796022057533264160e-02 5.689825117588043213e-02
2.170803770422935486e-02 6.077722460031509399e-02
1.950038969516754150e-02 5.448677390813827515e-02
1.992056518793106079e-02 5.868427455425262451e-02
1.968258619308471680e-02 6.606137752532958984e-02
2.738942205905914307e-02 7.461640238761901855e-02
2.101147547364234924e-02 6.920571625232696533e-02
1.393240317702293396e-02 6.060239672660827637e-02
1.161945611238479614e-02 4.923466220498085022e-02
2.189021930098533630e-02 6.240164488554000854e-02
2.058689296245574951e-02 7.298093289136886597e-02
5.189463496208190918e-03 4.621253162622451782e-02
1.124096661806106567e-02 4.922228306531906128e-02
1.584188640117645264e-02 6.828262656927108765e-02
1.791881024837493896e-02 6.469863653182983398e-02
9.281054139137268066e-03 5.520860105752944946e-02
1.192244887351989746e-02 5.122780054807662964e-02
1.779073849320411682e-02 6.516978144645690918e-02
2.478264272212982178e-02 7.414533197879791260e-02
2.334348112344741821e-02 7.770764082670211792e-02
2.094830945134162903e-02 7.821298390626907349e-02
2.732435241341590881e-02 9.761910885572433472e-02
3.045934066176414490e-02 1.079696267843246460e-01
2.994082123041152954e-02 1.111363917589187622e-01
2.903771400451660156e-02 9.285178780555725098e-02
3.406030312180519104e-02 7.852323353290557861e-02
3.172243386507034302e-02 6.608014553785324097e-02
1.576201617717742920e-02 4.424918442964553833e-02
2.203541249036788940e-02 3.803497552871704102e-02
2.764977887272834778e-02 5.076947063207626343e-02
2.296976000070571899e-02 5.142286419868469238e-02
2.849088609218597412e-02 4.505005478858947754e-02
2.704047411680221558e-02 7.282526046037673950e-02
4.177001863718032837e-02 6.536906212568283081e-02
2.523653954267501831e-02 5.843184143304824829e-02
3.810129314661026001e-02 5.965777486562728882e-02
1.759110018610954285e-02 5.884822458028793335e-02
2.847182750701904297e-02 9.463232755661010742e-02
3.267276659607887268e-02 1.166187822818756104e-01
2.545876055955886841e-02 5.818238854408264160e-02
1.171492040157318115e-03 -9.359650313854217529e-03
2.799840271472930908e-02 6.996167451143264771e-02
6.215091794729232788e-03 4.447479173541069031e-02
1.305615901947021484e-02 5.509190261363983154e-02
1.462412625551223755e-02 6.141066551208496094e-02
1.943763345479965210e-02 6.277830153703689575e-02
4.834800958633422852e-03 4.232957214117050171e-02
2.112223953008651733e-02 5.714423209428787231e-02
1.600630208849906921e-02 4.794595390558242798e-02
2.490212768316268921e-02 5.564278364181518555e-02
2.626483887434005737e-02 1.262771487236022949e-01
2.320517599582672119e-02 7.858981192111968994e-02
2.632743865251541138e-02 1.823179796338081360e-02
2.452926710247993469e-02 4.098867624998092651e-02
1.679296791553497314e-02 5.218810588121414185e-02
3.667374327778816223e-02 7.381057739257812500e-02
1.843255758285522461e-02 6.080330163240432739e-02
2.459524571895599365e-02 7.064589858055114746e-02
1.981611922383308411e-02 6.262610107660293579e-02
1.033340767025947571e-02 4.323195666074752808e-02
1.894950121641159058e-02 6.797496229410171509e-02
1.652577519416809082e-02 7.388560473918914795e-02
1.340016350150108337e-02 6.570845842361450195e-02
1.273448392748832703e-02 5.390647053718566895e-02
2.125024795532226562e-02 6.811711192131042480e-02
1.866853237152099609e-02 5.631744861602783203e-02
1.925765722990036011e-02 4.388054832816123962e-02
1.468944922089576721e-02 5.390372127294540405e-02
1.617526262998580933e-02 4.905463010072708130e-02
1.615237444639205933e-02 6.295739859342575073e-02
2.021160721778869629e-02 6.378448009490966797e-02
1.730809733271598816e-02 6.001257896423339844e-02
1.815812662243843079e-02 5.797952413558959961e-02
1.617515459656715393e-02 4.973793774843215942e-02
1.778710633516311646e-02 5.999115109443664551e-02
1.939634978771209717e-02 5.013582482933998108e-02
2.599367499351501465e-02 6.268821656703948975e-02
1.550337299704551697e-02 5.171445757150650024e-02
1.641989126801490784e-02 4.235327243804931641e-02
1.858098059892654419e-02 5.285336822271347046e-02
1.267651841044425964e-02 5.197128653526306152e-02
2.334212139248847961e-02 5.660244077444076538e-02
2.169295027852058411e-02 6.481510400772094727e-02
2.138277515769004822e-02 5.806139856576919556e-02
1.567971706390380859e-02 5.111389607191085815e-02
2.138701081275939941e-02 6.533247977495193481e-02
2.120632305741310120e-02 5.337642133235931396e-02
2.704648673534393311e-02 6.440665572881698608e-02
2.135141193866729736e-02 6.373853981494903564e-02
1.844642311334609985e-02 5.794211477041244507e-02
1.442083716392517090e-02 5.628311634063720703e-02
1.482654362916946411e-02 5.759888887405395508e-02
1.371440291404724121e-02 6.019676476716995239e-02
9.655985981225967407e-03 4.692088440060615540e-02
1.262838765978813171e-02 4.894319549202919006e-02
1.084405928850173950e-02 4.814063012599945068e-02
1.149006187915802002e-02 4.840370267629623413e-02
1.267966628074645996e-02 5.155903846025466919e-02
1.420234143733978271e-02 4.926618933677673340e-02
1.057441532611846924e-02 4.067471623420715332e-02
1.380437985062599182e-02 4.330090433359146118e-02
1.479295641183853149e-02 5.702912062406539917e-02
1.267527043819427490e-02 5.476830899715423584e-02
1.023937761783599854e-02 5.395958572626113892e-02
1.039918884634971619e-02 5.369020998477935791e-02
9.416725486516952515e-03 4.555846750736236572e-02
1.376937329769134521e-02 5.178225040435791016e-02
1.695238798856735229e-02 6.384303420782089233e-02
1.716137677431106567e-02 5.673735588788986206e-02
6.509840488433837891e-03 3.942630067467689514e-02
3.225699067115783691e-03 4.966256394982337952e-02
1.220780238509178162e-02 6.040146946907043457e-02
5.327843129634857178e-03 4.215727001428604126e-02
1.387122273445129395e-02 6.160986423492431641e-02
1.192560791969299316e-02 5.232436209917068481e-02
1.711852103471755981e-02 5.872587859630584717e-02
6.232969462871551514e-03 5.486220866441726685e-02
1.476118341088294983e-02 6.422263383865356445e-02
-6.423294544219970703e-04 4.280315339565277100e-02
1.010595262050628662e-02 7.150022685527801514e-02
1.637420058250427246e-02 7.253967970609664917e-02
2.058668434619903564e-02 5.779800564050674438e-02
1.967175304889678955e-02 5.943378806114196777e-02
1.375466585159301758e-02 4.989244416356086731e-02
2.173324674367904663e-02 7.909960299730300903e-02
-5.563229322433471680e-03 4.355991631746292114e-02
-1.658380031585693359e-03 1.152552850544452667e-02
-2.251356840133666992e-02 9.530315548181533813e-02
3.079723939299583435e-02 1.072146296501159668e-01
-2.710297703742980957e-03 1.011576578021049500e-01
1.603934913873672485e-03 2.188732475042343140e-02
2.118030562996864319e-02 8.026777952909469604e-02
4.377305507659912109e-03 6.044600158929824829e-02
-1.355119794607162476e-02 4.842037707567214966e-02
3.436878323554992676e-04 8.202547580003738403e-02
3.694638609886169434e-03 7.006066292524337769e-02
5.127120763063430786e-03 7.905718684196472168e-02
-6.469994783401489258e-03 5.850804597139358521e-02
7.758922874927520752e-03 7.808408886194229126e-02
4.455160349607467651e-03 3.198133409023284912e-02
3.267560899257659912e-02 8.973430097103118896e-02
3.302621096372604370e-02 1.330872625112533569e-01
3.502145409584045410e-05 6.538581848144531250e-02
5.844272673130035400e-03 4.201549664139747620e-02
2.050408348441123962e-02 6.430172920227050781e-02
1.340901851654052734e-02 8.144348859786987305e-02
1.841820031404495239e-02 6.930101662874221802e-02
7.602602243423461914e-03 6.864414364099502563e-02
1.293646544218063354e-02 8.531947433948516846e-02
2.146189287304878235e-02 8.173848688602447510e-02
1.012128591537475586e-02 7.245292514562606812e-02
9.360253810882568359e-03 5.128543078899383545e-02
9.853072464466094971e-03 5.592033267021179199e-02
5.626022815704345703e-03 5.047871544957160950e-02
3.813467919826507568e-03 4.008402675390243530e-02
5.732290446758270264e-03 4.318553209304809570e-02
1.037445664405822754e-02 4.830754548311233521e-02
1.298249885439872742e-02 4.368284344673156738e-02
1.065266877412796021e-02 6.652528047561645508e-02
1.988613605499267578e-02 5.904989689588546753e-02
1.657003909349441528e-02 7.260833680629730225e-02
1.670086383819580078e-02 6.650949269533157349e-02
2.622172236442565918e-03 5.136486142873764038e-02
3.576286137104034424e-03 5.099856108427047729e-02
1.631821691989898682e-02 4.179850965738296509e-02
3.390967845916748047e-03 3.328302502632141113e-02
3.421388566493988037e-03 4.255957156419754028e-02
9.450688958168029785e-05 1.299598067998886108e-02
9.957686066627502441e-03 4.199067503213882446e-02
-1.534432917833328247e-02 -1.573221944272518158e-02
-1.106426119804382324e-03 -6.158964708447456360e-03
3.642007708549499512e-03 2.197612449526786804e-02
7.582172751426696777e-03 3.887965530157089233e-02
6.279580295085906982e-03 2.388890087604522705e-02
1.387314498424530029e-02 7.969661802053451538e-02
1.237131655216217041e-03 6.394304335117340088e-02
3.881782293319702148e-03 5.611031502485275269e-02
1.307190954685211182e-02 5.156593024730682373e-02
5.911000072956085205e-03 3.327133879065513611e-02
-4.940390586853027344e-03 8.370443247258663177e-03
9.017288684844970703e-04 3.009571880102157593e-02
6.446689367294311523e-03 2.526451088488101959e-02
8.941695094108581543e-03 5.101892352104187012e-02
6.337173283100128174e-03 4.139634221792221069e-02
6.469443440437316895e-03 2.843295410275459290e-02
3.173254430294036865e-03 1.522335596382617950e-02
7.547605782747268677e-03 3.409762680530548096e-02
7.740154862403869629e-03 3.649228066205978394e-02
8.350908756256103516e-03 3.588973730802536011e-02
7.505290210247039795e-03 2.641538530588150024e-02
-1.579076051712036133e-04 1.434014178812503815e-02
8.648127317428588867e-03 1.358516141772270203e-02
1.104993373155593872e-02 2.549091726541519165e-02
2.337597310543060303e-03 1.369812898337841034e-02
3.590740263462066650e-03 2.775300480425357819e-02
3.767952322959899902e-03 3.163597360253334045e-02
9.351048618555068970e-03 3.119438141584396362e-02
3.524348139762878418e-04 3.186848759651184082e-02
1.155448332428932190e-02 4.300278425216674805e-02
1.157836988568305969e-02 5.020591989159584045e-02
7.490288466215133667e-03 2.868113294243812561e-02
1.851612329483032227e-02 4.453052952885627747e-02
-1.774266362190246582e-03 4.022218286991119385e-02
6.272178143262863159e-03 3.332951664924621582e-02
1.562739163637161255e-02 5.707368254661560059e-02
1.213642209768295288e-02 2.794004417955875397e-02
1.171702891588211060e-02 5.136251449584960938e-02
1.385421305894851685e-02 5.155465006828308105e-02
1.151870191097259521e-02 4.580370709300041199e-02
1.256068795919418335e-02 5.005811154842376709e-02
1.065962016582489014e-02 6.381960958242416382e-02
9.201582521200180054e-03 6.080610305070877075e-02
-6.646737456321716309e-04 3.469643741846084595e-02
1.356877014040946960e-02 6.525404751300811768e-02
7.998898625373840332e-03 3.546677529811859131e-02
8.217494934797286987e-03 4.168427735567092896e-02
2.117177098989486694e-02 6.198222190141677856e-02
1.600547134876251221e-02 6.156320869922637939e-02
4.345238208770751953e-03 3.142635151743888855e-02
-1.421517878770828247e-02 8.402724564075469971e-02
3.438843414187431335e-02 9.540212899446487427e-02
9.702406823635101318e-03 8.796667307615280151e-02
2.202674746513366699e-03 1.319134794175624847e-02
1.059382036328315735e-02 7.200052589178085327e-02
1.115970313549041748e-02 4.152307659387588501e-02
1.076484471559524536e-02 5.876629054546356201e-02
8.171208202838897705e-03 2.638693712651729584e-02
1.447769254446029663e-02 2.628934383392333984e-02
1.072132587432861328e-02 4.412266612052917480e-02
3.070455044507980347e-03 3.620635718107223511e-02
1.261008903384208679e-02 4.429045692086219788e-02
4.113575816154479980e-02 5.656108260154724121e-02
3.081018105149269104e-02 4.982242733240127563e-02
3.224692493677139282e-02 1.075671091675758362e-01
4.184957593679428101e-03 5.431800335645675659e-02
5.338869988918304443e-03 1.182525884360074997e-02
2.079436928033828735e-02 5.535210669040679932e-02
2.259259670972824097e-02 4.891793057322502136e-02
2.722993493080139160e-02 5.331056565046310425e-02
8.089683949947357178e-03 3.762536868453025818e-02
1.187259703874588013e-02 4.111802205443382263e-02
9.127609431743621826e-03 3.863400965929031372e-02
1.240109652280807495e-02 3.899794071912765503e-02
7.651329040527343750e-03 2.770016901195049286e-02
8.623290807008743286e-03 4.340318217873573303e-02
8.480921387672424316e-03 3.815524280071258545e-02
1.168480142951011658e-02 3.407654166221618652e-02
1.042011380195617676e-02 4.104799032211303711e-02
8.610028773546218872e-03 3.603308647871017456e-02
8.701905608177185059e-03 3.415872901678085327e-02
1.214716583490371704e-02 4.208751767873764038e-02
1.590260863304138184e-02 3.268612921237945557e-02
8.480310440063476562e-03 4.047098010778427124e-02
1.089683175086975098e-02 3.966256976127624512e-02
7.970504462718963623e-03 4.239659756422042847e-02
1.220267266035079956e-02 4.321774840354919434e-02
1.867014169692993164e-02 3.937843441963195801e-02
1.252708211541175842e-02 4.175828397274017334e-02
1.035323739051818848e-02 3.450105339288711548e-02
8.958920836448669434e-03 3.824487328529357910e-02
1.147001609206199646e-02 2.866699919104576111e-02
1.339553296566009521e-02 2.632626146078109741e-02
1.407650485634803772e-02 3.192258626222610474e-02
1.259973645210266113e-02 3.483645245432853699e-02
1.874019205570220947e-02 4.505837708711624146e-02
1.043893024325370789e-02 3.156055510044097900e-02
1.521131023764610291e-02 4.335593432188034058e-02
1.382263377308845520e-02 4.192890599370002747e-02
2.224893122911453247e-02 4.129071533679962158e-02
1.771344244480133057e-02 4.756516218185424805e-02
1.270712912082672119e-02 4.000104963779449463e-02
1.711433380842208862e-02 3.441891819238662720e-02
1.848746091127395630e-02 4.211480170488357544e-02
1.738587766885757446e-02 3.395126014947891235e-02
1.476583629846572876e-02 4.626642912626266479e-02
1.625274494290351868e-02 5.786212533712387085e-02
1.998478919267654419e-02 2.859256230294704437e-02
2.494571730494499207e-02 5.173199623823165894e-02
1.760479807853698730e-02 3.623949363827705383e-02
2.035756409168243408e-02 4.407296329736709595e-02
1.999328285455703735e-02 6.032969802618026733e-02
1.589178293943405151e-02 5.019139498472213745e-02
1.414196193218231201e-02 3.817899152636528015e-02
1.400412619113922119e-02 4.477950930595397949e-02
1.627168059349060059e-02 5.734647065401077271e-02
1.958309486508369446e-02 6.436729431152343750e-02
1.447867229580879211e-02 3.826645016670227051e-02
1.297849416732788086e-02 3.710288554430007935e-02
1.337759569287300110e-02 4.026795178651809692e-02
1.409699767827987671e-02 3.556555509567260742e-02
1.618964597582817078e-02 5.204031616449356079e-02
1.741839200258255005e-02 5.620131641626358032e-02
6.398335099220275879e-03 3.671275824308395386e-02
2.193177118897438049e-02 5.394187569618225098e-02
6.851132959127426147e-03 3.887900710105895996e-02
1.754307746887207031e-02 4.885645210742950439e-02
1.306711882352828979e-02 3.783609345555305481e-02
1.397348940372467041e-02 3.809934481978416443e-02
1.084908097982406616e-02 3.341477364301681519e-02
1.199209317564964294e-02 3.512494638562202454e-02
6.911348551511764526e-03 2.568807639181613922e-02
1.756240427494049072e-02 4.251931980252265930e-02
2.190214395523071289e-02 5.366182327270507812e-02
1.192998513579368591e-02 1.961967535316944122e-02
2.465900406241416931e-02 7.708735764026641846e-03
5.169644951820373535e-03 2.189800702035427094e-02
1.059926301240921021e-02 3.423800319433212280e-02
1.235190033912658691e-02 9.957493096590042114e-02
1.651710271835327148e-02 1.591332256793975830e-02
1.522564142942428589e-02 6.743087619543075562e-02
1.795883104205131531e-02 3.556224703788757324e-02
6.915781646966934204e-03 4.131799936294555664e-02
1.662592589855194092e-02 3.407741338014602661e-02
1.257481053471565247e-02 3.025064058601856232e-02
1.206304877996444702e-02 5.354438722133636475e-02
-5.393214523792266846e-03 1.766446232795715332e-02
4.885829985141754150e-03 3.197690099477767944e-02
-1.843220740556716919e-02 2.053101547062397003e-02
2.110610902309417725e-02 2.724964916706085205e-02
1.249098777770996094e-02 1.082393452525138855e-01
6.329864263534545898e-03 6.478626281023025513e-02
-1.225750893354415894e-02 6.830400973558425903e-02
1.523777842521667480e-02 2.459448575973510742e-02
7.499836385250091553e-03 3.041101060807704926e-02
2.552308887243270874e-02 5.085150152444839478e-02
1.054945960640907288e-02 3.882616758346557617e-02
2.009345591068267822e-02 5.641149729490280151e-02
2.529167383909225464e-02 5.907544493675231934e-02
2.083318680524826050e-02 6.023009866476058960e-02
2.150933071970939636e-02 6.334498524665832520e-02
1.175260543823242188e-02 6.241499632596969604e-02
7.411777973175048828e-03 4.285413026809692383e-02
1.101011782884597778e-02 4.678636044263839722e-02
1.553551107645034790e-02 5.332502722740173340e-02
2.048569545149803162e-02 4.751208424568176270e-02
6.759017705917358398e-03 3.088380768895149231e-02
1.467152684926986694e-02 7.131113857030868530e-02
1.089872419834136963e-02 7.896550744771957397e-02
1.012433320283889771e-03 4.598827287554740906e-02
1.861742883920669556e-02 6.783701479434967041e-02
2.689659595489501953e-05 2.091119624674320221e-02
2.239546924829483032e-02 3.057868406176567078e-02
2.631526440382003784e-02 6.304043531417846680e-02
2.588471025228500366e-02 5.204579234123229980e-02
2.154094353318214417e-02 3.552912920713424683e-02
2.998377196490764618e-02 4.899889975786209106e-02
2.253764495253562927e-02 2.685707435011863708e-02
3.619879856705665588e-02 4.898097366094589233e-02
2.971412427723407745e-02 4.357603192329406738e-02
3.862167894840240479e-02 5.612047761678695679e-02
2.770240604877471924e-02 5.305872857570648193e-02
2.722458541393280029e-02 5.549433827400207520e-02
2.591693773865699768e-02 6.292088329792022705e-02
1.917498186230659485e-02 5.732142925262451172e-02
1.995519548654556274e-02 4.530488699674606323e-02
2.542910352349281311e-02 5.017057433724403381e-02
2.753746509552001953e-02 5.173338204622268677e-02
2.865337207913398743e-02 6.517504155635833740e-02
2.148550748825073242e-02 4.568007588386535645e-02
1.902470365166664124e-02 5.388945341110229492e-02
1.419346779584884644e-02 5.176436156034469604e-02
1.677315309643745422e-02 3.659477829933166504e-02
1.526214182376861572e-02 4.558936879038810730e-02
1.706841588020324707e-02 4.442504793405532837e-02
1.555693894624710083e-02 5.104143917560577393e-02
1.846538484096527100e-02 6.315404176712036133e-02
1.336810737848281860e-02 5.566918849945068359e-02
1.919311285018920898e-02 4.574940353631973267e-02
2.130772173404693604e-02 5.251211673021316528e-02
1.659587025642395020e-02 4.955131560564041138e-02
1.703067123889923096e-02 3.132681548595428467e-02
2.620594203472137451e-02 6.126099079847335815e-02
2.302126586437225342e-02 5.448472499847412109e-02
2.057718485593795776e-02 5.724935233592987061e-02
2.343516051769256592e-02 5.310671776533126831e-02
4.321545362472534180e-03 3.667801618576049805e-02
1.086645573377609253e-02 3.962508589029312134e-02
1.563154533505439758e-02 3.932923823595046997e-02
1.538874208927154541e-02 3.697079420089721680e-02
1.097819954156875610e-02 3.744661062955856323e-02
1.685535907745361328e-02 4.477589577436447144e-02
8.787151426076889038e-03 3.050350770354270935e-02
1.090165972709655762e-02 2.975134178996086121e-02
1.570210233330726624e-02 4.172014817595481873e-02
1.615182682871818542e-02 4.503329843282699585e-02
1.458869874477386475e-02 5.100864917039871216e-02
1.718229427933692932e-02 4.883255437016487122e-02
1.844738051295280457e-02 4.732263833284378052e-02
1.652301847934722900e-02 5.994696170091629028e-02
2.159076929092407227e-02 5.946420133113861084e-02
2.194576337933540344e-02 5.627229809761047363e-02
1.956293731927871704e-02 5.158304423093795776e-02
2.213859558105468750e-02 4.983272030949592590e-02
1.618345081806182861e-02 4.097144305706024170e-02
1.231867074966430664e-02 3.906153514981269836e-02
1.881910115480422974e-02 4.878592118620872498e-02
2.229281142354011536e-02 6.088461726903915405e-02
2.577096596360206604e-02 5.905696749687194824e-02
2.299275249242782593e-02 6.029095500707626343e-02
2.285803854465484619e-02 6.416936963796615601e-02
1.756152510643005371e-02 5.091487616300582886e-02
2.000245451927185059e-02 4.449389874935150146e-02
1.892114430665969849e-02 5.537399649620056152e-02
2.244088798761367798e-02 8.067716658115386963e-02
1.756491512060165405e-02 6.567913293838500977e-02
2.186174690723419189e-02 6.843666732311248779e-02
2.379999682307243347e-02 5.348601937294006348e-02
2.170805633068084717e-02 5.098913609981536865e-02
3.030300512909889221e-02 6.793613731861114502e-02
1.655985414981842041e-02 7.265657931566238403e-02
1.440648734569549561e-02 4.294637218117713928e-02
-2.455592155456542969e-03 3.325492888689041138e-02
1.211494207382202148e-03 1.574339903891086578e-02
3.195978701114654541e-03 1.575835235416889191e-02
1.224146038293838501e-02 2.053223922848701477e-02
-7.895290851593017578e-03 6.076462566852569580e-03
1.590187847614288330e-02 4.051683843135833740e-02
1.505544036626815796e-02 6.797955185174942017e-02
2.375714480876922607e-02 7.320023328065872192e-02
1.809906959533691406e-02 6.261546909809112549e-02
2.238184213638305664e-02 5.902082473039627075e-02
2.038490772247314453e-02 5.544537305831909180e-02
1.526080071926116943e-02 5.211675167083740234e-02
2.079417183995246887e-02 4.835969209671020508e-02
1.403369009494781494e-02 5.025111883878707886e-02
7.356099784374237061e-03 2.362309582531452179e-02
9.287938475608825684e-03 3.815111517906188965e-02
1.385029405355453491e-02 3.745234385132789612e-02
1.046226918697357178e-02 2.116836234927177429e-02
2.392853423953056335e-02 5.704375356435775757e-02
1.480967551469802856e-02 4.887150973081588745e-02
3.153830766677856445e-05 2.470746263861656189e-02
1.337356120347976685e-02 5.573812127113342285e-02
7.008150219917297363e-03 2.641574293375015259e-02
1.588074490427970886e-02 3.527369350194931030e-02
1.988629251718521118e-02 5.404546111822128296e-02
4.486801475286483765e-02 6.709130853414535522e-02
9.442187845706939697e-03 4.867922514677047729e-02
9.518090635538101196e-03 7.512328028678894043e-02
1.403170078992843628e-02 9.357390552759170532e-02
1.724882423877716064e-02 3.806294500827789307e-02
6.291747093200683594e-03 2.189896814525127411e-02
4.063490778207778931e-03 4.849826917052268982e-02
-6.075359880924224854e-03 4.432319849729537964e-02
5.702637135982513428e-03 2.718255482614040375e-02
4.451267421245574951e-03 3.936149179935455322e-02
1.233559101819992065e-02 5.092587321996688843e-02
-8.799962699413299561e-03 2.849242649972438812e-02
2.471095696091651917e-02 8.891553431749343872e-02
8.862681686878204346e-03 6.226745247840881348e-02
2.185436710715293884e-02 5.821112543344497681e-02
1.712272688746452332e-02 1.210930272936820984e-01
2.354916557669639587e-02 7.158786803483963013e-02
1.363085210323333740e-02 2.098382264375686646e-02
1.464040577411651611e-02 2.427823655307292938e-02
1.072069257497787476e-02 7.472047209739685059e-02
3.311090171337127686e-02 7.255320996046066284e-02
8.764233440160751343e-03 2.502339705824851990e-02
8.775368332862854004e-03 4.166942834854125977e-02
9.085584431886672974e-03 3.393670916557312012e-02
2.253369987010955811e-02 8.282069861888885498e-02
9.641051292419433594e-03 4.231095686554908752e-02
1.181004941463470459e-02 5.091428011655807495e-02
-9.789988398551940918e-03 3.058192133903503418e-02
1.604140549898147583e-02 7.631689310073852539e-02
-8.007973432540893555e-03 3.141896426677703857e-02
8.716657757759094238e-04 2.145387418568134308e-02
6.742220371961593628e-03 5.660118907690048218e-02
-1.571491360664367676e-03 4.054470360279083252e-02
3.293637186288833618e-03 2.887225709855556488e-02
9.084731340408325195e-03 5.821930617094039917e-02
9.733811020851135254e-03 4.959885776042938232e-02
1.355255395174026489e-02 6.450126320123672485e-02
3.863457590341567993e-03 4.237585514783859253e-02
7.191140204668045044e-03 5.543053150177001953e-02
6.148219108581542969e-03 6.178189814090728760e-02
1.765991002321243286e-02 6.762325763702392578e-02
1.970965415239334106e-02 6.036873161792755127e-02
1.979899778962135315e-02 6.310923397541046143e-02
1.831275597214698792e-02 5.407012999057769775e-02
1.040235906839370728e-02 5.141530930995941162e-02
