3.453907370567321777e-02 -1.803673058748245239e-02
3.628149628639221191e-03 6.779916584491729736e-03
6.059855222702026367e-04 1.267407089471817017e-02
-6.634525954723358154e-03 1.651462167501449585e-02
1.679018139839172363e-02 -3.960132598876953125e-04
4.018083214759826660e-03 1.880437135696411133e-03
4.844717681407928467e-03 -7.360562682151794434e-03
-4.019955545663833618e-02 1.797796040773391724e-02
-1.621301472187042236e-02 -3.270037472248077393e-03
-4.734784364700317383e-03 -7.964931428432464600e-03
-1.027348637580871582e-02 -8.675210177898406982e-03
-1.883497834205627441e-02 -8.475862443447113037e-03
-1.560583710670471191e-02 -1.257377117872238159e-02
-1.688418537378311157e-02 -1.502569764852523804e-02
-1.500117778778076172e-02 -1.787855476140975952e-02
-1.105087995529174805e-02 -1.709631830453872681e-02
9.942486882209777832e-03 -2.928630262613296509e-02
5.393883585929870605e-02 -5.038555711507797241e-02
5.624969303607940674e-02 -4.135122150182723999e-02
6.221696734428405762e-02 -4.974957555532455444e-02
4.343004524707794189e-02 -3.481703996658325195e-02
7.187563180923461914e-02 -4.038524627685546875e-02
8.301928639411926270e-02 -4.702170193195343018e-02
7.707294821739196777e-02 -4.531704634428024292e-02
7.466635107994079590e-02 -3.895322233438491821e-02
1.078458428382873535e-01 -5.869708955287933350e-02
1.455951035022735596e-01 -8.324693143367767334e-02
1.214677840471267700e-01 -6.350146234035491943e-02
1.043860614299774170e-01 -5.811941623687744141e-02
1.250767707824707031e-01 -6.974478065967559814e-02
1.094041615724563599e-01 -5.633995682001113892e-02
9.425173699855804443e-02 -4.357042163610458374e-02
6.744360923767089844e-02 -2.786568552255630493e-02
6.642562150955200195e-02 -2.647062391042709351e-02
4.514248669147491455e-02 -1.296731084585189819e-02
2.577841281890869141e-02 -2.906598150730133057e-03
1.739314198493957520e-02 4.350461065769195557e-03
-3.021866083145141602e-03 1.399903744459152222e-02
2.277791500091552734e-04 1.168745011091232300e-02
-2.495826035737991333e-02 2.388972789049148560e-02
-2.837107330560684204e-02 4.229936748743057251e-02
-4.730160534381866455e-02 5.488673597574234009e-02
-1.880798488855361938e-02 3.802827745676040649e-02
-3.598271310329437256e-02 5.037834495306015015e-02
-3.093401342630386353e-02 3.926689177751541138e-02
-3.232531249523162842e-02 2.879879623651504517e-02
-4.417550563812255859e-02 3.513134270906448364e-02
-3.854567557573318481e-02 2.705755084753036499e-02
-3.702919930219650269e-02 2.587164193391799927e-02
-5.122540146112442017e-02 3.413403779268264771e-02
-4.463414847850799561e-02 2.358073741197586060e-02
-4.509216547012329102e-02 2.509412914514541626e-02
-4.893305897712707520e-02 3.233519941568374634e-02
-4.336820542812347412e-02 3.287828713655471802e-02
-1.466882973909378052e-02 1.457444578409194946e-02
-1.860742270946502686e-02 2.463657408952713013e-02
-1.008611917495727539e-02 2.327566593885421753e-02
-2.122857421636581421e-02 3.204830735921859741e-02
-1.420351862907409668e-02 3.431554883718490601e-02
3.826625645160675049e-03 2.609000355005264282e-02
7.647693157196044922e-03 2.335114032030105591e-02
2.924081683158874512e-02 9.362287819385528564e-03
3.251487016677856445e-02 1.298628002405166626e-02
4.999142885208129883e-02 8.565187454223632812e-04
5.650895833969116211e-02 -4.060529172420501709e-03
4.081156849861145020e-02 1.905942708253860474e-02
4.175786674022674561e-02 1.985452324151992798e-02
6.742097437381744385e-02 8.941389620304107666e-03
6.247629225254058838e-02 9.578473865985870361e-03
6.085829436779022217e-02 1.532056182622909546e-02
4.776191711425781250e-02 1.897466927766799927e-02
2.658903598785400391e-02 3.368642181158065796e-02
3.775581717491149902e-02 2.490162104368209839e-02
3.825272619724273682e-02 1.992482692003250122e-02
3.048315644264221191e-02 3.220317512750625610e-02
3.531426191329956055e-02 2.547431737184524536e-02
2.910003066062927246e-02 3.624305874109268188e-02
8.118540048599243164e-03 4.464680701494216919e-02
-1.118754595518112183e-02 5.687502771615982056e-02
-1.626566052436828613e-02 6.800282746553421021e-02
-1.079884171485900879e-02 6.458402425050735474e-02
-4.505045711994171143e-03 6.005454808473587036e-02
-1.884602010250091553e-02 5.686361342668533325e-02
-4.699991643428802490e-02 7.105088979005813599e-02
-5.493428558111190796e-02 7.505702227354049683e-02
-2.933473885059356689e-02 5.821696668863296509e-02
-2.792204916477203369e-02 6.041566282510757446e-02
-2.678432315587997437e-02 6.163417547941207886e-02
-2.934796363115310669e-02 5.153111368417739868e-02
-2.701002359390258789e-02 4.975313693284988403e-02
-3.559676557779312134e-02 5.505401641130447388e-02
-4.259660840034484863e-02 6.104663759469985962e-02
-5.243350565433502197e-02 5.935797840356826782e-02
-5.465887486934661865e-02 5.776307731866836548e-02
-6.174645572900772095e-02 5.807682126760482788e-02
-5.966021120548248291e-02 5.983739346265792847e-02
-4.882033914327621460e-02 6.171647459268569946e-02
-2.122206985950469971e-02 4.988781362771987915e-02
1.082730293273925781e-02 4.173012822866439819e-02
1.718199253082275391e-02 3.947729617357254028e-02
1.046267151832580566e-02 4.547000676393508911e-02
2.912831306457519531e-02 3.972057253122329712e-02
1.722407341003417969e-02 3.775300830602645874e-02
4.321677982807159424e-02 2.413023263216018677e-02
2.925738692283630371e-02 2.929075807332992554e-02
3.833389282226562500e-02 3.321803361177444458e-02
2.924895286560058594e-02 3.864351660013198853e-02
3.311984241008758545e-02 4.075794667005538940e-02
4.521572589874267578e-02 3.270352631807327271e-02
4.305854439735412598e-02 2.940098196268081665e-02
4.684546589851379395e-02 2.226497977972030640e-02
1.775857806205749512e-02 2.664003521203994751e-02
9.596928954124450684e-03 1.983081549406051636e-02
6.956517696380615234e-03 2.635911852121353149e-02
1.733942329883575439e-02 3.250893205404281616e-02
2.464085817337036133e-02 3.955572098493576050e-02
1.434051990509033203e-02 4.891959577798843384e-02
-1.598139107227325439e-02 6.177318841218948364e-02
-3.125316649675369263e-02 7.520159333944320679e-02
-2.547961473464965820e-02 6.870640069246292114e-02
-5.230551958084106445e-02 9.016876667737960815e-02
-4.592403024435043335e-02 7.494460791349411011e-02
-4.453375190496444702e-02 6.979493051767349243e-02
-6.940328329801559448e-02 8.357525616884231567e-02
-6.262987852096557617e-02 7.977350801229476929e-02
-4.348269850015640259e-02 7.440211623907089233e-02
-2.556829899549484253e-02 5.580423027276992798e-02
-1.498775184154510498e-02 4.850766807794570923e-02
-2.664688229560852051e-02 5.436793714761734009e-02
-1.874046027660369873e-02 5.137177556753158569e-02
-2.688612043857574463e-02 5.827558785676956177e-02
-4.077343642711639404e-02 6.359627097845077515e-02
-2.939710766077041626e-02 5.912248045206069946e-02
-2.314296364784240723e-02 4.626435786485671997e-02
-1.935069262981414795e-02 4.504405707120895386e-02
-8.800849318504333496e-03 3.886295109987258911e-02
-2.816326916217803955e-03 4.345717281103134155e-02
2.656845748424530029e-02 3.366718441247940063e-02
1.846483349800109863e-02 3.756438940763473511e-02
-2.472612261772155762e-02 5.935118347406387329e-02
-3.101009875535964966e-02 6.624043732881546021e-02
-2.482679486274719238e-02 6.670033186674118042e-02
-2.851404249668121338e-03 5.079055577516555786e-02
2.498526871204376221e-02 4.413238912820816040e-02
2.701407670974731445e-02 4.817395657300949097e-02
4.919764399528503418e-02 4.510828107595443726e-02
3.969234228134155273e-02 5.146782845258712769e-02
4.614222049713134766e-02 4.999207705259323120e-02
6.099332869052886963e-02 3.317756205797195435e-02
4.025018215179443359e-02 4.120088368654251099e-02
5.966652929782867432e-02 2.676030248403549194e-02
7.104930281639099121e-02 2.286138385534286499e-02
4.626506567001342773e-02 4.621633142232894897e-02
2.130976319313049316e-02 5.387831479310989380e-02
2.617748081684112549e-02 5.140890926122665405e-02
3.304888308048248291e-02 3.984905034303665161e-02
7.156264781951904297e-02 2.785665541887283325e-02
4.204076528549194336e-02 4.377669841051101685e-02
5.899667739868164062e-04 6.822858005762100220e-02
-5.395367741584777832e-03 7.034388929605484009e-02
-5.577266216278076172e-03 6.932353228330612183e-02
-9.662069380283355713e-03 7.550073415040969849e-02
-2.442733943462371826e-02 7.543347030878067017e-02
-3.010860085487365723e-02 7.254908233880996704e-02
-2.348493784666061401e-02 6.895221024751663208e-02
-2.437808364629745483e-02 6.798008829355239868e-02
-1.902219653129577637e-02 6.311220675706863403e-02
-8.798018097877502441e-03 4.883059114217758179e-02
-3.102652728557586670e-02 6.686299294233322144e-02
-2.339567244052886963e-02 6.501755863428115845e-02
-2.200482040643692017e-02 6.484723836183547974e-02
-1.924461126327514648e-02 6.138848513364791870e-02
-3.789603710174560547e-03 4.726452380418777466e-02
-4.467281699180603027e-02 6.664831191301345825e-02
-7.996226102113723755e-02 7.982157915830612183e-02
-2.921309322118759155e-02 6.168607622385025024e-02
-5.266338586807250977e-03 4.528654366731643677e-02
1.184354722499847412e-02 4.057232290506362915e-02
1.719582080841064453e-02 4.263744503259658813e-02
4.559820890426635742e-02 1.453631371259689331e-02
4.650332033634185791e-02 1.657442003488540649e-02
5.029517412185668945e-02 1.966372877359390259e-02
5.733896791934967041e-02 1.939272135496139526e-02
6.994472444057464600e-02 1.422520726919174194e-02
5.866524577140808105e-02 1.278971880674362183e-02
4.344537854194641113e-02 2.794656902551651001e-02
1.629239320755004883e-02 3.551454097032546997e-02
4.818885028362274170e-02 1.233518868684768677e-02
5.037942528724670410e-02 1.059950143098831177e-02
2.444097399711608887e-02 3.587151318788528442e-02
9.066894650459289551e-03 5.099574476480484009e-02
2.023586630821228027e-02 4.928187280893325806e-02
5.718404054641723633e-02 3.028265386819839478e-02
3.621691465377807617e-02 5.011896044015884399e-02
3.824773430824279785e-02 4.842824488878250122e-02
3.992038965225219727e-02 5.494941025972366333e-02
4.234650731086730957e-02 4.620928317308425903e-02
5.975514650344848633e-02 3.771249204874038696e-02
5.501681566238403320e-02 4.807130247354507446e-02
1.878125965595245361e-02 6.542036682367324829e-02
3.931081295013427734e-02 4.891937226057052612e-02
2.443850040435791016e-02 5.698040872812271118e-02
3.853848576545715332e-02 4.823296517133712769e-02
1.035375893115997314e-02 6.793839484453201294e-02
1.405367255210876465e-02 7.231918722391128540e-02
1.617953181266784668e-03 8.174737542867660522e-02
-2.867187559604644775e-02 8.769198507070541382e-02
-3.735193610191345215e-02 9.606338292360305786e-02
-3.470442444086074829e-02 9.846933931112289429e-02
-3.462592512369155884e-02 9.547165781259536743e-02
4.296451807022094727e-04 6.965487450361251831e-02
-6.693883985280990601e-02 1.110563948750495911e-01
-5.467368662357330322e-02 9.435103088617324829e-02
-5.584328621625900269e-02 9.034989029169082642e-02
-5.801893770694732666e-02 8.287934213876724243e-02
-6.716491281986236572e-02 8.674219995737075806e-02
-6.902308762073516846e-02 7.659546285867691040e-02
-8.630552142858505249e-02 8.400725573301315308e-02
-7.352630794048309326e-02 7.307354360818862915e-02
-6.814472377300262451e-02 6.086353212594985962e-02
-7.112447917461395264e-02 5.605732649564743042e-02
-2.998124063014984131e-02 3.096524626016616821e-02
-2.786554396152496338e-02 3.294879943132400513e-02
-4.871463775634765625e-02 4.234037548303604126e-02
-4.533281177282333374e-02 4.783136397600173950e-02
-5.188359320163726807e-02 4.047023504972457886e-02
-2.445271611213684082e-02 2.806857973337173462e-02
-2.387340366840362549e-02 3.477262705564498901e-02
-3.072905540466308594e-02 4.096155613660812378e-02
-1.628369092941284180e-02 3.333275765180587769e-02
2.734628319740295410e-02 1.439567655324935913e-02
1.494747400283813477e-02 2.274856716394424438e-02
8.074522018432617188e-03 2.112447470426559448e-02
4.266557097434997559e-02 5.909033119678497314e-03
4.683208465576171875e-02 6.366141140460968018e-03
6.604164838790893555e-02 3.280766308307647705e-03
6.003105640411376953e-02 1.217923313379287720e-02
6.164990365505218506e-02 9.658165276050567627e-03
9.808483719825744629e-02 -4.536874592304229736e-03
8.595375716686248779e-02 2.309590578079223633e-03
8.800290524959564209e-02 1.889868825674057007e-02
1.081744730472564697e-01 1.057881861925125122e-02
9.051099419593811035e-02 2.558542042970657349e-02
1.068409383296966553e-01 1.944021135568618774e-02
1.121387481689453125e-01 1.612348109483718872e-02
1.088618636131286621e-01 2.040446549654006958e-02
8.743934333324432373e-02 3.043479472398757935e-02
9.685540199279785156e-02 2.424295991659164429e-02
7.971006631851196289e-02 2.580495923757553101e-02
8.670224249362945557e-02 2.652981132268905640e-02
6.770631670951843262e-02 3.799811750650405884e-02
3.522017598152160645e-02 4.917860776185989380e-02
5.018937587738037109e-02 4.143107682466506958e-02
4.422995448112487793e-02 4.050841182470321655e-02
2.558468282222747803e-02 5.190881341695785522e-02
9.898692369461059570e-03 5.591256171464920044e-02
3.149461746215820312e-02 4.013533145189285278e-02
1.608119904994964600e-02 4.298423975706100464e-02
3.147348761558532715e-04 4.708711057901382446e-02
-3.963291645050048828e-03 5.483431369066238403e-02
5.643576383590698242e-03 3.622043877840042114e-02
-1.927333325147628784e-02 5.507252365350723267e-02
-3.297164291143417358e-02 6.131563335657119751e-02
-3.691859543323516846e-02 5.455140024423599243e-02
-5.883974581956863403e-02 6.468502432107925415e-02
-3.827320784330368042e-02 5.645299702882766724e-02
-4.939585924148559570e-02 5.912437289953231812e-02
-4.349227249622344971e-02 6.573291867971420288e-02
-2.978508919477462769e-02 5.487040430307388306e-02
-3.515763580799102783e-02 5.128998309373855591e-02
-4.741492122411727905e-02 6.563109904527664185e-02
-5.553100258111953735e-02 6.703595072031021118e-02
-4.482358694076538086e-02 6.019351631402969360e-02
-2.380368113517761230e-02 5.142312496900558472e-02
-2.863380312919616699e-02 5.243303626775741577e-02
8.804798126220703125e-04 2.715843170881271362e-02
9.393513202667236328e-03 2.787462621927261353e-02
-1.087763905525207520e-02 4.328335076570510864e-02
6.463788449764251709e-03 3.488447517156600952e-02
1.856932044029235840e-02 2.256690710783004761e-02
1.723492145538330078e-02 2.917904406785964966e-02
3.243590891361236572e-02 1.701878756284713745e-02
5.207958817481994629e-02 1.460976153612136841e-02
3.776526451110839844e-02 2.390532940626144409e-02
4.457780718803405762e-02 2.016565948724746704e-02
5.952896177768707275e-02 1.806943863630294800e-02
6.068801879882812500e-02 1.552089303731918335e-02
5.407707393169403076e-02 2.481887489557266235e-02
4.116380214691162109e-02 3.043537586927413940e-02
4.685053229331970215e-02 3.103823214769363403e-02
4.021337628364562988e-02 2.622564882040023804e-02
4.605829715728759766e-02 1.992487162351608276e-02
5.484020709991455078e-02 2.021975070238113403e-02
6.902995705604553223e-02 3.739036619663238525e-03
9.024696052074432373e-02 -4.648379981517791748e-03
1.017203181982040405e-01 -9.212858974933624268e-03
8.203044533729553223e-02 6.280936300754547119e-03
6.726771593093872070e-02 1.778272539377212524e-02
5.718290805816650391e-02 1.920267194509506226e-02
1.553441584110260010e-02 5.498484522104263306e-02
1.985755562782287598e-02 3.731328994035720825e-02
-1.249013841152191162e-02 5.539140850305557251e-02
-4.370643943548202515e-02 7.811842113733291626e-02
-2.988938987255096436e-02 6.757759302854537964e-02
-3.163045644760131836e-02 7.025191932916641235e-02
-1.141890883445739746e-02 5.721250921487808228e-02
-1.158009469509124756e-02 5.453304201364517212e-02
-3.328599035739898682e-02 5.608112365007400513e-02
-3.426964581012725830e-02 5.475287884473800659e-02
-4.499231278896331787e-02 5.391392856836318970e-02
-3.489043563604354858e-02 5.133310705423355103e-02
-3.935657441616058350e-02 4.878626018762588501e-02
-2.230427414178848267e-02 3.833920508623123169e-02
-2.016187459230422974e-02 3.838161379098892212e-02
-2.987252920866012573e-02 4.369107633829116821e-02
-3.207144886255264282e-02 4.362883418798446655e-02
-2.677512168884277344e-02 3.845574706792831421e-02
-7.740765810012817383e-03 2.707912772893905640e-02
-1.832093298435211182e-02 3.602883964776992798e-02
-1.112598925828933716e-02 3.429878503084182739e-02
3.920301795005798340e-03 2.202571183443069458e-02
9.638607501983642578e-03 1.157883554697036743e-02
2.037256956100463867e-02 6.297975778579711914e-05
1.205869019031524658e-02 1.091293990612030029e-03
3.470726311206817627e-03 3.048308193683624268e-03
-1.233322918415069580e-02 2.045393735170364380e-02
-1.340104639530181885e-02 2.642048150300979614e-02
5.754552781581878662e-03 1.460846513509750366e-02
7.784187793731689453e-03 2.117178589105606079e-02
3.628768026828765869e-03 1.888249069452285767e-02
-1.218426227569580078e-02 2.327821403741836548e-02
1.272684335708618164e-02 9.682498872280120850e-03
7.475787401199340820e-02 -3.293927758932113647e-02
6.013964116573333740e-02 -2.415561676025390625e-02
5.454029142856597900e-02 -1.889806240797042847e-02
6.860113143920898438e-02 -2.276349812746047974e-02
4.892793297767639160e-02 -1.124682277441024780e-02
5.531534552574157715e-02 -1.154381781816482544e-02
7.847872376441955566e-02 -1.840487867593765259e-02
6.863778829574584961e-02 -1.521524786949157715e-02
5.189400911331176758e-02 -5.451954901218414307e-03
4.621344804763793945e-02 -5.105949938297271729e-03
3.642918169498443604e-02 -1.178161054849624634e-02
4.475845396518707275e-02 -2.079585939645767212e-02
2.631062269210815430e-02 -1.238069683313369751e-02
2.945393323898315430e-02 -1.799841970205307007e-02
2.687007188796997070e-02 -2.639471739530563354e-02
4.272142052650451660e-02 -2.716233581304550171e-02
3.185234963893890381e-03 6.571166217327117920e-03
1.721511781215667725e-02 3.245732933282852173e-02
-2.214342355728149414e-03 6.697448343038558960e-02
-2.320726215839385986e-02 8.828151971101760864e-02
-2.106006443500518799e-02 7.437951117753982544e-02
-2.244659513235092163e-02 8.233351260423660278e-02
-1.300618052482604980e-02 7.446368783712387085e-02
-4.544667899608612061e-03 6.628409773111343384e-02
-6.516873836517333984e-03 6.432449072599411011e-02
-1.020625233650207520e-02 6.085527688264846802e-02
-1.677162200212478638e-02 6.410805135965347290e-02
-1.250588893890380859e-02 5.952749401330947876e-02
-1.306644827127456665e-02 6.565406173467636108e-02
-1.402649283409118652e-02 6.328339129686355591e-02
-1.376140862703323364e-02 6.093920022249221802e-02
3.343336284160614014e-03 4.943401366472244263e-02
1.683369278907775879e-02 3.953476995229721069e-02
9.797990322113037109e-03 4.767093807458877563e-02
-7.410161197185516357e-03 5.662266165018081665e-02
5.747824907302856445e-03 5.104724317789077759e-02
8.946701884269714355e-03 4.930930584669113159e-02
2.513529360294342041e-02 4.191879183053970337e-02
4.695525765419006348e-02 2.722939103841781616e-02
4.935012757778167725e-02 2.379278093576431274e-02
2.731139957904815674e-02 4.441071301698684692e-02
3.420582413673400879e-02 3.825686126947402954e-02
3.817823529243469238e-02 4.271506518125534058e-02
3.242973983287811279e-02 4.307215660810470581e-02
2.630674839019775391e-02 4.816479235887527466e-02
4.373571276664733887e-02 3.392995148897171021e-02
2.285808324813842773e-02 5.025670677423477173e-02
2.715840935707092285e-02 4.673958569765090942e-02
5.523127317428588867e-02 2.807355672121047974e-02
7.194113731384277344e-02 1.679307967424392700e-02
7.734739780426025391e-02 1.597990840673446655e-02
7.818828523159027100e-02 2.269349247217178345e-02
7.373154163360595703e-02 2.264422923326492310e-02
6.937745213508605957e-02 2.587933093309402466e-02
7.760214805603027344e-02 2.042651921510696411e-02
6.879934668540954590e-02 3.040825575590133667e-02
4.872801899909973145e-02 4.301730543375015259e-02
4.086129367351531982e-02 4.306507855653762817e-02
2.865883708000183105e-02 4.697240144014358521e-02
2.347666025161743164e-02 4.785702377557754517e-02
3.610929846763610840e-02 3.627777844667434692e-02
4.596085846424102783e-02 3.576917201280593872e-02
2.336676418781280518e-02 4.641390591859817505e-02
9.562537074089050293e-03 5.278039723634719849e-02
4.624778032302856445e-02 3.272216767072677612e-02
4.412320256233215332e-02 4.251954704523086548e-02
6.069362163543701172e-03 7.205245643854141235e-02
-4.386447370052337646e-03 8.173064142465591431e-02
-2.558669447898864746e-02 8.960441499948501587e-02
-1.912566274404525757e-02 8.295898884534835815e-02
-2.201317995786666870e-02 8.203127235174179077e-02
-1.811783015727996826e-02 7.897190004587173462e-02
-2.850325405597686768e-02 8.211476355791091919e-02
-3.827825933694839478e-02 7.942443341016769409e-02
-1.308176666498184204e-02 6.180373579263687134e-02
-1.757919788360595703e-02 6.683184951543807983e-02
-1.771904528141021729e-02 6.607941538095474243e-02
-1.199522614479064941e-02 6.085459142923355103e-02
-3.773070871829986572e-03 5.347415059804916382e-02
1.018890738487243652e-02 4.596764594316482544e-02
-2.686686813831329346e-03 5.599739402532577515e-02
-5.239591002464294434e-03 5.581497400999069214e-02
6.906792521476745605e-03 4.941067844629287720e-02
1.265265047550201416e-03 5.163211375474929810e-02
-1.079645752906799316e-02 5.820063501596450806e-02
-8.620791137218475342e-03 5.141881853342056274e-02
-7.854700088500976562e-03 5.062075704336166382e-02
-5.452245473861694336e-03 5.223185569047927856e-02
-1.460310816764831543e-02 5.912747234106063843e-02
-1.367238163948059082e-02 6.317242234945297241e-02
-4.223704338073730469e-03 5.265163630247116089e-02
-6.986975669860839844e-03 5.665517598390579224e-02
-7.667534053325653076e-03 6.185109168291091919e-02
3.636562824249267578e-02 3.653892129659652710e-02
5.305802822113037109e-02 2.782104164361953735e-02
5.355606973171234131e-02 3.337263315916061401e-02
5.251006782054901123e-02 3.569447249174118042e-02
5.497884750366210938e-02 3.178823739290237427e-02
5.965074896812438965e-02 3.566996008157730103e-02
4.794110357761383057e-02 3.904008120298385620e-02
4.758423566818237305e-02 3.853093832731246948e-02
4.748077690601348877e-02 4.196731001138687134e-02
3.640262782573699951e-02 4.715114086866378784e-02
2.874711155891418457e-02 5.393856018781661987e-02
2.671024203300476074e-02 5.863905698060989380e-02
3.425763547420501709e-02 5.259213596582412720e-02
5.734005570411682129e-02 4.717902094125747681e-02
4.875004291534423828e-02 5.724977701902389526e-02
7.924664020538330078e-02 3.149322420358657837e-02
5.010500550270080566e-02 4.826239496469497681e-02
5.190201103687286377e-02 4.307230561971664429e-02
5.575196444988250732e-02 4.742798954248428345e-02
3.010074794292449951e-02 6.204686313867568970e-02
1.065182685852050781e-02 8.245413750410079956e-02
2.634517848491668701e-02 7.600010186433792114e-02
2.344578504562377930e-03 8.087808638811111450e-02
-8.813783526420593262e-03 8.490670472383499146e-02
3.391884267330169678e-03 8.714921027421951294e-02
2.139195799827575684e-02 7.328326255083084106e-02
3.277872502803802490e-02 7.098748534917831421e-02
2.542442083358764648e-02 7.321200519800186157e-02
2.674779295921325684e-02 6.645812839269638062e-02
-1.197114586830139160e-03 7.622266560792922974e-02
-1.887574791908264160e-03 7.773412019014358521e-02
3.427594900131225586e-03 7.347965985536575317e-02
-3.329142928123474121e-03 7.127854973077774048e-02
6.955116987228393555e-04 6.048979610204696655e-02
-1.739837229251861572e-03 6.298909336328506470e-02
6.628885865211486816e-03 5.206609517335891724e-02
1.693540811538696289e-02 4.661773890256881714e-02
1.125577092170715332e-02 4.693470150232315063e-02
2.889037132263183594e-02 3.849893063306808472e-02
2.227063477039337158e-02 5.441341549158096313e-02
1.228626072406768799e-02 4.775366932153701782e-02
6.749622523784637451e-03 5.164349824190139771e-02
2.241861820220947266e-02 3.745863586664199829e-02
1.572397351264953613e-02 3.776984661817550659e-02
2.062319219112396240e-02 3.679607063531875610e-02
1.503700017929077148e-02 3.977701812982559204e-02
6.028518080711364746e-03 5.392184108495712280e-02
-2.031267434358596802e-02 7.327941805124282837e-02
-1.787841320037841797e-04 5.242819339036941528e-02
-8.627206087112426758e-03 6.045482307672500610e-02
1.224683225154876709e-02 4.404399544000625610e-02
9.816586971282958984e-03 5.258325487375259399e-02
2.050995826721191406e-03 5.865345150232315063e-02
3.405497968196868896e-02 5.317807942628860474e-02
9.545803070068359375e-03 6.304223090410232544e-02
1.500523090362548828e-02 5.382268875837326050e-02
5.703039467334747314e-03 4.826233536005020142e-02
1.087960600852966309e-02 4.411632567644119263e-02
2.251853048801422119e-02 4.133334010839462280e-02
3.693982958793640137e-02 3.124964982271194458e-02
4.646360874176025391e-02 2.665107697248458862e-02
2.017515897750854492e-02 3.854893893003463745e-02
2.110016345977783203e-02 4.353747516870498657e-02
3.216341137886047363e-02 3.085755556821823120e-02
2.328978478908538818e-02 2.478764206171035767e-02
1.995597779750823975e-02 3.276870399713516235e-02
2.475187182426452637e-02 3.864776343107223511e-02
4.298186302185058594e-02 2.344923466444015503e-02
7.545441389083862305e-02 5.871467292308807373e-03
5.939725041389465332e-02 1.477719098329544067e-02
7.811507582664489746e-02 -7.830038666725158691e-04
5.851453542709350586e-02 4.163481295108795166e-03
5.334344506263732910e-02 3.517709672451019287e-03
3.696298599243164062e-02 -1.230038702487945557e-03
2.581411600112915039e-02 7.061086595058441162e-03
-1.508995890617370605e-03 4.291587322950363159e-02
-5.465604364871978760e-03 4.106012731790542603e-02
-1.646570116281509399e-02 4.403644055128097534e-02
9.282305836677551270e-04 5.402318388223648071e-02
-1.451063901185989380e-02 6.210095435380935669e-02
1.200957596302032471e-02 5.491720885038375854e-02
3.138288855552673340e-03 5.719987303018569946e-02
3.307589888572692871e-02 2.945936471223831177e-02
2.781569957733154297e-02 2.973780781030654907e-02
2.161256968975067139e-02 2.887735515832901001e-02
-3.661811351776123047e-04 2.189267426729202271e-02
-2.548374980688095093e-02 4.496847838163375854e-02
-4.015922546386718750e-03 2.608897536993026733e-02
-2.864958345890045166e-02 4.604732245206832886e-02
-8.536487817764282227e-03 2.938760071992874146e-02
-1.174112409353256226e-02 1.850838214159011841e-02
1.037831604480743408e-02 1.396410167217254639e-03
1.059576869010925293e-02 1.734038442373275757e-02
1.582626998424530029e-02 1.885216683149337769e-02
5.308225750923156738e-03 4.332181066274642944e-02
-2.818009257316589355e-02 6.242396682500839233e-02
-5.188195407390594482e-02 8.128518611192703247e-02
-6.629691272974014282e-02 8.568698912858963013e-02
-4.896070808172225952e-02 7.141328603029251099e-02
-5.233681946992874146e-02 7.313277572393417358e-02
-6.675953418016433716e-02 7.466686517000198364e-02
-1.172978729009628296e-01 1.061431393027305603e-01
-8.999683707952499390e-02 9.056729823350906372e-02
-7.744880020618438721e-02 8.594094961881637573e-02
-7.590243220329284668e-02 8.397600799798965454e-02
-1.022478640079498291e-01 9.423417598009109497e-02
-9.000286459922790527e-02 7.712926715612411499e-02
-8.285831660032272339e-02 6.794541329145431519e-02
-7.884205877780914307e-02 6.918326765298843384e-02
-9.488689154386520386e-02 9.461455792188644409e-02
-8.973529189825057983e-02 8.136176317930221558e-02
-1.011907309293746948e-01 9.338427335023880005e-02
-9.069186449050903320e-02 8.653519302606582642e-02
-1.115997657179832458e-01 9.888186305761337280e-02
-1.078569889068603516e-01 1.028610840439796448e-01
-1.625573635101318359e-01 1.333968043327331543e-01
-1.664219349622726440e-01 1.327629089355468750e-01
-1.446702182292938232e-01 1.145630106329917908e-01
-1.117250174283981323e-01 1.056121364235877991e-01
-1.113089099526405334e-01 9.815747290849685669e-02
-9.650333225727081299e-02 1.018078699707984924e-01
-9.265004098415374756e-02 9.576628357172012329e-02
-1.475659310817718506e-01 1.285896599292755127e-01
-1.446340978145599365e-01 1.220678463578224182e-01
-1.126369535923004150e-01 1.070289388298988342e-01
-8.198943734169006348e-02 9.407568722963333130e-02
-1.504112929105758667e-01 1.301323771476745605e-01
-7.731665670871734619e-02 9.000194817781448364e-02
-5.446318536996841431e-02 8.114261180162429810e-02
-1.034223139286041260e-01 1.142355576157569885e-01
-9.987856447696685791e-02 1.130381599068641663e-01
-8.185178041458129883e-02 1.018311604857444763e-01
-6.214602291584014893e-02 9.289053827524185181e-02
-3.825813531875610352e-02 8.443912118673324585e-02
-2.533739805221557617e-02 7.239148765802383423e-02
-6.764121353626251221e-02 8.944993466138839722e-02
-7.245427370071411133e-02 9.379734843969345093e-02
-9.755280613899230957e-02 1.215253844857215881e-01
-1.355720460414886475e-01 1.387016773223876953e-01
-9.732043743133544922e-02 1.061182394623756409e-01
-1.178176999092102051e-01 1.226775273680686951e-01
-1.097068041563034058e-01 1.253070831298828125e-01
-8.296481519937515259e-02 1.023665592074394226e-01
-1.316574066877365112e-01 1.248213574290275574e-01
-1.082971170544624329e-01 1.140199229121208191e-01
-1.355003714561462402e-01 1.131343320012092590e-01
-1.060651242733001709e-01 1.166155710816383362e-01
-7.677467912435531616e-02 1.034044995903968811e-01
-8.985424041748046875e-02 1.031668856739997864e-01
-9.818305820226669312e-02 1.010484322905540466e-01
-6.039803102612495422e-02 8.484563976526260376e-02
-9.329089522361755371e-02 8.949116617441177368e-02
-8.903392404317855835e-02 8.784741908311843872e-02
-7.644531130790710449e-02 8.479421585798263550e-02
-8.967705816030502319e-02 9.029925614595413208e-02
-8.105587959289550781e-02 8.581050485372543335e-02
-9.182005375623703003e-02 8.760947734117507935e-02
-1.562055051326751709e-01 1.233019456267356873e-01
-1.387808322906494141e-01 1.090123727917671204e-01
-1.208394244313240051e-01 1.037989035248756409e-01
-9.703082591295242310e-02 7.952005416154861450e-02
-9.115121513605117798e-02 8.706297725439071655e-02
-7.544384896755218506e-02 7.613456994295120239e-02
-3.569220006465911865e-02 4.920879751443862915e-02
-1.407530903816223145e-02 5.133482068777084351e-02
7.180497050285339355e-04 4.507479816675186157e-02
2.112649381160736084e-03 4.594574123620986938e-02
-2.806830406188964844e-02 6.774172931909561157e-02
-2.176209539175033569e-02 6.883198767900466919e-02
-1.129356026649475098e-02 7.603634148836135864e-02
-2.640622854232788086e-02 7.855603843927383423e-02
-2.380912005901336670e-02 8.016075938940048218e-02
-4.746768623590469360e-02 1.058077588677406311e-01
-2.606255561113357544e-02 8.358181267976760864e-02
-3.124162554740905762e-02 9.118173271417617798e-02
-4.095993936061859131e-02 1.041265204548835754e-01
-5.297622829675674438e-02 1.059493198990821838e-01
-4.981291294097900391e-02 9.325017780065536499e-02
-2.967341244220733643e-02 8.154369145631790161e-02
-5.333264917135238647e-02 8.252932876348495483e-02
-3.775649517774581909e-02 8.014916628599166870e-02
-1.487238705158233643e-02 7.408791035413742065e-02
-3.185267001390457153e-02 7.253658026456832886e-02
-5.963804572820663452e-02 7.437259703874588013e-02
-5.796501040458679199e-02 7.209373265504837036e-02
-4.707381129264831543e-02 6.053233891725540161e-02
-4.344557225704193115e-02 6.598965078592300415e-02
-5.893397331237792969e-02 8.246511965990066528e-02
-5.659426748752593994e-02 8.538717776536941528e-02
-7.028937339782714844e-03 5.443640798330307007e-02
-6.985373795032501221e-03 5.344132333993911743e-02
-3.851893544197082520e-02 7.487500458955764771e-02
-6.421456485986709595e-02 1.002260968089103699e-01
-7.429704070091247559e-02 1.074818298220634460e-01
-9.884905070066452026e-02 1.093030348420143127e-01
-1.037977710366249084e-01 9.756670147180557251e-02
-2.973838895559310913e-02 4.711163789033889771e-02
-1.952399313449859619e-02 4.538469761610031128e-02
-2.924698591232299805e-02 5.548169463872909546e-02
-2.555914223194122314e-02 4.577820748090744019e-02
-3.363195061683654785e-02 5.577055364847183228e-02
-2.658308297395706177e-02 6.114427000284194946e-02
-6.206020712852478027e-03 5.047015100717544556e-02
3.054469823837280273e-03 4.815689474344253540e-02
-8.254423737525939941e-03 6.863840669393539429e-02
-1.137912273406982422e-03 6.418285518884658813e-02
2.539953589439392090e-02 4.696080833673477173e-02
8.530288934707641602e-03 5.920494347810745239e-02
-2.812854945659637451e-03 7.120502740144729614e-02
1.598359644412994385e-02 6.135102361440658569e-02
1.561000943183898926e-02 6.530643254518508911e-02
8.850008249282836914e-03 7.400447875261306763e-02
4.923142492771148682e-03 7.088872045278549194e-02
2.150316536426544189e-02 6.225857883691787720e-02
5.776089429855346680e-02 3.992820531129837036e-02
6.731024384498596191e-02 3.199981898069381714e-02
5.201467871665954590e-02 4.787591844797134399e-02
3.515297174453735352e-02 5.815506726503372192e-02
3.942407667636871338e-02 6.197366863489151001e-02
2.824866771697998047e-02 6.505406647920608521e-02
2.341520786285400391e-02 6.649092584848403931e-02
4.763895273208618164e-02 4.968226701021194458e-02
7.470786571502685547e-03 7.032883912324905396e-02
1.601034402847290039e-02 6.940729171037673950e-02
2.012252807617187500e-02 6.593028455972671509e-02
5.906909704208374023e-03 6.916109472513198853e-02
-2.934627234935760498e-03 7.241106778383255005e-02
-1.390220969915390015e-02 7.642545551061630249e-02
-5.486935377120971680e-03 5.964715033769607544e-02
-1.246351003646850586e-02 5.902048200368881226e-02
-1.672656834125518799e-02 5.506614595651626587e-02
-2.685971558094024658e-02 6.256992369890213013e-02
-2.718842774629592896e-02 5.393699556589126587e-02
-8.444413542747497559e-03 4.008812457323074341e-02
-1.679937541484832764e-02 4.540441185235977173e-02
-3.092247247695922852e-02 5.325610190629959106e-02
-3.159478306770324707e-02 4.885006695985794067e-02
-2.889695763587951660e-02 5.056663602590560913e-02
-2.219492197036743164e-02 4.484993964433670044e-02
-2.958947420120239258e-02 5.529866367578506470e-02
-1.500137150287628174e-02 4.378441721200942993e-02
-2.425223588943481445e-03 3.849191218614578247e-02
-4.778273403644561768e-03 4.072927683591842651e-02
-1.400306820869445801e-02 4.536262899637222290e-02
-8.132204413414001465e-03 4.739446192979812622e-02
-1.945540308952331543e-03 4.714003950357437134e-02
9.715080261230468750e-03 4.655788093805313110e-02
-1.794122904539108276e-02 6.096946448087692261e-02
2.020098268985748291e-03 4.753220826387405396e-02
3.027319908142089844e-03 4.764977842569351196e-02
5.600139498710632324e-03 4.675272852182388306e-02
1.021403074264526367e-02 5.079973489046096802e-02
6.492882966995239258e-04 5.737937241792678833e-02
1.316803693771362305e-02 4.660309106111526489e-02
-1.264370977878570557e-03 6.235165148973464966e-02
4.772424697875976562e-03 5.427179485559463501e-02
9.628683328628540039e-03 5.276284366846084595e-02
1.557245850563049316e-02 4.609926789999008179e-02
8.127093315124511719e-04 5.873320251703262329e-02
-1.394899189472198486e-02 7.491817325353622437e-02
-1.548995822668075562e-02 7.361916452646255493e-02
-2.122144401073455811e-02 7.799265533685684204e-02
2.053275704383850098e-03 6.229174882173538208e-02
-2.144658565521240234e-02 8.126056939363479614e-02
-1.417049020528793335e-02 6.969834119081497192e-02
-3.746082633733749390e-02 8.218938857316970825e-02
-1.572211086750030518e-02 7.233352214097976685e-02
-1.208720356225967407e-02 6.687823683023452759e-02
-2.603375911712646484e-02 7.371155172586441040e-02
-1.767256855964660645e-02 6.904605776071548462e-02
-1.310236006975173950e-02 6.654108315706253052e-02
-8.461162447929382324e-03 6.142047792673110962e-02
-7.274657487869262695e-03 6.295151263475418091e-02
-8.975297212600708008e-03 6.233669072389602661e-02
-1.167844235897064209e-02 6.027177721261978149e-02
3.334283828735351562e-03 4.408509284257888794e-02
8.417740464210510254e-04 5.188468843698501587e-02
2.137744426727294922e-02 3.769499808549880981e-02
3.224618732929229736e-03 5.031130462884902954e-02
9.846538305282592773e-04 4.473299533128738403e-02
8.780866861343383789e-03 3.137829154729843140e-02
3.883139789104461670e-02 1.837799698114395142e-02
1.401886343955993652e-02 4.143511503934860229e-02
2.781412005424499512e-02 3.893602639436721802e-02
1.727551221847534180e-02 4.362828284502029419e-02
3.351868689060211182e-02 3.510060161352157593e-02
2.734899520874023438e-02 3.853768855333328247e-02
1.946306228637695312e-02 5.248165875673294067e-02
2.416098117828369141e-02 5.102594941854476929e-02
2.242365479469299316e-02 5.090013891458511353e-02
3.225389122962951660e-02 4.356167465448379517e-02
8.345067501068115234e-03 5.306155234575271606e-02
2.698400616645812988e-02 4.641319066286087036e-02
1.553547382354736328e-02 5.487225204706192017e-02
2.152349054813385010e-02 5.321844667196273804e-02
3.130146861076354980e-02 5.228195339441299438e-02
3.057014942169189453e-02 5.419556051492691040e-02
1.158158481121063232e-02 6.333420425653457642e-02
-2.595664560794830322e-02 8.891331404447555542e-02
-3.391797095537185669e-02 9.507182985544204712e-02
-4.992501437664031982e-02 9.958729892969131470e-02
-2.416090667247772217e-02 9.057547897100448608e-02
-3.053349256515502930e-02 8.946075290441513062e-02
-1.946334540843963623e-02 8.492525666952133179e-02
-3.678216040134429932e-02 9.233457595109939575e-02
-2.265281975269317627e-02 7.659438997507095337e-02
-2.391626685857772827e-02 7.226062566041946411e-02
-1.586745679378509521e-02 6.602961570024490356e-02
-3.405188024044036865e-02 7.127965241670608521e-02
-3.017827868461608887e-02 6.702703982591629028e-02
-1.198964565992355347e-02 5.569200962781906128e-02
-1.324036717414855957e-02 5.652325600385665894e-02
3.795020282268524170e-03 4.747457057237625122e-02
-9.717568755149841309e-03 5.392890423536300659e-02
1.020582020282745361e-02 3.858947008848190308e-02
1.537379622459411621e-02 3.568980842828750610e-02
1.885685324668884277e-02 3.342751413583755493e-02
4.819236695766448975e-03 4.405582696199417114e-02
1.015757024288177490e-02 3.649566322565078735e-02
8.095502853393554688e-04 4.844165593385696411e-02
4.270710051059722900e-03 4.786316305398941040e-02
-7.012702524662017822e-03 5.829478055238723755e-02
-5.282044410705566406e-03 5.776170641183853149e-02
9.604707360267639160e-03 4.920808225870132446e-02
2.431152760982513428e-02 3.865642100572586060e-02
4.096288979053497314e-02 2.989695221185684204e-02
3.268536925315856934e-02 3.648047894239425659e-02
3.135931491851806641e-02 3.470059484243392944e-02
3.376539051532745361e-02 3.852348774671554565e-02
4.773625731468200684e-02 3.079319745302200317e-02
4.292674362659454346e-02 3.665748983621597290e-02
4.777830839157104492e-02 3.865607827901840210e-02
5.922846496105194092e-02 3.248014301061630249e-02
5.546511709690093994e-02 4.184795171022415161e-02
5.304154753684997559e-02 4.435611516237258911e-02
4.944372177124023438e-02 4.199052602052688599e-02
4.578848183155059814e-02 4.421705752611160278e-02
5.664789676666259766e-02 3.035298734903335571e-02
4.219029843807220459e-02 4.240674525499343872e-02
2.938260138034820557e-02 4.826021939516067505e-02
3.847260773181915283e-02 4.383677989244461060e-02
4.277330636978149414e-02 4.029429703950881958e-02
5.043250322341918945e-02 3.343556076288223267e-02
2.409693598747253418e-02 5.777997523546218872e-02
3.662806749343872070e-02 4.463485628366470337e-02
4.134739935398101807e-02 3.969145566225051880e-02
2.306035161018371582e-02 6.310773640871047974e-02
5.979239940643310547e-03 7.189265638589859009e-02
5.975753068923950195e-03 7.168006151914596558e-02
-3.587856888771057129e-03 7.006258517503738403e-02
-6.695747375488281250e-03 7.132681459188461304e-02
-9.123116731643676758e-03 6.752795726060867310e-02
-9.970784187316894531e-03 6.645531207323074341e-02
-4.850468039512634277e-02 8.109975606203079224e-02
-3.273472934961318970e-02 7.219553738832473755e-02
-2.043351531028747559e-02 5.998637527227401733e-02
-2.880661189556121826e-02 6.401026993989944458e-02
-1.969717442989349365e-02 5.757967382669448853e-02
-2.969716489315032959e-02 6.274256855249404907e-02
-2.319104969501495361e-02 5.360602587461471558e-02
-2.651537954807281494e-02 6.245575100183486938e-02
-2.476569265127182007e-02 5.483845621347427368e-02
-2.713358402252197266e-02 5.204635113477706909e-02
-3.018441796302795410e-02 5.417401343584060669e-02
-2.629970014095306396e-02 4.975316673517227173e-02
-9.343922138214111328e-03 4.046095162630081177e-02
-3.123299777507781982e-02 5.853148549795150757e-02
-1.360924541950225830e-02 5.127615481615066528e-02
-2.734725177288055420e-02 6.252699345350265503e-02
-2.252601832151412964e-02 6.053727120161056519e-02
-4.857330024242401123e-02 7.282846421003341675e-02
-1.744736731052398682e-02 5.138280242681503296e-02
-2.895459532737731934e-03 4.734800010919570923e-02
-2.000570297241210938e-03 4.794267565011978149e-02
-9.506478905677795410e-03 5.486407130956649780e-02
9.043961763381958008e-04 4.485837370157241821e-02
-4.760093986988067627e-03 4.482836276292800903e-02
1.299165189266204834e-02 4.200526326894760132e-02
1.629304885864257812e-02 4.109326750040054321e-02
2.076910436153411865e-02 4.237664490938186646e-02
2.464300394058227539e-02 5.105928331613540649e-02
3.100576996803283691e-02 4.687193781137466431e-02
2.858935296535491943e-02 5.479825288057327271e-02
3.831008076667785645e-02 4.438085108995437622e-02
3.442497551441192627e-02 4.750645905733108521e-02
3.402721881866455078e-02 4.217619448900222778e-02
2.366533875465393066e-02 4.881633073091506958e-02
3.531910479068756104e-02 4.820933192968368530e-02
4.830507934093475342e-02 3.483550995588302612e-02
3.745794296264648438e-02 4.214311391115188599e-02
2.753287553787231445e-02 4.637818783521652222e-02
4.675717651844024658e-02 4.161968082189559937e-02
2.560681104660034180e-02 4.578719288110733032e-02
1.164853572845458984e-02 5.730270594358444214e-02
9.695738554000854492e-03 6.245718151330947876e-02
-1.244246959686279297e-04 6.628622859716415405e-02
3.013320267200469971e-03 6.259710341691970825e-02
2.210262417793273926e-02 4.334742575883865356e-02
-2.332565933465957642e-02 6.683579832315444946e-02
-2.274668216705322266e-02 6.468906253576278687e-02
-5.179636180400848389e-03 4.688353091478347778e-02
-1.189827919006347656e-03 4.152522236108779907e-02
-8.303068578243255615e-03 4.893887788057327271e-02
-1.835398375988006592e-02 5.901352316141128540e-02
-4.419503360986709595e-02 8.118913322687149048e-02
-3.871899098157882690e-02 7.600241154432296753e-02
-2.568558603525161743e-02 6.313631683588027954e-02
-4.194213449954986572e-02 6.767470389604568481e-02
-4.431317001581192017e-02 6.851796060800552368e-02
-2.471835911273956299e-02 5.353584140539169312e-02
-8.266933262348175049e-03 4.042787104845046997e-02
-1.610000431537628174e-02 4.207908362150192261e-02
-1.815297454595565796e-02 3.849182277917861938e-02
-7.114544510841369629e-03 3.088799864053726196e-02
-1.812392473220825195e-02 4.323004931211471558e-02
-1.110096275806427002e-02 4.858858138322830200e-02
-1.243266463279724121e-02 5.723647028207778931e-02
1.463657617568969727e-02 4.981677979230880737e-02
1.751406490802764893e-02 4.796531051397323608e-02
-2.071633934974670410e-03 5.699958652257919312e-02
7.540166378021240234e-03 5.055824667215347290e-02
1.906111836433410645e-03 5.886415392160415649e-02
-1.561447978019714355e-03 5.996450036764144897e-02
-5.852863192558288574e-03 6.546389311552047729e-02
1.101662218570709229e-02 5.361113697290420532e-02
2.363136410713195801e-02 4.902688413858413696e-02
2.387250959873199463e-02 5.034849792718887329e-02
3.011107444763183594e-02 5.100948363542556763e-02
4.403646290302276611e-02 4.184024780988693237e-02
4.154251515865325928e-02 5.161909013986587524e-02
4.761314392089843750e-02 4.342018812894821167e-02
4.760915040969848633e-02 5.113422125577926636e-02
7.319791615009307861e-02 2.964767068624496460e-02
8.510640263557434082e-02 2.117197960615158081e-02
6.746704876422882080e-02 3.520027548074722290e-02
9.129795432090759277e-02 2.111818641424179077e-02
9.727093577384948730e-02 1.961431652307510376e-02
9.281900525093078613e-02 2.504160255193710327e-02
8.104392886161804199e-02 3.046352416276931763e-02
6.519789993762969971e-02 4.009258002042770386e-02
4.947844147682189941e-02 4.672857373952865601e-02
4.746180772781372070e-02 4.706973582506179810e-02
4.759937524795532227e-02 4.469708353281021118e-02
4.359099268913269043e-02 4.750413447618484497e-02
3.754585981369018555e-02 5.184382945299148560e-02
3.388133645057678223e-02 4.995638877153396606e-02
4.215662181377410889e-02 4.819918423891067505e-02
1.975163817405700684e-02 6.099323183298110962e-02
1.485377550125122070e-03 7.066119462251663208e-02
-1.124586164951324463e-02 7.304068654775619507e-02
-2.094462513923645020e-02 8.017402142286300659e-02
-3.345768153667449951e-02 8.110598474740982056e-02
-1.205274462699890137e-02 6.686196476221084595e-02
-3.693863749504089355e-03 6.534833461046218872e-02
-8.247300982475280762e-03 6.428635865449905396e-02
-2.152742445468902588e-02 6.716269999742507935e-02
-2.373398840427398682e-02 6.072127074003219604e-02
-1.756462454795837402e-02 5.343133956193923950e-02
-1.422014087438583374e-02 5.258784443140029907e-02
-1.765181869268417358e-02 5.395054072141647339e-02
-3.368942439556121826e-02 5.796202272176742554e-02
-3.457014262676239014e-02 5.664918571710586548e-02
-1.897567510604858398e-02 4.670719057321548462e-02
-2.163465321063995361e-02 4.671102017164230347e-02
-3.352087736129760742e-02 6.254325062036514282e-02
-3.846766054630279541e-02 6.553257256746292114e-02
-2.884446084499359131e-02 5.980024486780166626e-02
-2.750571072101593018e-02 5.521873384714126587e-02
-2.756586670875549316e-02 5.777113884687423706e-02
-2.463188767433166504e-02 5.468261986970901489e-02
-3.369253873825073242e-02 6.234920769929885864e-02
-2.227171510457992554e-02 6.157823652029037476e-02
-7.893554866313934326e-03 4.469368606805801392e-02
9.617581963539123535e-04 4.522544890642166138e-02
9.633749723434448242e-03 4.452287405729293823e-02
-5.128473043441772461e-03 4.987327009439468384e-02
-2.810060977935791016e-04 4.579175263643264771e-02
2.172923088073730469e-02 3.112567216157913208e-02
3.712666034698486328e-02 2.504991739988327026e-02
3.656935691833496094e-02 2.529729157686233521e-02
2.003777027130126953e-02 3.650686889886856079e-02
5.736988782882690430e-02 1.703933626413345337e-02
4.606595635414123535e-02 1.385787874460220337e-02
4.881337285041809082e-02 2.138315886259078979e-02
6.792016327381134033e-02 8.589319884777069092e-03
7.327589392662048340e-02 4.972912371158599854e-03
8.358572423458099365e-02 5.238577723503112793e-04
8.563017845153808594e-02 -6.691180169582366943e-03
9.154441952705383301e-02 -1.788861304521560669e-02
7.343953847885131836e-02 -1.256807893514633179e-02
5.688500404357910156e-02 -1.528465002775192261e-02
7.127112150192260742e-02 -3.694716840982437134e-02
9.637665748596191406e-02 -5.936285108327865601e-02
9.990203380584716797e-02 -6.473083794116973877e-02
7.356539368629455566e-02 -5.116670578718185425e-02
5.333776772022247314e-02 -9.353123605251312256e-03
1.799878478050231934e-02 4.006678611040115356e-02
9.282320737838745117e-03 6.781125813722610474e-02
1.187950372695922852e-02 6.801369041204452515e-02
3.979936242103576660e-03 7.160875946283340454e-02
-1.027847826480865479e-02 7.753858715295791626e-02
-1.026450842618942261e-02 7.771042734384536743e-02
-1.505535095930099487e-02 8.011508733034133911e-02
-1.788354665040969849e-02 7.586418837308883667e-02
-2.160575240850448608e-02 7.947320491075515747e-02
-3.497318923473358154e-02 7.986894994974136353e-02
-2.482578158378601074e-02 7.448623329401016235e-02
-2.746742963790893555e-02 6.674782186746597290e-02
-2.059666812419891357e-02 6.489009410142898560e-02
-5.172416567802429199e-03 5.597484856843948364e-02
-8.712336421012878418e-04 5.308657139539718628e-02
-4.301697015762329102e-03 5.306727439165115356e-02
-2.968832850456237793e-04 5.463779717683792114e-02
-4.076257348060607910e-03 5.717144161462783813e-02
-1.463165134191513062e-02 6.185526400804519653e-02
2.598166465759277344e-03 5.090633779764175415e-02
-4.524901509284973145e-03 4.749474674463272095e-02
-5.096510052680969238e-03 4.885575920343399048e-02
-6.778851151466369629e-03 5.186999589204788208e-02
-5.533374845981597900e-03 4.647868126630783081e-02
3.548204898834228516e-03 4.895677417516708374e-02
-2.726678550243377686e-02 6.469886749982833862e-02
-1.197836548089981079e-02 6.134682148694992065e-02
-4.609391093254089355e-03 6.164684146642684937e-02
-8.721612393856048584e-03 6.093934923410415649e-02
3.069102764129638672e-02 4.110863059759140015e-02
1.170623302459716797e-02 5.231250077486038208e-02
1.118579506874084473e-02 4.967243224382400513e-02
-8.876636624336242676e-03 6.347652524709701538e-02
1.208478212356567383e-02 5.287104099988937378e-02
2.332642674446105957e-02 4.371068626642227173e-02
2.948635816574096680e-02 4.026690870523452759e-02
4.028047621250152588e-02 3.123643249273300171e-02
3.031206130981445312e-02 4.280305653810501099e-02
5.693347752094268799e-02 2.527812868356704712e-02
3.985384106636047363e-02 3.674427419900894165e-02
5.801036953926086426e-02 3.312397748231887817e-02
5.064722895622253418e-02 3.767023235559463501e-02
5.039565265178680420e-02 3.158702701330184937e-02
2.884472906589508057e-02 4.087360948324203491e-02
3.660935163497924805e-02 3.824304789304733276e-02
4.374350607395172119e-02 3.476280719041824341e-02
3.991755843162536621e-02 3.463587909936904907e-02
3.389605879783630371e-02 3.807383030652999878e-02
3.392064571380615234e-02 3.970988839864730835e-02
2.165609598159790039e-02 5.148581415414810181e-02
2.551969885826110840e-02 4.953894764184951782e-02
5.807101726531982422e-03 5.597645789384841919e-02
2.963797748088836670e-02 4.274145513772964478e-02
-1.828384399414062500e-02 7.602737098932266235e-02
-1.638896763324737549e-02 6.960866600275039673e-02
-1.809253543615341187e-02 7.289741188287734985e-02
-3.767181932926177979e-02 8.114605396986007690e-02
-2.330622076988220215e-02 7.050392776727676392e-02
-3.309713304042816162e-02 7.802394777536392212e-02
-3.138977289199829102e-02 7.325742393732070923e-02
-3.820661455392837524e-02 7.303140312433242798e-02
-3.985887765884399414e-02 7.173226028680801392e-02
-3.368247300386428833e-02 7.234405726194381714e-02
-2.476863563060760498e-02 5.943872779607772827e-02
-8.641026914119720459e-03 4.915428906679153442e-02
-9.888991713523864746e-03 5.338909476995468140e-02
-1.467949151992797852e-02 4.923648387193679810e-02
-9.243912994861602783e-03 3.911469131708145142e-02
-1.661327481269836426e-02 4.066305607557296753e-02
-2.576991915702819824e-03 3.680660575628280640e-02
-1.448222249746322632e-02 5.126734822988510132e-02
5.218490958213806152e-03 4.404685646295547485e-02
1.100645959377288818e-02 4.491902142763137817e-02
1.569762825965881348e-04 5.658040195703506470e-02
1.690772175788879395e-02 4.381573945283889771e-02
1.078546047210693359e-02 4.438272863626480103e-02
1.631388068199157715e-02 3.324828296899795532e-02
1.854613423347473145e-02 3.747797757387161255e-02
2.890077233314514160e-02 3.379429131746292114e-02
3.698045015335083008e-02 2.453169971704483032e-02
2.143445611000061035e-02 3.804037719964981079e-02
2.164027094841003418e-02 3.616216033697128296e-02
5.276761949062347412e-02 1.957703381776809692e-02
5.869600176811218262e-02 1.935865730047225952e-02
5.585372447967529297e-02 2.387229353189468384e-02
6.066161394119262695e-02 2.167170494794845581e-02
6.794531643390655518e-02 2.107096463441848755e-02
5.789986252784729004e-02 3.005328029394149780e-02
5.132859945297241211e-02 3.725004941225051880e-02
3.850880265235900879e-02 4.441446810960769653e-02
4.745700955390930176e-02 4.040748625993728638e-02
5.748480558395385742e-02 3.230274468660354614e-02
4.712647199630737305e-02 4.199074953794479370e-02
5.091413855552673340e-02 3.339273482561111450e-02
3.861357271671295166e-02 4.128187149763107300e-02
2.431803941726684570e-02 4.824160784482955933e-02
4.112342000007629395e-02 3.441879898309707642e-02
4.363287985324859619e-02 4.592493921518325806e-02
6.489858031272888184e-02 3.221759945154190063e-02
2.807211875915527344e-02 5.316206067800521851e-02
9.664148092269897461e-03 6.961929053068161011e-02
-1.412831246852874756e-03 7.746184617280960083e-02
-7.460527122020721436e-03 7.178393751382827759e-02
1.155979931354522705e-03 6.351087242364883423e-02
2.180695533752441406e-02 4.849097877740859985e-02
-9.038373827934265137e-03 6.084383279085159302e-02
-5.666837096214294434e-04 5.063243955373764038e-02
1.337110996246337891e-03 5.243244022130966187e-02
-1.052762567996978760e-02 5.934540182352066040e-02
1.449391245841979980e-03 4.700734466314315796e-02
-6.257347762584686279e-03 4.518314450979232788e-02
1.860018074512481689e-02 3.428234905004501343e-02
1.408012211322784424e-02 4.111684113740921021e-02
-1.207517087459564209e-02 5.118238180875778198e-02
1.601904630661010742e-02 3.084819763898849487e-02
1.833193004131317139e-03 4.412636905908584595e-02
5.731903016567230225e-03 3.859246522188186646e-02
4.311859607696533203e-03 3.562176972627639771e-02
-1.050977408885955811e-02 4.444248229265213013e-02
1.899337768554687500e-02 3.515627235174179077e-02
1.476840674877166748e-02 3.159079700708389282e-02
2.672860026359558105e-02 2.710289508104324341e-02
1.866349577903747559e-02 3.767133504152297974e-02
2.297255396842956543e-02 3.874317556619644165e-02
1.098632812500000000e-03 4.668840020895004272e-02
7.702603936195373535e-03 3.772554546594619751e-02
9.988546371459960938e-03 4.578904062509536743e-02
3.082951903343200684e-02 2.682851999998092651e-02
3.322470188140869141e-02 3.071548789739608765e-02
2.866238355636596680e-02 2.813459187746047974e-02
4.679259657859802246e-02 1.541637629270553589e-02
3.357461094856262207e-02 1.746658235788345337e-02
3.609347343444824219e-02 1.769421249628067017e-02
4.141648113727569580e-02 1.089733093976974487e-02
4.644230008125305176e-02 1.652435213327407837e-02
3.728225827217102051e-03 4.703336209058761597e-02
6.864908337593078613e-02 7.375292479991912842e-03
4.879823327064514160e-02 2.124036103487014771e-02
5.842205882072448730e-02 1.140788942575454712e-02
4.678113758563995361e-02 1.142404228448867798e-02
3.160449862480163574e-02 2.193895727396011353e-02
4.114188253879547119e-02 1.133965700864791870e-02
1.312138140201568604e-02 2.342990785837173462e-02
1.332983374595642090e-03 2.972675114870071411e-02
5.825005471706390381e-03 2.083199471235275269e-02
5.500823259353637695e-02 4.627026617527008057e-03
6.785616278648376465e-02 -5.561664700508117676e-03
7.203224301338195801e-02 -7.074601948261260986e-03
7.050117850303649902e-02 -4.913613200187683105e-03
1.677754521369934082e-02 4.973845928907394409e-02
-4.749223589897155762e-03 7.400154322385787964e-02
2.552792429924011230e-03 5.877751857042312622e-02
-2.997130155563354492e-03 6.833157688379287720e-02
-9.690567851066589355e-03 7.179369777441024780e-02
-2.053972333669662476e-02 7.381979376077651978e-02
-5.790077149868011475e-02 9.165883809328079224e-02
-2.258826792240142822e-02 6.654227524995803833e-02
-5.470729619264602661e-02 6.977618485689163208e-02
-7.039827853441238403e-02 7.739872485399246216e-02
-4.868910461664199829e-02 7.288295775651931763e-02
-3.407260775566101074e-02 5.744216591119766235e-02
-2.900165319442749023e-02 5.662275105714797974e-02
-4.355936497449874878e-02 5.588934570550918579e-02
-3.300918638706207275e-02 4.254356771707534790e-02
-3.385320305824279785e-02 3.063557296991348267e-02
-3.331376612186431885e-02 2.138105779886245728e-02
-4.556366801261901855e-02 1.273534446954727173e-02
-2.854947745800018311e-02 -1.228158175945281982e-02
2.558082342147827148e-04 -2.017875015735626221e-02
-1.738491654396057129e-02 1.377627253532409668e-03
-1.719348132610321045e-02 2.354317158460617065e-02
-4.171577095985412598e-02 6.817472726106643677e-02
-3.522220999002456665e-02 7.134426385164260864e-02
-4.457735270261764526e-02 7.542664557695388794e-02
-3.661961853504180908e-02 7.123615592718124390e-02
-2.125680446624755859e-02 7.298742979764938354e-02
-1.716123521327972412e-02 6.944181770086288452e-02
-1.641061902046203613e-02 6.960796564817428589e-02
-2.986668050289154053e-02 7.289660722017288208e-02
-2.527134120464324951e-02 7.210970669984817505e-02
-5.800919234752655029e-02 9.186918288469314575e-02
-3.295145183801651001e-02 7.822953909635543823e-02
-4.298903048038482666e-02 8.285022526979446411e-02
-3.005538880825042725e-02 7.790649682283401489e-02
-3.941548615694046021e-02 8.492908626794815063e-02
-4.277123510837554932e-02 8.542647212743759155e-02
-4.097780585289001465e-02 9.536091238260269165e-02
-1.863795518875122070e-02 8.555556088685989380e-02
-2.028032392263412476e-02 8.524607867002487183e-02
-4.824623465538024902e-04 7.105364650487899780e-02
6.306000053882598877e-03 6.250003725290298462e-02
2.631941437721252441e-02 5.277822166681289673e-02
2.818877995014190674e-02 5.683044344186782837e-02
2.471621334552764893e-02 5.363760143518447876e-02
3.946717083454132080e-02 4.287467151880264282e-02
4.719901084899902344e-02 4.445863515138626099e-02
4.053714871406555176e-02 5.116412788629531860e-02
3.770902752876281738e-02 5.539260059595108032e-02
4.084113240242004395e-02 6.347731500864028931e-02
4.908604919910430908e-02 5.950627475976943970e-02
4.476881027221679688e-02 6.034017354249954224e-02
4.932373762130737305e-02 5.750446766614913940e-02
1.672470569610595703e-02 6.398691982030868530e-02
4.766330122947692871e-02 4.988417774438858032e-02
3.156952559947967529e-02 5.354706197977066040e-02
2.516838908195495605e-02 5.473060160875320435e-02
1.197853684425354004e-02 6.379226595163345337e-02
6.218217313289642334e-03 7.147253304719924927e-02
-3.348946571350097656e-03 6.838818639516830444e-02
1.824215054512023926e-03 6.282188743352890015e-02
-3.613710403442382812e-03 5.797978490591049194e-02
2.727612853050231934e-02 4.814282804727554321e-02
3.432638943195343018e-02 4.008043557405471802e-02
4.842764139175415039e-02 3.072387725114822388e-02
3.158086538314819336e-02 3.345743566751480103e-02
5.903261899948120117e-02 2.508945018053054810e-02
4.410316050052642822e-02 2.595872431993484497e-02
6.323713064193725586e-02 2.319965511560440063e-02
3.805348277091979980e-02 3.864253312349319458e-02
1.521471142768859863e-02 5.470972508192062378e-02
1.752239465713500977e-02 6.062658876180648804e-02
-3.979828208684921265e-02 1.025581881403923035e-01
-6.108782440423965454e-02 1.052744016051292419e-01
-8.732871711254119873e-02 1.097226515412330627e-01
-8.561438322067260742e-02 9.394764155149459839e-02
-7.838308811187744141e-02 8.168468624353408813e-02
-1.031415611505508423e-01 8.201170712709426880e-02
-1.270225942134857178e-01 8.068729192018508911e-02
-1.392621397972106934e-01 7.471295446157455444e-02
-1.055005937814712524e-01 4.981913417577743530e-02
-1.245835721492767334e-01 5.249639600515365601e-02
-8.056862652301788330e-02 2.430284768342971802e-02
-5.424310266971588135e-02 7.331587374210357666e-03
-5.718736723065376282e-02 -1.010178029537200928e-02
-7.497495412826538086e-02 6.585247814655303955e-03
-5.701156705617904663e-02 -1.351624727249145508e-02
-8.114866167306900024e-02 1.000306755304336548e-02
-5.358546972274780273e-02 1.057260483503341675e-02
-4.389306902885437012e-02 2.233065664768218994e-03
-4.824212938547134399e-02 1.976320892572402954e-02
-7.092305272817611694e-02 4.583472758531570435e-02
-2.915492653846740723e-02 1.777312904596328735e-02
-4.287309944629669189e-03 1.405987888574600220e-02
3.353014588356018066e-03 2.507615834474563599e-02
1.910096406936645508e-02 2.411026507616043091e-02
3.551581501960754395e-02 2.878806740045547485e-02
5.975092947483062744e-02 1.555616408586502075e-02
2.471764385700225830e-02 3.778585046529769897e-02
8.660739660263061523e-02 5.894638597965240479e-03
6.767377257347106934e-02 2.568189054727554321e-02
4.350562393665313721e-02 5.051957815885543823e-02
7.191702723503112793e-02 3.056777268648147583e-02
7.971335947513580322e-02 2.524443715810775757e-02
5.279225111007690430e-02 4.472599178552627563e-02
1.126866787672042847e-01 1.667633652687072754e-03
8.528409898281097412e-02 2.670849114656448364e-02
7.947009801864624023e-02 3.033267706632614136e-02
3.387661278247833252e-02 6.172046810388565063e-02
7.063320279121398926e-02 2.703008800745010376e-02
3.586281836032867432e-02 4.965383559465408325e-02
3.356309235095977783e-02 5.796117335557937622e-02
6.213870644569396973e-02 3.132639080286026001e-02
6.493115425109863281e-02 1.849319785833358765e-02
5.699019134044647217e-02 3.471807390451431274e-02
3.590101003646850586e-02 4.879141598939895630e-02
3.394766151905059814e-02 4.600236564874649048e-02
2.418020367622375488e-02 4.850830882787704468e-02
1.859381794929504395e-03 5.650132149457931519e-02
-3.060477972030639648e-02 7.751408964395523071e-02
-2.375049889087677002e-02 6.740211695432662964e-02
-2.093100547790527344e-02 7.643807679414749146e-02
-2.401882410049438477e-02 8.778942376375198364e-02
-6.381933391094207764e-02 1.080200746655464172e-01
-6.366543471813201904e-02 1.034501865506172180e-01
-6.152743846178054810e-02 9.640602022409439087e-02
-6.696785986423492432e-02 9.791051596403121948e-02
-8.091350644826889038e-02 9.787181764841079712e-02
-8.628100156784057617e-02 1.033155545592308044e-01
-7.509858906269073486e-02 9.732326120138168335e-02
