3.960416465997695923e-02 1.435237750411033630e-02
3.861752897500991821e-02 -4.022305831313133240e-03
3.152231499552726746e-02 -1.400542445480823517e-02
3.470385074615478516e-02 -9.655222296714782715e-03
4.119679331779479980e-02 -7.781514897942543030e-03
3.669740259647369385e-02 1.290237531065940857e-03
3.925507515668869019e-02 1.195004954934120178e-02
4.227492958307266235e-02 7.803579792380332947e-03
4.514799639582633972e-02 1.965943165123462677e-02
4.129441082477569580e-02 1.123781688511371613e-02
4.298315197229385376e-02 1.444175094366073608e-02
4.133046418428421021e-02 4.364075139164924622e-03
3.172827139496803284e-02 -3.580136224627494812e-03
2.811402082443237305e-02 -5.101375281810760498e-04
2.511210367083549500e-02 6.392678245902061462e-03
2.227340638637542725e-02 9.762104600667953491e-04
3.348267078399658203e-02 1.206525415182113647e-02
3.308087214827537537e-02 1.574378460645675659e-03
3.114920482039451599e-02 -5.445929244160652161e-03
4.121065884828567505e-02 1.352734304964542389e-02
4.848686605691909790e-02 1.405299082398414612e-02
4.817795753479003906e-02 8.574674837291240692e-03
5.395461618900299072e-02 1.828679814934730530e-03
5.959106236696243286e-02 -8.964164182543754578e-03
6.282591074705123901e-02 -2.717712894082069397e-03
4.922454804182052612e-02 -1.750593818724155426e-02
3.861453011631965637e-02 -3.093753196299076080e-02
2.534693479537963867e-02 -3.008962236344814301e-02
2.640308439731597900e-02 -3.138580918312072754e-02
2.979754284024238586e-02 -4.174865782260894775e-03
4.206378757953643799e-02 7.090538740158081055e-03
4.879139363765716553e-02 2.764049172401428223e-02
5.380870401859283447e-02 3.819858282804489136e-02
5.378377437591552734e-02 3.510992974042892456e-02
5.609700083732604980e-02 3.285111859440803528e-02
4.303143918514251709e-02 1.227652560919523239e-02
4.577342420816421509e-02 8.091943338513374329e-03
4.155360907316207886e-02 -2.634599804878234863e-03
4.321153834462165833e-02 1.325215026736259460e-02
3.738058730959892273e-02 6.350036710500717163e-04
4.028812795877456665e-02 1.604633405804634094e-03
3.762787207961082458e-02 -1.016472652554512024e-02
3.502936661243438721e-02 -7.513875141739845276e-03
3.363465890288352966e-02 -4.359152168035507202e-03
2.838543429970741272e-02 -1.184035651385784149e-02
3.195095062255859375e-02 -9.220913052558898926e-03
3.307785093784332275e-02 7.525455206632614136e-03
3.002645075321197510e-02 1.611715182662010193e-02
3.252948075532913208e-02 9.026529267430305481e-03
3.636144474148750305e-02 6.640698760747909546e-03
4.211684316396713257e-02 1.469961740076541901e-02
3.937938436865806580e-02 2.143857441842556000e-02
4.119494557380676270e-02 6.111772730946540833e-03
4.288994893431663513e-02 1.139493100345134735e-02
4.085122421383857727e-02 1.146070566028356552e-02
3.721599280834197998e-02 8.340554311871528625e-03
3.517658635973930359e-02 1.864444278180599213e-02
3.873929753899574280e-02 2.877942100167274475e-02
4.551286995410919189e-02 3.811186552047729492e-02
4.155457019805908203e-02 1.915443502366542816e-02
3.731822222471237183e-02 8.547233417630195618e-03
3.814917802810668945e-02 -8.529514074325561523e-03
3.134402632713317871e-02 -1.720706932246685028e-02
2.885670959949493408e-02 -7.059652358293533325e-03
3.564957529306411743e-02 1.681415364146232605e-02
4.251798242330551147e-02 3.490598127245903015e-02
4.358571767807006836e-02 3.927039355039596558e-02
4.509842023253440857e-02 4.323768988251686096e-02
4.605339467525482178e-02 3.564346581697463989e-02
3.974268585443496704e-02 1.308857742697000504e-02
4.952269047498703003e-02 2.735574543476104736e-02
4.392955452203750610e-02 1.471749506890773773e-02
3.547273576259613037e-02 1.162590086460113525e-02
3.501995652914047241e-02 1.721740514039993286e-02
4.261049628257751465e-02 3.164695948362350464e-02
4.113835096359252930e-02 2.556101791560649872e-02
3.928923606872558594e-02 2.208827435970306396e-02
4.006454348564147949e-02 1.968410052359104156e-02
2.144195139408111572e-02 -2.296469546854496002e-02
2.468460425734519958e-02 -1.835350878536701202e-02
2.699545770883560181e-02 -1.381597481667995453e-02
2.606929838657379150e-02 -1.086881943047046661e-02
3.263547271490097046e-02 -1.314070634543895721e-02
3.397476300597190857e-02 -2.956196665763854980e-03
3.545757383108139038e-02 -1.529835164546966553e-03
3.818570077419281006e-02 -4.448136314749717712e-03
4.572975635528564453e-02 1.014558598399162292e-02
4.705900326371192932e-02 1.946398057043552399e-02
4.796411469578742981e-02 2.464083768427371979e-02
4.203782230615615845e-02 3.290113061666488647e-02
5.329062789678573608e-02 5.513681471347808838e-02
5.279049277305603027e-02 4.457302391529083252e-02
5.381507799029350281e-02 2.255000919103622437e-02
5.086540058255195618e-02 2.182659134268760681e-02
4.801359772682189941e-02 3.640769049525260925e-03
5.180122703313827515e-02 1.384828239679336548e-02
5.735342577099800110e-02 2.888704463839530945e-02
5.677523091435432434e-02 3.611769527196884155e-02
6.423812359571456909e-02 4.775669053196907043e-02
5.896995589137077332e-02 6.961404532194137573e-02
6.199419125914573669e-02 8.269257098436355591e-02
6.296975165605545044e-02 8.272632956504821777e-02
6.477697938680648804e-02 8.773113042116165161e-02
6.859321892261505127e-02 1.116780340671539307e-01
5.701059103012084961e-02 1.121555417776107788e-01
3.353153914213180542e-02 1.063732132315635681e-01
2.225362882018089294e-02 8.969882875680923462e-02
1.595358923077583313e-02 5.387663841247558594e-02
2.234471589326858521e-02 3.916838020086288452e-02
3.465206921100616455e-02 7.285439968109130859e-02
3.338566422462463379e-02 5.322884768247604370e-02
4.139688611030578613e-02 4.246749728918075562e-02
4.502252489328384399e-02 2.839978598058223724e-02
4.626296088099479675e-02 3.810938075184822083e-02
4.729972779750823975e-02 3.798601031303405762e-02
3.985342383384704590e-02 2.700627036392688751e-02
3.321896120905876160e-02 1.634900458157062531e-02
4.230562970042228699e-02 2.139727212488651276e-02
3.326832503080368042e-02 8.893480524420738220e-03
3.195258229970932007e-02 6.017565727233886719e-03
3.425194695591926575e-02 1.842398382723331451e-02
3.622345253825187683e-02 -2.223199233412742615e-03
3.599932789802551270e-02 -4.420692101120948792e-03
3.607921302318572998e-02 -8.286854252219200134e-03
4.326770454645156860e-02 -7.277069613337516785e-03
3.784634917974472046e-02 -1.135233789682388306e-03
4.046428203582763672e-02 6.997598335146903992e-03
3.497710824012756348e-02 1.444251649081707001e-02
4.088298976421356201e-02 2.011750079691410065e-02
4.178280010819435120e-02 1.323026046156883240e-02
4.296901077032089233e-02 9.296992793679237366e-03
5.386225134134292603e-02 1.472490094602108002e-02
5.892796814441680908e-02 2.854757755994796753e-02
6.320839375257492065e-02 3.346289694309234619e-02
5.366527289152145386e-02 4.581726342439651489e-02
6.097000092267990112e-02 8.226856589317321777e-02
5.180127918720245361e-02 7.868223637342453003e-02
4.819649457931518555e-02 7.059532403945922852e-02
5.310515314340591431e-02 6.651646643877029419e-02
5.851136893033981323e-02 6.272400915622711182e-02
6.421761959791183472e-02 6.171817332506179810e-02
6.014992669224739075e-02 5.543231964111328125e-02
6.243178620934486389e-02 5.109497159719467163e-02
5.285594984889030457e-02 5.575441569089889526e-02
4.051604494452476501e-02 4.422473162412643433e-02
3.594750165939331055e-02 5.393067747354507446e-02
3.484904021024703979e-02 6.198969483375549316e-02
4.238408431410789490e-02 5.025323480367660522e-02
4.201938956975936890e-02 3.492983430624008179e-02
3.688808158040046692e-02 1.045126374810934067e-02
3.612425923347473145e-02 1.279910374432802200e-02
3.561844304203987122e-02 2.127127163112163544e-02
3.776741772890090942e-02 2.566796727478504181e-02
4.079503566026687622e-02 3.031262755393981934e-02
4.113419726490974426e-02 2.327616140246391296e-02
3.488305956125259399e-02 3.191947937011718750e-02
3.785705193877220154e-02 3.138048946857452393e-02
4.479872435331344604e-02 4.104421287775039673e-02
3.686025738716125488e-02 1.542723551392555237e-02
4.534132033586502075e-02 1.727987825870513916e-02
3.726309537887573242e-02 7.293943315744400024e-03
3.950915485620498657e-02 5.553022958338260651e-03
2.630732581019401550e-02 -1.462108828127384186e-02
2.185496315360069275e-02 -8.728858083486557007e-03
2.802138403058052063e-02 5.087077617645263672e-03
2.898939326405525208e-02 -1.286953873932361603e-02
3.171218931674957275e-02 -2.142199315130710602e-02
3.752692788839340210e-02 -4.048660397529602051e-03
2.964318171143531799e-02 2.495186403393745422e-03
4.012120887637138367e-02 8.730197325348854065e-03
4.130293428897857666e-02 1.273324154317378998e-02
3.599909693002700806e-02 3.636816516518592834e-03
4.521081596612930298e-02 2.455776184797286987e-02
4.612035676836967468e-02 2.497977949678897858e-02
4.264137893915176392e-02 2.897316031157970428e-02
4.785467311739921570e-02 2.360757999122142792e-02
5.465575307607650757e-02 2.777150459587574005e-02
4.902546480298042297e-02 1.928419247269630432e-02
7.567296177148818970e-02 5.177168548107147217e-02
6.317233294248580933e-02 5.678495764732360840e-02
4.754727333784103394e-02 4.459153115749359131e-02
4.816969484090805054e-02 5.596536397933959961e-02
4.498104751110076904e-02 5.553548038005828857e-02
5.005437135696411133e-02 7.180294394493103027e-02
4.618317633867263794e-02 7.015138119459152222e-02
4.479736089706420898e-02 7.821696251630783081e-02
4.259711876511573792e-02 6.058715283870697021e-02
5.709630250930786133e-02 7.674267888069152832e-02
5.063953250646591187e-02 5.297175794839859009e-02
4.057913646101951599e-02 4.078496992588043213e-02
3.172294422984123230e-02 6.004971265792846680e-02
2.108231931924819946e-02 4.948596656322479248e-02
1.693223044276237488e-02 4.627151414752006531e-02
2.325936406850814819e-02 3.541089966893196106e-02
2.892574667930603027e-02 4.695003479719161987e-02
3.334750235080718994e-02 4.639714211225509644e-02
3.112041205167770386e-02 4.082263261079788208e-02
4.161021113395690918e-02 3.100854158401489258e-02
5.258679017424583435e-02 4.461742937564849854e-02
4.936964064836502075e-02 5.210111290216445923e-02
4.428751766681671143e-02 3.663536906242370605e-02
3.741726651787757874e-02 1.683761924505233765e-02
4.142829403281211853e-02 1.834694854915142059e-02
3.409043699502944946e-02 1.788594573736190796e-02
3.483408689498901367e-02 1.007312908768653870e-02
3.778820484876632690e-02 1.414588466286659241e-02
3.837230429053306580e-02 1.038401387631893158e-02
4.182720184326171875e-02 2.702822163701057434e-02
3.087913244962692261e-02 2.634661272168159485e-03
3.748761862516403198e-02 2.312014065682888031e-02
3.749637305736541748e-02 3.432181477546691895e-02
3.200152143836021423e-02 1.144772954285144806e-02
3.377944231033325195e-02 -3.521300852298736572e-03
2.747385203838348389e-02 -2.771820686757564545e-02
3.466596454381942749e-02 -2.397983334958553314e-02
3.528044000267982483e-02 -1.049072481691837311e-02
3.608964383602142334e-02 9.906047955155372620e-03
4.193898290395736694e-02 1.157384552061557770e-02
3.769424930214881897e-02 2.738891169428825378e-03
4.039512574672698975e-02 9.506309404969215393e-03
3.776847571134567261e-02 7.484951987862586975e-03
4.954866319894790649e-02 3.815850615501403809e-02
4.300923645496368408e-02 2.211082912981510162e-02
4.024954885244369507e-02 -4.492880776524543762e-03
4.152238368988037109e-02 -5.039677023887634277e-03
4.643040150403976440e-02 -3.375073894858360291e-03
4.989981278777122498e-02 1.747841015458106995e-03
6.234735623002052307e-02 2.329005673527717590e-02
5.421287193894386292e-02 4.022210091352462769e-02
5.734349787235260010e-02 4.704509675502777100e-02
4.504702240228652954e-02 4.295102506875991821e-02
4.932525753974914551e-02 5.249361693859100342e-02
5.710078030824661255e-02 7.839071005582809448e-02
6.927471607923507690e-02 7.967565208673477173e-02
6.860467791557312012e-02 8.173526078462600708e-02
5.663663521409034729e-02 4.546687006950378418e-02
5.357515066862106323e-02 5.629743635654449463e-02
5.470584332942962646e-02 6.172998249530792236e-02
4.656776413321495056e-02 7.349613308906555176e-02
3.494200482964515686e-02 7.756982743740081787e-02
1.899500191211700439e-02 4.731950163841247559e-02
2.195581793785095215e-02 3.348289430141448975e-02
3.073875606060028076e-02 4.673788696527481079e-02
3.425870835781097412e-02 5.454438924789428711e-02
3.818283602595329285e-02 4.758959263563156128e-02
4.798582568764686584e-02 4.272171854972839355e-02
4.661088436841964722e-02 3.291759267449378967e-02
4.222758114337921143e-02 2.264394238591194153e-02
4.897722601890563965e-02 2.132754027843475342e-02
4.078721255064010620e-02 1.060541812330484390e-02
4.075783491134643555e-02 2.045847475528717041e-02
4.163026437163352966e-02 1.122028473764657974e-02
4.105810075998306274e-02 7.402912713587284088e-03
3.764343634247779846e-02 -7.987879216670989990e-04
3.539301082491874695e-02 3.717184066772460938e-03
4.225650802254676819e-02 -8.804583922028541565e-03
3.765701130032539368e-02 -9.262446314096450806e-03
4.586350917816162109e-02 -6.178544834256172180e-03
4.658516496419906616e-02 1.118833571672439575e-02
4.176609218120574951e-02 2.961581572890281677e-03
4.474607110023498535e-02 3.130922093987464905e-03
3.807216137647628784e-02 1.874304004013538361e-02
3.821152821183204651e-02 1.804374344646930695e-02
3.410625457763671875e-02 1.256198063492774963e-02
3.862046822905540466e-02 3.199522942304611206e-02
3.404482454061508179e-02 1.042168401181697845e-02
4.133328050374984741e-02 2.257560379803180695e-02
4.204710200428962708e-02 3.214873373508453369e-02
4.911299049854278564e-02 3.308585286140441895e-02
4.546599835157394409e-02 3.053970821201801300e-02
4.363178834319114685e-02 3.016029857099056244e-02
4.590445011854171753e-02 3.553946316242218018e-02
5.014339834451675415e-02 3.554011881351470947e-02
4.814122617244720459e-02 4.833403602242469788e-02
5.036401003599166870e-02 6.015300005674362183e-02
4.556028917431831360e-02 6.390811502933502197e-02
4.357927292585372925e-02 6.755197793245315552e-02
4.643178731203079224e-02 6.687165051698684692e-02
4.502391070127487183e-02 5.479142069816589355e-02
4.918227344751358032e-02 4.155900701880455017e-02
4.797269403934478760e-02 4.241555184125900269e-02
4.724148660898208618e-02 2.941145002841949463e-02
5.681888759136199951e-02 5.124489963054656982e-02
4.650973528623580933e-02 3.058828413486480713e-02
4.306441545486450195e-02 3.796519339084625244e-02
4.508657380938529968e-02 5.307012796401977539e-02
3.327617049217224121e-02 2.419085986912250519e-02
3.104583919048309326e-02 2.024566568434238434e-02
3.648867458105087280e-02 3.549390658736228943e-02
2.870762348175048828e-02 1.644252799451351166e-02
3.743124753236770630e-02 1.517334394156932831e-02
4.217340052127838135e-02 1.178547367453575134e-02
4.428756982088088989e-02 4.639936611056327820e-03
4.807854071259498596e-02 1.816131547093391418e-02
4.201999306678771973e-02 2.006219886243343353e-02
4.328737780451774597e-02 3.168159723281860352e-02
4.215608164668083191e-02 3.625728189945220947e-02
4.322556033730506897e-02 2.850713394582271576e-02
3.641431406140327454e-02 2.241059578955173492e-02
3.586145490407943726e-02 3.337964043021202087e-02
3.433997184038162231e-02 2.543364651501178741e-02
2.908174879848957062e-02 1.236139982938766479e-02
3.010397218167781830e-02 8.977270685136318207e-03
3.216236457228660583e-02 -4.188735038042068481e-04
3.154417872428894043e-02 1.044925302267074585e-02
3.523409366607666016e-02 1.331826671957969666e-03
3.158937022089958191e-02 1.079813949763774872e-02
2.923681959509849548e-02 -2.246435731649398804e-03
3.092245757579803467e-02 -1.366060040891170502e-02
2.349321544170379639e-02 -2.143222279846668243e-02
2.449924871325492859e-02 -1.905891858041286469e-02
2.167216688394546509e-02 -1.480050943791866302e-02
2.983310818672180176e-02 -1.875010319054126740e-02
3.846954926848411560e-02 -2.474403008818626404e-03
4.301793128252029419e-02 1.056049019098281860e-02
3.547756373882293701e-02 7.361326366662979126e-03
3.128249943256378174e-02 -1.990811899304389954e-03
2.864700928330421448e-02 3.792596980929374695e-03
2.489940077066421509e-02 -3.811748698353767395e-03
2.735371887683868408e-02 -7.865976542234420776e-03
2.704130858182907104e-02 -1.223572529852390289e-02
3.216158598661422729e-02 -8.394187316298484802e-03
3.068567626178264618e-02 1.210194081068038940e-03
3.630175441503524780e-02 2.015529386699199677e-02
4.559040814638137817e-02 3.400533646345138550e-02
4.708016663789749146e-02 2.668769098818302155e-02
4.337032139301300049e-02 1.213521882891654968e-02
3.822866827249526978e-02 8.770411834120750427e-03
3.450457751750946045e-02 2.384680509567260742e-02
4.510477930307388306e-02 4.962822794914245605e-02
3.467567265033721924e-02 4.751291126012802124e-02
3.698894008994102478e-02 4.086930304765701294e-02
4.970075190067291260e-02 4.686913639307022095e-02
6.406415253877639771e-02 8.337657153606414795e-02
5.819563567638397217e-02 6.868469715118408203e-02
5.722490698099136353e-02 7.668520510196685791e-02
5.868468061089515686e-02 6.160387396812438965e-02
5.449182540178298950e-02 3.066903725266456604e-02
5.459778383374214172e-02 7.627275772392749786e-03
4.705350100994110107e-02 2.199239656329154968e-02
4.679074883460998535e-02 3.549003601074218750e-02
5.724215880036354065e-02 6.373320519924163818e-02
6.392883509397506714e-02 5.827649682760238647e-02
5.756656453013420105e-02 5.301753431558609009e-02
4.994556307792663574e-02 4.127130284905433655e-02
4.707567393779754639e-02 1.856154389679431915e-02
4.562388360500335693e-02 1.952985860407352448e-02
3.602608293294906616e-02 2.962239086627960205e-03
3.231547772884368896e-02 3.712236136198043823e-02
2.580099180340766907e-02 1.053355354815721512e-02
3.618133813142776489e-02 3.447815775871276855e-03
3.841185569763183594e-02 -3.288477659225463867e-03
3.246489167213439941e-02 -1.434700377285480499e-02
3.812045603990554810e-02 -9.224912151694297791e-03
3.788524121046066284e-02 -1.387015916407108307e-02
4.381111264228820801e-02 2.558793872594833374e-03
4.850223660469055176e-02 2.114484086632728577e-03
4.232880473136901855e-02 1.142818853259086609e-02
4.830170422792434692e-02 -2.761594951152801514e-04
4.724361002445220947e-02 -4.545003175735473633e-04
4.419071972370147705e-02 9.987452998757362366e-03
4.715182632207870483e-02 1.194626837968826294e-02
4.682905599474906921e-02 1.504466030746698380e-02
5.431798473000526428e-02 2.304137498140335083e-02
5.802222341299057007e-02 2.265510708093643188e-02
5.965594574809074402e-02 2.594416588544845581e-02
4.745894670486450195e-02 5.616080015897750854e-03
5.102941393852233887e-02 1.124341972172260284e-02
5.466531962156295776e-02 1.817132905125617981e-02
5.286993831396102905e-02 2.907366864383220673e-02
5.339435115456581116e-02 3.220570087432861328e-02
5.145866051316261292e-02 4.741500318050384521e-02
4.908814281225204468e-02 5.047681182622909546e-02
5.502385273575782776e-02 5.410338193178176880e-02
5.669513344764709473e-02 5.679133534431457520e-02
5.335204675793647766e-02 4.130262881517410278e-02
5.312895029783248901e-02 2.932755090296268463e-02
5.917495861649513245e-02 3.195286914706230164e-02
5.535796284675598145e-02 2.479351498186588287e-02
5.617740750312805176e-02 2.947355061769485474e-02
5.294583737850189209e-02 2.070517838001251221e-02
5.339275673031806946e-02 3.386647999286651611e-02
4.433494061231613159e-02 2.211968600749969482e-02
3.586059063673019409e-02 2.204743400216102600e-02
3.578602150082588196e-02 3.220549970865249634e-02
3.800806403160095215e-02 3.047704324126243591e-02
4.488855972886085510e-02 3.327310457825660706e-02
4.152710735797882080e-02 1.055775582790374756e-02
4.267887026071548462e-02 8.793656714260578156e-03
4.232871904969215393e-02 2.670900896191596985e-03
4.542926698923110962e-02 1.128414086997509003e-02
4.112744331359863281e-02 1.350304484367370605e-02
5.171535909175872803e-02 2.535743266344070435e-02
4.746906459331512451e-02 2.549383416771888733e-02
4.681628942489624023e-02 2.229871600866317749e-02
4.304209351539611816e-02 1.765937916934490204e-02
3.488907963037490845e-02 2.113353647291660309e-02
3.014224767684936523e-02 4.504974931478500366e-04
3.822586685419082642e-02 6.155518814921379089e-03
3.427419438958168030e-02 -1.408225484192371368e-02
3.062614053487777710e-02 -1.935019157826900482e-02
3.614553064107894897e-02 -1.258391700685024261e-02
4.078520089387893677e-02 -1.488514430820941925e-02
4.673337936401367188e-02 -1.835481263697147369e-02
4.012516885995864868e-02 -1.125094480812549591e-02
3.553584963083267212e-02 -9.274329990148544312e-03
2.626805379986763000e-02 -1.681325025856494904e-02
2.754777669906616211e-02 -3.933424130082130432e-03
2.791492268443107605e-02 -4.094878211617469788e-03
2.987024188041687012e-02 -1.105247996747493744e-02
2.521893754601478577e-02 -1.027997769415378571e-02
3.577654063701629639e-02 4.271075129508972168e-03
3.567618876695632935e-02 -2.751054242253303528e-03
3.933550417423248291e-02 3.102000802755355835e-03
4.255874454975128174e-02 1.747157238423824310e-02
4.324648156762123108e-02 2.063379809260368347e-02
4.594973474740982056e-02 1.923409104347229004e-02
5.265950039029121399e-02 2.885380387306213379e-02
5.214167758822441101e-02 3.006578050553798676e-02
6.255251169204711914e-02 7.121802121400833130e-02
6.001474708318710327e-02 7.104964554309844971e-02
5.193667858839035034e-02 3.077774308621883392e-02
4.568792134523391724e-02 1.669102720916271210e-02
5.051495879888534546e-02 3.246441856026649475e-02
5.894947424530982971e-02 4.883619397878646851e-02
5.623136088252067566e-02 3.707540780305862427e-02
5.401859059929847717e-02 3.980129957199096680e-02
5.577448010444641113e-02 3.818731009960174561e-02
4.564454033970832825e-02 3.093788027763366699e-02
4.025236144661903381e-02 3.027483448386192322e-02
3.664988651871681213e-02 2.554545551538467407e-02
3.425179049372673035e-02 2.905889041721820831e-02
3.903392702341079712e-02 3.893534839153289795e-02
4.018794745206832886e-02 3.240934386849403381e-02
4.484917223453521729e-02 1.909239031374454498e-02
4.192508757114410400e-02 8.481910452246665955e-03
4.540983214974403381e-02 1.487366110086441040e-02
4.155138134956359863e-02 1.435473188757896423e-02
3.698367625474929810e-02 9.710303507745265961e-03
4.532835632562637329e-02 2.734556607902050018e-02
4.485441744327545166e-02 2.255248092114925385e-02
4.583888500928878784e-02 3.085028007626533508e-02
4.672453552484512329e-02 2.909539826214313507e-02
3.938450664281845093e-02 2.595135197043418884e-02
4.190996289253234863e-02 1.691924408078193665e-02
4.042211920022964478e-02 6.785506382584571838e-03
3.469716012477874756e-02 5.120402202010154724e-03
2.454620227217674255e-02 7.511382922530174255e-03
3.097170777618885040e-02 4.714114591479301453e-03
2.964532561600208282e-02 3.021210432052612305e-05
2.978116646409034729e-02 -9.507974609732627869e-03
3.582251444458961487e-02 -1.357178948819637299e-02
2.933243289589881897e-02 -2.151232399046421051e-02
3.168052434921264648e-02 -9.762989357113838196e-03
2.778289467096328735e-02 -1.127941161394119263e-02
2.311352267861366272e-02 -1.294657029211521149e-02
3.111045807600021362e-02 -1.271091960370540619e-02
2.763009071350097656e-02 -1.226183213293552399e-02
2.688122540712356567e-02 -3.437748178839683533e-03
1.805263757705688477e-02 5.309848114848136902e-03
1.251040026545524597e-02 1.233000308275222778e-03
2.049979194998741150e-02 -2.008166164159774780e-03
2.138426899909973145e-02 3.651268780231475830e-03
2.037619426846504211e-02 -1.565465517342090607e-02
2.674802765250205994e-02 -9.827667847275733948e-03
2.635003626346588135e-02 -1.000271923840045929e-02
2.377179637551307678e-02 -1.067989505827426910e-02
2.402842789888381958e-02 -1.520011387765407562e-02
3.141714632511138916e-02 6.279669702053070068e-03
2.664314210414886475e-02 4.038455896079540253e-03
3.152986615896224976e-02 1.829486340284347534e-02
3.928217664361000061e-02 4.257594794034957886e-02
4.857908189296722412e-02 4.856286942958831787e-02
3.474147617816925049e-02 2.981949597597122192e-02
2.582930400967597961e-02 7.117407396435737610e-03
2.525530755519866943e-02 6.869632750749588013e-03
3.542363643646240234e-02 2.256205677986145020e-02
3.713821992278099060e-02 2.839790284633636475e-02
4.101508110761642456e-02 2.999398112297058105e-02
3.833853825926780701e-02 3.488932177424430847e-02
4.150596261024475098e-02 1.839094050228595734e-02
3.793738782405853271e-02 5.286787636578083038e-03
3.019487485289573669e-02 -1.836392469704151154e-02
2.102204784750938416e-02 -1.269259490072727203e-02
2.098924294114112854e-02 -9.844601154327392578e-03
1.005923002958297729e-02 -2.223959192633628845e-03
1.638912409543991089e-02 2.196503803133964539e-03
2.421648800373077393e-02 1.790802925825119019e-02
1.745307072997093201e-02 8.886549621820449829e-04
2.161683142185211182e-02 -7.370099425315856934e-03
2.680997923016548157e-02 -1.995401270687580109e-02
2.693364024162292480e-02 -3.164885193109512329e-02
2.810585871338844299e-02 -2.598909474909305573e-02
3.419229015707969666e-02 -1.828872598707675934e-02
3.535601496696472168e-02 -6.120000034570693970e-03
4.098756983876228333e-02 5.147028714418411255e-04
3.427206352353096008e-02 9.766185656189918518e-03
2.638936787843704224e-02 -1.212121732532978058e-02
2.666676789522171021e-02 -1.525021530687808990e-02
2.310938015580177307e-02 6.843561306595802307e-03
2.708193659782409668e-02 1.726669631898403168e-02
2.696777135133743286e-02 1.191370934247970581e-02
3.053717687726020813e-02 1.232474111020565033e-02
2.778222411870956421e-02 4.297226667404174805e-03
2.317119017243385315e-02 1.223997958004474640e-02
3.671897575259208679e-02 3.276975452899932861e-02
4.928522557020187378e-02 5.234858393669128418e-02
3.222349658608436584e-02 2.857315726578235626e-02
2.645854279398918152e-02 4.718972370028495789e-03
3.388477861881256104e-02 -4.268048331141471863e-03
3.317343443632125854e-02 2.401089295744895935e-03
3.305209428071975708e-02 5.376169458031654358e-03
2.579316496849060059e-02 1.533191651105880737e-02
2.152387797832489014e-02 1.028940640389919281e-02
1.520103961229324341e-02 -9.836697950959205627e-03
2.304161339998245239e-02 9.636711329221725464e-03
2.321060746908187866e-02 8.589383214712142944e-04
2.563778311014175415e-02 1.865813508629798889e-03
2.140621840953826904e-02 -8.371340110898017883e-03
3.227333351969718933e-02 -7.704112678766250610e-03
3.038147091865539551e-02 -1.932382583618164062e-03
4.190586507320404053e-02 9.157544001936912537e-03
3.553804010152816772e-02 9.049566462635993958e-03
3.419027477502822876e-02 3.134086728096008301e-04
4.573169350624084473e-02 1.311255991458892822e-02
3.342568129301071167e-02 -4.893347620964050293e-03
3.977915644645690918e-02 1.724929176270961761e-02
4.123478010296821594e-02 3.074729815125465393e-03
3.388941287994384766e-02 1.116632856428623199e-02
4.001750797033309937e-02 1.565462164580821991e-02
3.926099836826324463e-02 9.582297876477241516e-03
4.685644805431365967e-02 2.268635295331478119e-02
3.725802525877952576e-02 2.575716935098171234e-02
2.505589649081230164e-02 5.342852324247360229e-03
2.565817534923553467e-02 1.065799780189990997e-02
2.317584678530693054e-02 -4.281437024474143982e-03
2.601251006126403809e-02 8.194072172045707703e-03
1.064994186162948608e-02 -1.888087019324302673e-03
1.516013219952583313e-02 2.730479277670383453e-02
1.284923404455184937e-02 1.015963219106197357e-02
3.617347776889801025e-02 3.240965306758880615e-02
3.212577849626541138e-02 3.414606302976608276e-02
3.909343853592872620e-02 3.971423581242561340e-02
3.145977854728698730e-02 1.439207419753074646e-02
3.673218563199043274e-02 2.743262425065040588e-02
3.800813108682632446e-02 2.423580922186374664e-02
4.261478036642074585e-02 2.286207675933837891e-02
4.247029870748519897e-02 2.572942711412906647e-02
5.484171956777572632e-02 2.650737576186656952e-02
5.282720178365707397e-02 2.757443115115165710e-02
5.373551696538925171e-02 2.815008163452148438e-02
5.502473190426826477e-02 1.480875443667173386e-02
5.424842238426208496e-02 1.140551920980215073e-02
4.792383313179016113e-02 -2.017728984355926514e-03
6.344425678253173828e-02 2.984202466905117035e-02
6.463473290205001831e-02 2.434599027037620544e-02
7.300978899002075195e-02 3.462149947881698608e-02
6.792049854993820190e-02 4.137599468231201172e-02
6.731185317039489746e-02 3.323281183838844299e-02
5.759518593549728394e-02 2.354367263615131378e-02
4.632560908794403076e-02 2.055754140019416809e-02
4.424503818154335022e-02 3.075493313372135162e-02
3.953071683645248413e-02 1.593587547540664673e-02
3.781896084547042847e-02 3.625901043415069580e-02
4.111635684967041016e-02 5.281957983970642090e-02
3.467398881912231445e-02 3.622864186763763428e-02
3.254732489585876465e-02 3.927952051162719727e-02
3.359226882457733154e-02 3.838095813989639282e-02
3.322813659906387329e-02 3.513018786907196045e-02
3.820921853184700012e-02 1.815170794725418091e-02
4.264466464519500732e-02 1.476920396089553833e-02
3.857079520821571350e-02 1.593445800244808197e-02
4.523461312055587769e-02 2.574008144438266754e-02
4.582855105400085449e-02 1.762246526777744293e-02
5.214284360408782959e-02 2.436824515461921692e-02
5.155931413173675537e-02 3.150848299264907837e-02
5.242494493722915649e-02 2.597462758421897888e-02
4.717529192566871643e-02 3.294634446501731873e-02
5.310513079166412354e-02 4.305589199066162109e-02
5.674166232347488403e-02 4.326415061950683594e-02
4.758855700492858887e-02 2.392888069152832031e-02
4.527394101023674011e-02 1.611896976828575134e-02
3.854782506823539734e-02 1.543359830975532532e-02
4.597046598792076111e-02 1.209627091884613037e-02
5.054171383380889893e-02 6.481633521616458893e-03
4.975817725062370300e-02 -7.558576762676239014e-03
4.645725712180137634e-02 2.904858440160751343e-03
5.111387372016906738e-02 2.458256296813488007e-02
5.585928261280059814e-02 2.899017184972763062e-02
5.209452658891677856e-02 2.897661924362182617e-02
5.608491599559783936e-02 4.430393874645233154e-02
5.496917665004730225e-02 3.241144865751266479e-02
5.302836373448371887e-02 3.064650297164916992e-02
4.817321896553039551e-02 1.885841600596904755e-02
4.734329134225845337e-02 1.420952565968036652e-02
4.389267414808273315e-02 8.220577612519264221e-03
4.408913478255271912e-02 -1.402063295245170593e-03
4.237002506852149963e-02 3.069695085287094116e-04
4.310370981693267822e-02 9.412458166480064392e-03
4.296659678220748901e-02 9.231165051460266113e-03
4.025774076581001282e-02 1.296582259237766266e-02
3.367605060338973999e-02 6.481911987066268921e-04
3.203102946281433105e-02 1.732327044010162354e-03
3.463125973939895630e-02 -2.339940518140792847e-03
3.098019398748874664e-02 7.168341428041458130e-03
3.366968780755996704e-02 2.084892429411411285e-02
3.852609172463417053e-02 2.467249892652034760e-02
3.904067724943161011e-02 2.100055851042270660e-02
3.599140048027038574e-02 1.384758390486240387e-02
4.938982054591178894e-02 2.363690547645092010e-02
4.385476931929588318e-02 2.072061039507389069e-02
3.915869072079658508e-02 2.568548545241355896e-03
2.430184185504913330e-02 -1.248977519571781158e-02
2.324922382831573486e-02 -1.427924074232578278e-02
3.495868295431137085e-02 2.145687118172645569e-03
4.075175151228904724e-02 4.212787374854087830e-03
4.541289433836936951e-02 3.803152590990066528e-02
4.766592755913734436e-02 4.257104918360710144e-02
4.510224610567092896e-02 3.462477400898933411e-02
4.701115936040878296e-02 2.640879899263381958e-02
4.414984211325645447e-02 2.453028596937656403e-02
5.363788455724716187e-02 4.022440686821937561e-02
5.074784159660339355e-02 3.682874143123626709e-02
3.547429293394088745e-02 1.242443826049566269e-02
4.293365031480789185e-02 7.372607477009296417e-03
6.396770477294921875e-02 2.442609332501888275e-02
6.728646904230117798e-02 3.192717581987380981e-02
5.649023503065109253e-02 1.710316725075244904e-02
4.499311745166778564e-02 1.121301576495170593e-02
4.343263059854507446e-02 6.956526078283786774e-03
4.369927570223808289e-02 1.833624206483364105e-02
4.120544344186782837e-02 2.328926324844360352e-02
3.730858862400054932e-02 1.725978031754493713e-02
3.788533806800842285e-02 2.852607332170009613e-02
5.439465120434761047e-02 3.903010487556457520e-02
5.478832870721817017e-02 2.615605667233467102e-02
5.013047158718109131e-02 2.976953983306884766e-02
4.513619840145111084e-02 -7.511433213949203491e-04
5.256565660238265991e-02 1.491071935743093491e-02
3.574560582637786865e-02 -6.631562486290931702e-03
3.914514183998107910e-02 5.841689184308052063e-03
4.291696101427078247e-02 2.193468436598777771e-02
4.691008105874061584e-02 2.647046931087970734e-02
5.046935379505157471e-02 1.075315382331609726e-02
4.310605674982070923e-02 2.905558794736862183e-02
4.354759678244590759e-02 1.862654648721218109e-02
4.182994365692138672e-02 1.117062941193580627e-02
4.060380905866622925e-02 8.431425318121910095e-03
4.358285665512084961e-02 3.271503373980522156e-03
4.551753029227256775e-02 1.441046968102455139e-02
4.592825844883918762e-02 2.296859584748744965e-02
4.632066190242767334e-02 2.810286916792392731e-02
4.643917083740234375e-02 1.089854910969734192e-02
4.143870249390602112e-02 1.068016700446605682e-02
4.203071445226669312e-02 1.318896189332008362e-03
5.488656461238861084e-02 6.888775154948234558e-03
4.528206959366798401e-02 -2.575051039457321167e-04
3.286021947860717773e-02 -5.599709227681159973e-03
4.005086049437522888e-02 -1.051710918545722961e-03
3.898198157548904419e-02 4.568956792354583740e-03
2.972415462136268616e-02 -3.683805465698242188e-03
2.657145261764526367e-02 -8.451368659734725952e-03
2.529567480087280273e-02 -1.141810603439807892e-02
1.125049591064453125e-02 -3.261255472898483276e-02
1.552727818489074707e-02 -2.652064152061939240e-02
2.009148150682449341e-02 -6.832305341958999634e-03
2.406590431928634644e-02 -1.378674060106277466e-03
3.274969011545181274e-02 7.534480653703212738e-03
3.666448965668678284e-02 -8.127856999635696411e-04
3.774941340088844299e-02 -6.613144651055335999e-03
4.197477549314498901e-02 1.320310588926076889e-02
5.050032585859298706e-02 3.926932066679000854e-02
5.912267044186592102e-02 3.170649707317352295e-02
6.823297590017318726e-02 4.966169223189353943e-02
5.494267493486404419e-02 4.628705978393554688e-02
5.271958187222480774e-02 4.710788652300834656e-02
4.936727881431579590e-02 3.001594915986061096e-02
4.905484616756439209e-02 2.770651504397392273e-02
4.918864369392395020e-02 4.128601402044296265e-02
4.657255113124847412e-02 3.094435483217239380e-02
4.401230812072753906e-02 4.098676145076751709e-02
4.958164691925048828e-02 4.159037768840789795e-02
5.283224582672119141e-02 3.591495007276535034e-02
5.349994450807571411e-02 3.544237464666366577e-02
5.472004041075706482e-02 3.230298310518264771e-02
4.530045017600059509e-02 2.293270267546176910e-02
4.348494857549667358e-02 2.367439307272434235e-02
4.541973769664764404e-02 2.981645800173282623e-02
4.219124093651771545e-02 2.624616026878356934e-02
3.066663816571235657e-02 1.080616191029548645e-02
3.204015642404556274e-02 4.571592435240745544e-03
3.110491856932640076e-02 1.536724902689456940e-02
3.346768766641616821e-02 2.197105623781681061e-02
3.840553015470504761e-02 2.740445919334888458e-02
3.929676488041877747e-02 1.787042059004306793e-02
3.517431765794754028e-02 1.319263130426406860e-02
3.372062742710113525e-02 2.116718702018260956e-02
3.447979316115379333e-02 1.487139053642749786e-02
4.089415818452835083e-02 2.204896695911884308e-02
4.102145880460739136e-02 1.381488330662250519e-02
3.985254466533660889e-02 6.519205868244171143e-03
3.637502714991569519e-02 -1.742517575621604919e-03
3.431463986635208130e-02 -1.101141981780529022e-02
3.507083654403686523e-02 -1.157698780298233032e-02
4.649220407009124756e-02 9.801628999412059784e-03
4.764530062675476074e-02 1.435025036334991455e-02
5.096371099352836609e-02 4.092772305011749268e-02
4.796314612030982971e-02 3.870444744825363159e-02
4.948342591524124146e-02 2.965868636965751648e-02
4.948477447032928467e-02 3.151556849479675293e-02
4.559091106057167053e-02 1.517973095178604126e-02
4.911269247531890869e-02 2.212060615420341492e-02
5.049478635191917419e-02 4.754334688186645508e-02
6.238520517945289612e-02 5.876671522855758667e-02
6.211565062403678894e-02 5.779766291379928589e-02
5.479541793465614319e-02 5.858533084392547607e-02
5.709668993949890137e-02 5.120516568422317505e-02
5.295369029045104980e-02 3.722129762172698975e-02
5.448612570762634277e-02 3.898715972900390625e-02
6.053292751312255859e-02 4.198690503835678101e-02
6.486402451992034912e-02 4.305543750524520874e-02
5.636618658900260925e-02 5.571844428777694702e-02
5.273707211017608643e-02 3.839000687003135681e-02
5.319730564951896667e-02 1.841158419847488403e-02
4.432674497365951538e-02 6.635667756199836731e-03
3.804052621126174927e-02 -8.680364117026329041e-03
4.089510068297386169e-02 1.386744342744350433e-02
4.437053948640823364e-02 2.691891975700855255e-02
4.041206836700439453e-02 1.916426233947277069e-02
4.206394404172897339e-02 4.588887095451354980e-02
3.220106288790702820e-02 2.193305082619190216e-02
3.270998969674110413e-02 1.653841324150562286e-02
3.063566796481609344e-02 2.326898835599422455e-02
2.667631208896636963e-02 1.816905476152896881e-02
2.286201342940330505e-02 1.351414434611797333e-02
2.498035132884979248e-02 1.807974465191364288e-02
2.364973723888397217e-02 1.311464980244636536e-02
2.199801057577133179e-02 1.815504021942615509e-02
2.985378727316856384e-02 8.567305281758308411e-03
3.782550245523452759e-02 8.485073223710060120e-03
3.655147552490234375e-02 1.344516128301620483e-02
3.174778446555137634e-02 1.518604159355163574e-02
2.918970584869384766e-02 7.858694531023502350e-03
3.034824319183826447e-02 1.220277417451143265e-02
3.687024861574172974e-02 3.773635253310203552e-02
3.740917518734931946e-02 3.856471180915832520e-02
4.407284408807754517e-02 3.920985013246536255e-02
4.410148411989212036e-02 3.405131027102470398e-02
4.495354741811752319e-02 3.408405184745788574e-02
5.772709101438522339e-02 3.454571589827537537e-02
6.013567745685577393e-02 3.782456368207931519e-02
5.649063736200332642e-02 3.033111989498138428e-02
5.314857885241508484e-02 2.221879363059997559e-02
5.067466571927070618e-02 8.722292259335517883e-03
4.461610317230224609e-02 1.150184683501720428e-02
4.278104379773139954e-02 2.389770746231079102e-02
3.756820783019065857e-02 2.536502666771411896e-02
4.145061597228050232e-02 3.125356137752532959e-02
3.562873601913452148e-02 4.070544987916946411e-02
3.857385367155075073e-02 4.645910486578941345e-02
3.858765214681625366e-02 3.673279657959938049e-02
3.787561506032943726e-02 3.491996228694915771e-02
4.042044281959533691e-02 3.771376609802246094e-02
4.577601328492164612e-02 4.378876090049743652e-02
4.764652252197265625e-02 4.736836254596710205e-02
4.536939784884452820e-02 3.988844156265258789e-02
4.494899511337280273e-02 3.208614140748977661e-02
4.787828773260116577e-02 3.079299442470073700e-02
4.770445823669433594e-02 3.541180491447448730e-02
4.472909122705459595e-02 2.093090116977691650e-02
4.097293317317962646e-02 1.337573863565921783e-02
3.931812569499015808e-02 9.033413603901863098e-03
4.531339555978775024e-02 3.297900781035423279e-03
3.710883483290672302e-02 -1.214849390089511871e-02
3.623447939753532410e-02 -6.461087614297866821e-04
4.092129319906234741e-02 1.235920935869216919e-02
4.509412497282028198e-02 2.117562852799892426e-02
3.769463300704956055e-02 1.253215782344341278e-02
3.624915331602096558e-02 6.756326183676719666e-03
3.018564358353614807e-02 8.548017591238021851e-03
3.057673946022987366e-02 -3.738129511475563049e-03
2.747771888971328735e-02 -8.051386103034019470e-03
3.206788748502731323e-02 7.228460162878036499e-04
3.135579451918601990e-02 8.453136309981346130e-03
3.050891868770122528e-02 2.169193699955940247e-03
3.077766671776771545e-02 1.476001553237438202e-02
3.009593486785888672e-02 1.020728982985019684e-02
3.001094609498977661e-02 3.161672502756118774e-04
3.226083517074584961e-02 1.510341651737689972e-02
3.129170089960098267e-02 1.904003322124481201e-02
3.357110172510147095e-02 1.396238431334495544e-02
2.747803181409835815e-02 1.365239173173904419e-02
3.439807519316673279e-02 1.767829433083534241e-02
3.485160320997238159e-02 1.757707446813583374e-03
4.331319779157638550e-02 1.273723226040601730e-02
4.781928658485412598e-02 1.724806800484657288e-02
4.802997410297393799e-02 3.805370628833770752e-02
4.682911932468414307e-02 3.767035156488418579e-02
5.671978369355201721e-02 4.555431753396987915e-02
5.439715087413787842e-02 4.020570963621139526e-02
4.688034951686859131e-02 3.586317598819732666e-02
4.411702230572700500e-02 3.795178234577178955e-02
3.917336463928222656e-02 2.109825797379016876e-02
3.618150949478149414e-02 1.498613320291042328e-02
3.194417804479598999e-02 2.161102555692195892e-02
4.420268163084983826e-02 2.913744747638702393e-02
4.890193045139312744e-02 2.760642766952514648e-02
4.658900573849678040e-02 7.756832987070083618e-03
4.542284458875656128e-02 7.836859673261642456e-03
3.961060941219329834e-02 5.547622218728065491e-03
3.498811647295951843e-02 5.860611796379089355e-03
4.288365691900253296e-02 3.098795004189014435e-02
4.244996607303619385e-02 3.406829014420509338e-02
4.001861810684204102e-02 3.908583521842956543e-02
4.611489549279212952e-02 3.848641738295555115e-02
4.399510473012924194e-02 2.794918045401573181e-02
4.642094299197196960e-02 2.961775474250316620e-02
4.196935147047042847e-02 2.175947651267051697e-02
4.658208042383193970e-02 2.087556570768356323e-02
4.111895710229873657e-02 9.888397529721260071e-03
3.963283821940422058e-02 1.395279169082641602e-02
3.087310865521430969e-02 1.161150820553302765e-02
3.317565470933914185e-02 6.067344918847084045e-03
2.620075270533561707e-02 6.580285727977752686e-03
2.591577544808387756e-02 9.707640856504440308e-03
2.376812696456909180e-02 6.405521184206008911e-03
2.472785115242004395e-02 -2.138808369636535645e-03
2.342129871249198914e-02 1.115316338837146759e-02
2.422240749001502991e-02 5.333429202437400818e-03
2.487346902489662170e-02 2.599321305751800537e-05
2.698457986116409302e-02 1.422915607690811157e-03
3.094762936234474182e-02 -9.862195700407028198e-03
3.438604250550270081e-02 7.826555520296096802e-03
3.457335382699966431e-02 -1.929739490151405334e-03
4.373463988304138184e-02 -7.435493171215057373e-04
4.944685101509094238e-02 1.771854236721992493e-03
4.261069744825363159e-02 -2.449043095111846924e-04
4.014336317777633667e-02 -2.722181379795074463e-04
3.507041931152343750e-02 -4.975030198693275452e-03
4.024229943752288818e-02 -2.030665054917335510e-03
4.366964846849441528e-02 3.757765516638755798e-03
5.165389552712440491e-02 3.106277436017990112e-04
4.430365934967994690e-02 -7.253635674715042114e-03
4.858877509832382202e-02 7.843625731766223907e-03
5.236224830150604248e-02 2.939060702919960022e-02
5.724295973777770996e-02 4.364670813083648682e-02
6.082316860556602478e-02 4.250550270080566406e-02
6.531677395105361938e-02 6.188722699880599976e-02
6.564003229141235352e-02 5.025061964988708496e-02
6.793031096458435059e-02 8.144313842058181763e-02
6.352027505636215210e-02 7.117008417844772339e-02
5.453432351350784302e-02 3.984695672988891602e-02
5.117475613951683044e-02 2.690870687365531921e-02
5.467885732650756836e-02 2.452020533382892609e-02
6.197660416364669800e-02 2.594492398202419281e-02
5.261492356657981873e-02 2.835957705974578857e-02
5.248467624187469482e-02 2.988855168223381042e-02
4.465895146131515503e-02 1.625202223658561707e-02
3.770753741264343262e-02 1.519294828176498413e-02
3.479729965329170227e-02 1.558621227741241455e-02
1.924294233322143555e-02 9.583346545696258545e-03
2.149187028408050537e-02 8.361605927348136902e-03
2.550255507230758667e-02 1.590398512780666351e-02
2.993189357221126556e-02 1.426496356725692749e-02
3.165867924690246582e-02 1.204777508974075317e-03
3.635304421186447144e-02 4.157610237598419189e-03
3.775846213102340698e-02 1.137797906994819641e-02
4.007468745112419128e-02 1.460301689803600311e-02
4.074367508292198181e-02 2.334164828062057495e-02
3.796589002013206482e-02 1.742557622492313385e-02
4.340595006942749023e-02 2.775226160883903503e-02
3.896516934037208557e-02 1.781703345477581024e-02
4.244821891188621521e-02 1.347016543149948120e-02
2.968363091349601746e-02 -7.347220554947853088e-03
2.887284010648727417e-02 -1.194133050739765167e-02
2.650695666670799255e-02 -8.059296756982803345e-03
2.021371573209762573e-02 -1.546218805015087128e-02
2.368900179862976074e-02 -1.143389567732810974e-02
2.340637147426605225e-02 -8.071515709161758423e-03
2.682473883032798767e-02 -7.260350510478019714e-03
2.236041426658630371e-02 -8.919468149542808533e-03
1.810060068964958191e-02 -2.508172951638698578e-02
1.898071169853210449e-02 -2.063553221523761749e-02
2.467706426978111267e-02 -1.356788910925388336e-02
2.500776201486587524e-02 -1.250648684799671173e-02
3.259631246328353882e-02 -2.098670415580272675e-02
2.859590202569961548e-02 -1.140151172876358032e-02
2.993366494774818420e-02 -5.798874422907829285e-03
2.995327860116958618e-02 8.618924766778945923e-04
3.453458100557327271e-02 2.152493223547935486e-03
3.339810669422149658e-02 2.167325466871261597e-03
3.922259062528610229e-02 6.326369941234588623e-03
4.158031940460205078e-02 1.053585484623908997e-02
3.855735808610916138e-02 -4.707124084234237671e-03
4.268161952495574951e-02 8.492917753756046295e-03
5.238758772611618042e-02 2.480408549308776855e-02
5.216837301850318909e-02 2.735904976725578308e-02
5.144274234771728516e-02 4.610437154769897461e-02
4.938533157110214233e-02 4.964770749211311340e-02
5.240900442004203796e-02 5.950523167848587036e-02
4.923849552869796753e-02 6.618116050958633423e-02
5.458607524633407593e-02 7.891499996185302734e-02
4.925085231661796570e-02 5.344117432832717896e-02
4.413903132081031799e-02 3.021793812513351440e-02
4.769390448927879333e-02 2.667484432458877563e-02
5.218084901571273804e-02 2.529423683881759644e-02
5.206160992383956909e-02 2.911453694105148315e-02
4.657673463225364685e-02 1.565669104456901550e-02
5.006458982825279236e-02 1.795658655464649200e-02
4.302331060171127319e-02 1.806291006505489349e-02
2.968560531735420227e-02 5.568102002143859863e-03
2.845276892185211182e-02 5.950877442955970764e-03
3.526176884770393372e-02 3.126969188451766968e-02
4.768156260251998901e-02 2.822604216635227203e-02
4.348246008157730103e-02 1.578807272017002106e-02
3.531550616025924683e-02 -8.558440953493118286e-03
3.957695513963699341e-02 -2.840079367160797119e-03
3.964174538850784302e-02 2.029443159699440002e-02
3.456624597311019897e-02 2.292420715093612671e-02
3.701692447066307068e-02 3.161523863673210144e-02
4.595385864377021790e-02 2.959127537906169891e-02
4.559738934040069580e-02 2.661198005080223083e-02
3.764933720231056213e-02 8.304670453071594238e-03
4.022148251533508301e-02 1.271303743124008179e-02
4.090035706758499146e-02 1.240332610905170441e-02
4.128659516572952271e-02 1.505673304200172424e-02
3.835401684045791626e-02 8.653966709971427917e-03
3.057859838008880615e-02 5.350913852453231812e-03
2.890143543481826782e-02 1.421680673956871033e-03
2.879639714956283569e-02 -9.464619681239128113e-03
3.246772661805152893e-02 -4.680637270212173462e-03
2.754487097263336182e-02 -1.638521440327167511e-02
2.528417855501174927e-02 -1.953071542084217072e-02
2.360566705465316772e-02 -2.883022092282772064e-02
3.083515539765357971e-02 -1.890193484723567963e-02
3.064237907528877258e-02 -1.618086732923984528e-02
3.973719477653503418e-02 -1.734064705669879913e-02
4.592525959014892578e-02 -6.257990375161170959e-03
4.216723144054412842e-02 -5.707979202270507812e-03
4.135919734835624695e-02 1.120551861822605133e-02
4.347882419824600220e-02 1.919786073267459869e-02
3.678390383720397949e-02 1.031175814568996429e-02
4.102205485105514526e-02 9.460747241973876953e-03
4.278523847460746765e-02 3.420518711209297180e-03
4.653732851147651672e-02 6.165966391563415527e-03
5.099267512559890747e-02 4.238027147948741913e-03
5.015101656317710876e-02 1.727914623916149139e-02
5.379219353199005127e-02 2.647943235933780670e-02
6.155999749898910522e-02 4.716630280017852783e-02
6.437329947948455811e-02 5.557017773389816284e-02
6.637150794267654419e-02 6.547050923109054565e-02
6.693649291992187500e-02 9.321922063827514648e-02
6.228438019752502441e-02 7.771312445402145386e-02
5.684182792901992798e-02 5.754572153091430664e-02
4.930502548813819885e-02 2.235859632492065430e-02
5.559124797582626343e-02 1.887864992022514343e-02
5.406040325760841370e-02 2.146664075553417206e-02
4.663124680519104004e-02 2.825681492686271667e-02
4.017796367406845093e-02 2.699889615178108215e-02
3.576456382870674133e-02 1.849177852272987366e-02
3.589240834116935730e-02 1.987615413963794708e-02
3.270669281482696533e-02 2.121711522340774536e-02
3.074735775589942932e-02 2.918682992458343506e-02
3.414933383464813232e-02 3.422579914331436157e-02
3.810328245162963867e-02 2.438704483211040497e-02
3.809250518679618835e-02 2.153052017092704773e-02
3.838398307561874390e-02 1.066921465098857880e-02
4.311129450798034668e-02 -7.878448814153671265e-04
3.681810200214385986e-02 1.257818751037120819e-02
4.001274332404136658e-02 2.118584513664245605e-02
4.664558544754981995e-02 3.662139922380447388e-02
4.955585673451423645e-02 3.664172813296318054e-02
4.938286170363426208e-02 3.559618070721626282e-02
4.429724067449569702e-02 3.186422586441040039e-02
4.420780390501022339e-02 2.352525107562541962e-02
4.443177580833435059e-02 2.266586385667324066e-02
4.476629942655563354e-02 1.601339690387248993e-02
4.237933829426765442e-02 1.406530477106571198e-02
3.710616379976272583e-02 8.342148736119270325e-03
3.889009356498718262e-02 1.258061267435550690e-02
3.314420953392982483e-02 1.866766624152660370e-02
3.457125276327133179e-02 9.610282257199287415e-03
2.943610399961471558e-02 1.071367226541042328e-02
3.125341236591339111e-02 9.349688887596130371e-03
3.582886233925819397e-02 1.507251523435115814e-02
3.282850980758666992e-02 5.230663344264030457e-03
3.783943504095077515e-02 1.018844731152057648e-02
3.639730066061019897e-02 -4.382481798529624939e-03
3.916247561573982239e-02 5.739392712712287903e-03
3.898259624838829041e-02 7.247585803270339966e-03
4.296296834945678711e-02 9.811187162995338440e-03
4.978925734758377075e-02 7.879767566919326782e-03
4.973732680082321167e-02 4.498198628425598145e-03
5.510098487138748169e-02 9.176103398203849792e-03
5.325579643249511719e-02 -7.116859778761863708e-03
4.827415198087692261e-02 -3.325730562210083008e-03
4.031848162412643433e-02 5.085657350718975067e-03
4.714164882898330688e-02 1.996911689639091492e-02
5.183134600520133972e-02 3.430569916963577271e-02
5.941729620099067688e-02 3.391168266534805298e-02
6.049178540706634521e-02 5.244527757167816162e-02
5.888023227453231812e-02 6.241308152675628662e-02
6.512118875980377197e-02 8.263192325830459595e-02
6.465210020542144775e-02 7.839298993349075317e-02
6.548321247100830078e-02 9.514689445495605469e-02
5.745926871895790100e-02 9.501253813505172729e-02
5.831427127122879028e-02 9.141948074102401733e-02
3.598819673061370850e-02 7.295081764459609985e-02
2.962562441825866699e-02 6.926571577787399292e-02
2.355016022920608521e-02 5.384115129709243774e-02
2.832425385713577271e-02 4.618402570486068726e-02
2.806640043854713440e-02 5.024414509534835815e-02
4.007180780172348022e-02 4.546545818448066711e-02
3.176719322800636292e-02 2.436865307390689850e-02
4.195902496576309204e-02 3.120056912302970886e-02
3.916645795106887817e-02 3.280204534530639648e-02
3.714068233966827393e-02 3.687173873186111450e-02
4.151932150125503540e-02 3.390173241496086121e-02
3.824378922581672668e-02 1.242109574377536774e-02
4.216544702649116516e-02 1.469826139509677887e-02
4.078512638807296753e-02 1.435395330190658569e-03
4.300403967499732971e-02 1.319548301398754120e-02
4.285972192883491516e-02 5.550000816583633423e-03
3.562717139720916748e-02 -1.267461106181144714e-03
3.962297737598419189e-02 1.853164099156856537e-02
3.733212128281593323e-02 6.028009578585624695e-03
3.265191987156867981e-02 -5.431229248642921448e-03
3.531069308519363403e-02 -2.756226807832717896e-03
3.988923504948616028e-02 9.325798600912094116e-03
4.287483170628547668e-02 2.311913855373859406e-02
3.329587727785110474e-02 6.751785054802894592e-03
2.999794296920299530e-02 -5.292402580380439758e-03
2.753424644470214844e-02 -2.721082419157028198e-03
3.097652643918991089e-02 1.237401738762855530e-03
3.179726004600524902e-02 4.448017105460166931e-03
4.088877886533737183e-02 5.776271224021911621e-03
4.692254960536956787e-02 1.812873221933841705e-02
3.978063911199569702e-02 1.414910145103931427e-02
4.031608998775482178e-02 3.649966791272163391e-03
4.300817474722862244e-02 -2.900175750255584717e-03
5.258992314338684082e-02 1.740392856299877167e-02
5.939458310604095459e-02 2.370469458401203156e-02
5.922382697463035583e-02 1.870978996157646179e-02
5.446389690041542053e-02 2.297801524400711060e-02
5.435663834214210510e-02 2.766080200672149658e-02
5.320239812135696411e-02 3.173234313726425171e-02
5.451292917132377625e-02 2.128850668668746948e-02
5.614382028579711914e-02 9.475207887589931488e-03
5.971872806549072266e-02 3.006996959447860718e-02
5.869713425636291504e-02 4.689342528581619263e-02
6.801643967628479004e-02 1.064963713288307190e-01
6.132848560810089111e-02 8.152945339679718018e-02
5.168949812650680542e-02 4.295804351568222046e-02
5.242359638214111328e-02 3.545499593019485474e-02
6.962949037551879883e-02 3.692605346441268921e-02
6.833634525537490845e-02 2.541111409664154053e-02
5.622857809066772461e-02 3.750902414321899414e-02
5.588794499635696411e-02 2.922765910625457764e-02
4.679191485047340393e-02 2.992722764611244202e-02
4.750040918588638306e-02 2.202504128217697144e-02
5.558520928025245667e-02 3.633665293455123901e-02
5.817348510026931763e-02 4.967088252305984497e-02
6.515087187290191650e-02 5.105641484260559082e-02
5.933263152837753296e-02 4.233476519584655762e-02
5.703158676624298096e-02 2.146363258361816406e-02
4.928640276193618774e-02 6.538473069667816162e-03
5.560741573572158813e-02 2.611768245697021484e-02
5.210878700017929077e-02 2.342306077480316162e-02
4.295818880200386047e-02 8.802331984043121338e-03
4.595544189214706421e-02 1.533491350710391998e-02
5.200319737195968628e-02 3.435088694095611572e-02
5.169839784502983093e-02 2.577358484268188477e-02
4.125174134969711304e-02 1.496469043195247650e-02
5.147571116685867310e-02 1.523932069540023804e-02
4.774459451436996460e-02 1.268791779875755310e-02
4.751716554164886475e-02 1.738529466092586517e-02
4.430285841226577759e-02 2.556812576949596405e-02
3.896105289459228516e-02 8.855439722537994385e-03
3.578701242804527283e-02 1.340170763432979584e-02
3.779783844947814941e-02 1.026899926364421844e-02
3.095415234565734863e-02 -4.310088232159614563e-03
3.389962762594223022e-02 1.271631568670272827e-02
3.357009217143058777e-02 1.533492095768451691e-02
3.154297173023223877e-02 7.209325209259986877e-03
3.358475118875503540e-02 1.542648859322071075e-02
3.415420651435852051e-02 5.588084459304809570e-04
2.560556679964065552e-02 -4.359278827905654907e-03
3.357781842350959778e-02 3.463925793766975403e-03
2.540278434753417969e-02 -1.135205850005149841e-03
2.021380886435508728e-02 2.413023449480533600e-02
2.337176352739334106e-02 3.949126601219177246e-02
2.880452573299407959e-02 -9.530585259199142456e-03
3.458641096949577332e-02 -5.437837913632392883e-03
4.019816964864730835e-02 -1.742732338607311249e-02
3.552606329321861267e-02 -1.323417760431766510e-02
4.760200902819633484e-02 -1.146500743925571442e-02
5.631807446479797363e-02 1.361502334475517273e-03
5.870063230395317078e-02 -1.380594447255134583e-03
5.128115043044090271e-02 8.033894002437591553e-03
4.832356423139572144e-02 2.581598237156867981e-03
5.613729357719421387e-02 2.181553468108177185e-02
5.157879367470741272e-02 2.927917055785655975e-02
6.541538983583450317e-02 7.968728989362716675e-02
5.851354822516441345e-02 6.192231178283691406e-02
5.618076026439666748e-02 3.327243030071258545e-02
5.767821893095970154e-02 4.585220664739608765e-02
6.050639227032661438e-02 3.165235370397567749e-02
5.918775498867034912e-02 3.280551731586456299e-02
6.406682729721069336e-02 4.612936079502105713e-02
6.696928292512893677e-02 2.126299031078815460e-02
5.951981991529464722e-02 1.933876425027847290e-02
4.233732819557189941e-02 1.815436221659183502e-02
4.188763350248336792e-02 2.545792981982231140e-02
3.205538541078567505e-02 2.564766630530357361e-02
2.934871986508369446e-02 3.792364895343780518e-02
3.650755435228347778e-02 3.835824877023696899e-02
2.597106248140335083e-02 5.114918947219848633e-02
3.138296306133270264e-02 6.957919895648956299e-02
2.588983625173568726e-02 4.647121205925941467e-02
3.014134056866168976e-02 2.401304990053176880e-02
3.994977474212646484e-02 3.032975643873214722e-02
4.485686123371124268e-02 3.387598320841789246e-02
3.784475475549697876e-02 2.518662996590137482e-02
3.975247591733932495e-02 2.579246088862419128e-02
3.431583940982818604e-02 2.089513093233108521e-02
3.472241386771202087e-02 -4.493089392781257629e-03
3.132180497050285339e-02 -1.651916094124317169e-02
3.604454174637794495e-02 -1.154091395437717438e-02
3.404119610786437988e-02 -2.813480980694293976e-02
3.317473828792572021e-02 -2.128857932984828949e-02
3.459784388542175293e-02 -2.828359790146350861e-02
4.372376203536987305e-02 -1.203460618853569031e-03
4.056279361248016357e-02 6.575891748070716858e-03
4.026164859533309937e-02 -8.435081690549850464e-04
4.233196377754211426e-02 -1.051651500165462494e-02
3.725061565637588501e-02 -3.143614158034324646e-03
1.621437817811965942e-02 -2.308841235935688019e-02
2.363988384604454041e-02 -1.741549931466579437e-02
3.097403049468994141e-02 -1.000585034489631653e-03
2.999305352568626404e-02 1.204358786344528198e-02
3.031389974057674408e-02 1.412392221391201019e-02
3.439739346504211426e-02 2.196035347878932953e-02
3.733583167195320129e-02 2.413767762482166290e-02
4.309738427400588989e-02 2.556338720023632050e-02
4.014089703559875488e-02 2.610236220061779022e-02
3.884680196642875671e-02 1.744130440056324005e-02
4.411295056343078613e-02 1.348396763205528259e-03
4.104970395565032959e-02 7.729304954409599304e-03
3.601147234439849854e-02 4.547519609332084656e-03
2.217910438776016235e-02 -8.815806359052658081e-04
2.739638462662696838e-02 3.397321328520774841e-03
1.847979053854942322e-02 -1.397639699280261993e-02
2.765765041112899780e-02 3.827838227152824402e-03
2.870972082018852234e-02 -2.857500687241554260e-03
2.601139992475509644e-02 5.983805283904075623e-03
2.665688097476959229e-02 1.970319263637065887e-02
2.149830758571624756e-02 2.282238192856311798e-02
2.328646928071975708e-02 2.655713446438312531e-02
3.871679678559303284e-02 2.197539620101451874e-02
4.382778704166412354e-02 3.148617595434188843e-02
3.976441547274589539e-02 2.171585336327552795e-02
4.757156968116760254e-02 1.749889180064201355e-02
5.223479494452476501e-02 3.549769520759582520e-03
5.196633934974670410e-02 8.895620703697204590e-03
5.449485033750534058e-02 1.168375648558139801e-02
5.948143079876899719e-02 2.991292998194694519e-02
5.955392494797706604e-02 3.846057504415512085e-02
5.928589031100273132e-02 4.700063914060592651e-02
6.419724225997924805e-02 7.769215852022171021e-02
5.333564430475234985e-02 3.631208464503288269e-02
5.081565678119659424e-02 1.784157380461692810e-02
5.120538920164108276e-02 1.754965633153915405e-02
4.482948035001754761e-02 1.381418295204639435e-02
5.057038366794586182e-02 2.198273688554763794e-02
4.453301429748535156e-02 2.154452167451381683e-02
3.347326815128326416e-02 6.362503394484519958e-03
3.131204098463058472e-02 8.163584396243095398e-03
2.956504002213478088e-02 1.204168796539306641e-02
2.889779582619667053e-02 8.159186691045761108e-03
2.822007611393928528e-02 2.769435010850429535e-02
2.913541719317436218e-02 1.078824512660503387e-02
3.438255935907363892e-02 1.005674712359905243e-02
4.351159930229187012e-02 5.554500967264175415e-04
3.808931261301040649e-02 -1.134513504803180695e-02
3.826649487018585205e-02 -6.217699497938156128e-03
4.318097233772277832e-02 7.613597437739372253e-03
5.118166282773017883e-02 7.824743166565895081e-03
4.978359490633010864e-02 5.677464418113231659e-03
4.525279626250267029e-02 3.529714420437812805e-03
4.486059397459030151e-02 1.014591753482818604e-02
5.813145637512207031e-02 6.582703441381454468e-03
4.997754096984863281e-02 3.491362556815147400e-03
4.276141524314880371e-02 -1.150156743824481964e-02
3.550917655229568481e-02 -2.330490387976169586e-02
3.578766435384750366e-02 -1.653577201068401337e-02
3.606223315000534058e-02 -1.424651034176349640e-02
3.314923495054244995e-02 -1.392760686576366425e-02
3.039001300930976868e-02 -1.556104049086570740e-03
2.647439762949943542e-02 1.226590946316719055e-03
2.274391055107116699e-02 -7.800361141562461853e-03
