-2.639062702655792236e-02 -1.979604512453079224e-01
-2.938826382160186768e-02 -1.959460079669952393e-01
-2.972859144210815430e-02 -1.924904584884643555e-01
-2.491535246372222900e-02 -1.941817402839660645e-01
-3.136253356933593750e-02 -1.918790638446807861e-01
-3.563772141933441162e-02 -1.867823898792266846e-01
-2.766497433185577393e-02 -1.949303448200225830e-01
-4.177232086658477783e-02 -1.856214702129364014e-01
-4.673723876476287842e-02 -1.782758235931396484e-01
-3.474585711956024170e-02 -1.882734596729278564e-01
-4.810564965009689331e-02 -1.820145845413208008e-01
-2.306695282459259033e-02 -1.926050186157226562e-01
-3.110210597515106201e-02 -1.889220178127288818e-01
-2.243115007877349854e-02 -1.974398195743560791e-01
-2.503320574760437012e-02 -1.952570974826812744e-01
-2.140909433364868164e-02 -1.958619654178619385e-01
-2.935650944709777832e-02 -1.940945088863372803e-01
-2.616147696971893311e-02 -1.943522691726684570e-01
-3.338228166103363037e-02 -1.905694007873535156e-01
-4.128351807594299316e-02 -1.826833784580230713e-01
-4.103366285562515259e-02 -1.808702051639556885e-01
-4.463020712137222290e-02 -1.805114150047302246e-01
-3.209567815065383911e-02 -1.891700625419616699e-01
-2.089470624923706055e-02 -1.986209452152252197e-01
-2.914914488792419434e-02 -1.939242482185363770e-01
-1.677148789167404175e-02 -1.995927393436431885e-01
-1.768322288990020752e-02 -1.947121471166610718e-01
-2.774658054113388062e-02 -1.931368410587310791e-01
-3.930979967117309570e-02 -1.845686286687850952e-01
-3.979723155498504639e-02 -1.836187392473220825e-01
-3.482639044523239136e-02 -1.852056384086608887e-01
-3.506220877170562744e-02 -1.863238811492919922e-01
-2.277565747499465942e-02 -1.918003857135772705e-01
-2.809312194585800171e-02 -1.900669038295745850e-01
-3.277103602886199951e-02 -1.846530437469482422e-01
-2.929131686687469482e-02 -1.828445494174957275e-01
-3.594221919775009155e-02 -1.771854460239410400e-01
-3.238387405872344971e-02 -1.812400221824645996e-01
-4.637668281793594360e-02 -1.729496121406555176e-01
-4.147981852293014526e-02 -1.776288598775863647e-01
-5.059190839529037476e-02 -1.770266443490982056e-01
-4.995211958885192871e-02 -1.768951863050460815e-01
-5.639317259192466736e-02 -1.699071228504180908e-01
-4.764068871736526489e-02 -1.756768226623535156e-01
-3.898434340953826904e-02 -1.794311255216598511e-01
-4.622418433427810669e-02 -1.720201969146728516e-01
-5.660225450992584229e-02 -1.667446196079254150e-01
-5.075503140687942505e-02 -1.711480021476745605e-01
-4.590138792991638184e-02 -1.780973672866821289e-01
-4.239977151155471802e-02 -1.852233409881591797e-01
-3.323572129011154175e-02 -1.799669563770294189e-01
-2.680739015340805054e-02 -1.867186725139617920e-01
-2.424888312816619873e-02 -1.858887970447540283e-01
-7.085599005222320557e-03 -1.957082748413085938e-01
-2.782057225704193115e-02 -1.806324422359466553e-01
-8.396476507186889648e-03 -1.828436404466629028e-01
-3.953310102224349976e-02 -1.729979515075683594e-01
-1.011690497398376465e-02 -1.921677887439727783e-01
-3.990004211664199829e-02 -1.748207062482833862e-01
-2.074821293354034424e-02 -1.798452287912368774e-01
-1.813298463821411133e-02 -1.790562868118286133e-01
-1.052651554346084595e-02 -1.779406815767288208e-01
-1.291889697313308716e-02 -1.776774823665618896e-01
-3.889544308185577393e-02 -1.648820489645004272e-01
-4.373961687088012695e-02 -1.634623408317565918e-01
-2.102379500865936279e-02 -1.791756749153137207e-01
-2.904464304447174072e-02 -1.696134954690933228e-01
-3.182363510131835938e-02 -1.731041967868804932e-01
-1.341596245765686035e-03 -1.870895326137542725e-01
-5.079425871372222900e-03 -1.856436133384704590e-01
-6.059199571609497070e-03 -1.794977635145187378e-01
7.143914699554443359e-03 -1.921003162860870361e-01
-6.423994898796081543e-03 -1.899822652339935303e-01
-1.166750490665435791e-02 -1.803790181875228882e-01
-3.154893964529037476e-02 -1.708210557699203491e-01
-2.656909823417663574e-02 -1.810524463653564453e-01
-5.843300372362136841e-02 -1.608588099479675293e-01
-4.478552937507629395e-02 -1.721639037132263184e-01
-3.059066832065582275e-02 -1.778622269630432129e-01
-3.159713745117187500e-02 -1.745468378067016602e-01
-6.456092000007629395e-03 -1.864316463470458984e-01
1.711678504943847656e-02 -2.016660571098327637e-01
-7.672213017940521240e-03 -1.843205988407135010e-01
-5.454115569591522217e-03 -1.916999369859695435e-01
6.973683834075927734e-03 -1.962745785713195801e-01
6.809480488300323486e-03 -2.005895674228668213e-01
9.103477001190185547e-03 -1.997727155685424805e-01
1.248693466186523438e-02 -2.034470736980438232e-01
-4.747919738292694092e-03 -1.854466795921325684e-01
5.673699080944061279e-03 -1.905112564563751221e-01
6.818249821662902832e-03 -1.956942677497863770e-01
-4.398502409458160400e-03 -1.926897466182708740e-01
-1.107916235923767090e-02 -1.945246458053588867e-01
-7.011592388153076172e-03 -2.019734382629394531e-01
-9.351648390293121338e-03 -2.026845514774322510e-01
-2.196873724460601807e-02 -1.988163292407989502e-01
-3.161157667636871338e-02 -1.887360066175460815e-01
-2.255287766456604004e-02 -1.959849596023559570e-01
-1.741991937160491943e-02 -1.966521739959716797e-01
-1.565137505531311035e-02 -1.956565380096435547e-01
-2.380023896694183350e-02 -1.927131712436676025e-01
-2.805201709270477295e-02 -1.863809525966644287e-01
-1.945193111896514893e-02 -1.929863393306732178e-01
-1.003709435462951660e-02 -1.991164386272430420e-01
-2.274528145790100098e-02 -1.893227100372314453e-01
-1.726782321929931641e-02 -1.901631206274032593e-01
-3.499156981706619263e-02 -1.776407808065414429e-01
-5.935821309685707092e-02 -1.629480421543121338e-01
-5.427804589271545410e-02 -1.650801897048950195e-01
-6.672026216983795166e-02 -1.592177599668502808e-01
-5.059108883142471313e-02 -1.745079606771469116e-01
-5.781108140945434570e-02 -1.714909970760345459e-01
-4.086557775735855103e-02 -1.803524494171142578e-01
-3.545841574668884277e-02 -1.812386363744735718e-01
-2.888551354408264160e-02 -1.844522953033447266e-01
-1.728519797325134277e-02 -1.876217722892761230e-01
-1.100102812051773071e-02 -1.918256282806396484e-01
-2.044975757598876953e-02 -1.883694529533386230e-01
-1.674859225749969482e-02 -1.907953321933746338e-01
6.910428404808044434e-03 -2.071145325899124146e-01
-1.191544532775878906e-02 -1.967758834362030029e-01
-8.361801505088806152e-03 -1.972047090530395508e-01
-1.936892420053482056e-02 -1.892598569393157959e-01
-5.899950861930847168e-03 -2.002178132534027100e-01
-3.903359174728393555e-03 -2.029139995574951172e-01
6.676018238067626953e-04 -2.090742588043212891e-01
-1.697389781475067139e-02 -1.958226859569549561e-01
-2.582982927560806274e-02 -1.907541453838348389e-01
-2.827289700508117676e-02 -1.876254677772521973e-01
-2.695056796073913574e-02 -1.872816532850265503e-01
-3.480123728513717651e-02 -1.824798882007598877e-01
-3.646817803382873535e-02 -1.777469068765640259e-01
-3.564234822988510132e-02 -1.811513751745223999e-01
-5.449622124433517456e-02 -1.674200594425201416e-01
-5.326668918132781982e-02 -1.688296794891357422e-01
-6.604728847742080688e-02 -1.594601869583129883e-01
-5.691163986921310425e-02 -1.627695411443710327e-01
-5.908319354057312012e-02 -1.616266667842864990e-01
-6.351202726364135742e-02 -1.555669307708740234e-01
-7.370787858963012695e-02 -1.498274654150009155e-01
-5.285918712615966797e-02 -1.609625071287155151e-01
-4.403320699930191040e-02 -1.671031713485717773e-01
-3.026433289051055908e-02 -1.739118695259094238e-01
-3.042820096015930176e-02 -1.737988740205764771e-01
-2.576652914285659790e-02 -1.766172498464584351e-01
-3.845170140266418457e-03 -1.836750954389572144e-01
1.246564090251922607e-03 -1.866652667522430420e-01
5.072876811027526855e-03 -1.898654401302337646e-01
1.389205455780029297e-02 -1.944031119346618652e-01
-6.361059844493865967e-03 -1.834091246128082275e-01
-3.344535827636718750e-03 -1.852627098560333252e-01
9.797692298889160156e-03 -1.918537169694900513e-01
4.408247768878936768e-03 -1.956485956907272339e-01
5.764670670032501221e-03 -2.031990289688110352e-01
-2.433940768241882324e-03 -1.979595422744750977e-01
-4.966437816619873047e-03 -1.992611885070800781e-01
-1.328720152378082275e-02 -1.918732821941375732e-01
-1.962888240814208984e-02 -1.862848103046417236e-01
-2.656186372041702271e-02 -1.824715286493301392e-01
-1.876763999462127686e-02 -1.900878250598907471e-01
-1.851943135261535645e-02 -1.898126006126403809e-01
-1.815962046384811401e-02 -1.876199245452880859e-01
-1.965793967247009277e-02 -1.909172832965850830e-01
8.419394493103027344e-03 -2.100035548210144043e-01
-1.507261395454406738e-02 -1.930929273366928101e-01
-1.766458898782730103e-02 -1.924608945846557617e-01
-2.514395117759704590e-02 -1.872685849666595459e-01
-4.088917374610900879e-02 -1.757194995880126953e-01
-4.962313920259475708e-02 -1.690380275249481201e-01
-4.249638319015502930e-02 -1.737342774868011475e-01
-4.648736864328384399e-02 -1.680285930633544922e-01
-6.140160560607910156e-02 -1.560069322586059570e-01
-3.975027799606323242e-02 -1.665470451116561890e-01
-2.340295910835266113e-02 -1.788503974676132202e-01
-2.620366215705871582e-02 -1.775547415018081665e-01
-1.830846071243286133e-02 -1.848626434803009033e-01
-4.970528930425643921e-02 -1.607407629489898682e-01
-3.192698955535888672e-02 -1.687946319580078125e-01
2.781838178634643555e-03 -1.917484104633331299e-01
6.953902542591094971e-03 -1.901113986968994141e-01
6.969831883907318115e-03 -1.943334937095642090e-01
1.666411757469177246e-02 -1.980675160884857178e-01
5.284935235977172852e-03 -1.887499988079071045e-01
2.845481038093566895e-03 -1.787688285112380981e-01
-3.778383135795593262e-03 -1.770512759685516357e-01
-1.474260538816452026e-02 -1.702180504798889160e-01
-5.494870245456695557e-03 -1.765663325786590576e-01
-1.069003343582153320e-02 -1.748485267162322998e-01
1.511360704898834229e-02 -1.918403804302215576e-01
7.539451122283935547e-03 -1.935639977455139160e-01
1.143184304237365723e-02 -1.975997090339660645e-01
-1.604360342025756836e-02 -1.879947781562805176e-01
-2.467368543148040771e-02 -1.749387085437774658e-01
-3.514160215854644775e-02 -1.781621724367141724e-01
-2.473132312297821045e-02 -1.775251030921936035e-01
-1.651445031166076660e-02 -1.843827366828918457e-01
-3.183588385581970215e-02 -1.829462051391601562e-01
-3.173710405826568604e-02 -1.803048104047775269e-01
-1.564525067806243896e-02 -1.817927062511444092e-01
3.047665953636169434e-02 -2.149469554424285889e-01
1.837396621704101562e-02 -1.981017887592315674e-01
1.815636456012725830e-02 -1.972013860940933228e-01
-3.233253955841064453e-04 -1.802280843257904053e-01
-1.734689623117446899e-02 -1.638560742139816284e-01
-1.418673992156982422e-02 -1.720889955759048462e-01
-2.406986057758331299e-02 -1.695468127727508545e-01
-3.319671750068664551e-02 -1.676718592643737793e-01
-2.333449572324752808e-02 -1.844240576028823853e-01
-1.393139362335205078e-02 -1.992144584655761719e-01
-3.075945377349853516e-02 -2.059472352266311646e-01
-3.342053294181823730e-02 -1.947290003299713135e-01
-1.814238727092742920e-02 -1.952693164348602295e-01
-4.389014840126037598e-02 -1.713130772113800049e-01
-6.742101907730102539e-02 -1.533228307962417603e-01
-5.588120967149734497e-02 -1.583103090524673462e-01
-6.428757309913635254e-02 -1.544864922761917114e-01
-5.797867476940155029e-02 -1.597131937742233276e-01
-6.170040369033813477e-02 -1.555484980344772339e-01
-6.946965306997299194e-02 -1.548289954662322998e-01
-6.635436415672302246e-02 -1.547144800424575806e-01
-8.510425686836242676e-02 -1.428318619728088379e-01
-8.512691408395767212e-02 -1.492890715599060059e-01
-8.380874991416931152e-02 -1.430298388004302979e-01
-7.941511273384094238e-02 -1.469383239746093750e-01
-5.923566222190856934e-02 -1.665128767490386963e-01
-6.344914436340332031e-02 -1.633109748363494873e-01
-4.339887946844100952e-02 -1.762565374374389648e-01
-4.308494925498962402e-02 -1.764114201068878174e-01
-4.785788059234619141e-02 -1.714683175086975098e-01
-4.026160389184951782e-02 -1.730593442916870117e-01
-4.835376143455505371e-02 -1.676798462867736816e-01
-4.613353312015533447e-02 -1.744883060455322266e-01
-3.813877701759338379e-02 -1.749914735555648804e-01
-3.784778714179992676e-02 -1.722041666507720947e-01
-4.469218105077743530e-02 -1.671612858772277832e-01
-4.024232178926467896e-02 -1.677111536264419556e-01
-6.185530126094818115e-02 -1.552922129631042480e-01
-6.168283894658088684e-02 -1.546946167945861816e-01
-4.708343744277954102e-02 -1.656006574630737305e-01
-2.676488459110260010e-02 -1.781515032052993774e-01
-3.524553775787353516e-02 -1.749643087387084961e-01
-4.141578078269958496e-02 -1.656748056411743164e-01
-5.586037039756774902e-02 -1.598548293113708496e-01
-4.743395745754241943e-02 -1.701585054397583008e-01
-3.568246960639953613e-02 -1.796846389770507812e-01
-3.841054439544677734e-02 -1.793175786733627319e-01
-2.525343000888824463e-02 -1.824296265840530396e-01
-3.463071584701538086e-02 -1.754759252071380615e-01
-3.047266602516174316e-02 -1.753636002540588379e-01
-6.133989244699478149e-02 -1.546779870986938477e-01
-4.940553009510040283e-02 -1.591165661811828613e-01
-3.970845788717269897e-02 -1.631573736667633057e-01
-2.900403738021850586e-02 -1.727332621812820435e-01
-4.537515342235565186e-03 -1.826847791671752930e-01
-2.470222115516662598e-02 -1.666877269744873047e-01
-3.240741044282913208e-02 -1.600283682346343994e-01
-2.011722326278686523e-02 -1.628755778074264526e-01
-2.291629463434219360e-02 -1.615816950798034668e-01
-1.134330034255981445e-02 -1.691479533910751343e-01
-5.727529525756835938e-03 -1.781549453735351562e-01
7.482856512069702148e-03 -1.874550879001617432e-01
7.853940129280090332e-03 -1.872715353965759277e-01
-1.505188643932342529e-03 -1.791702657938003540e-01
1.062181591987609863e-02 -1.847060024738311768e-01
-6.916791200637817383e-03 -1.763009727001190186e-01
-2.201578021049499512e-02 -1.613739430904388428e-01
-2.444718778133392334e-02 -1.563959121704101562e-01
-4.514048993587493896e-02 -1.438855230808258057e-01
-4.855631291866302490e-02 -1.411188840866088867e-01
-5.912492051720619202e-02 -1.321871727705001831e-01
-4.956583678722381592e-02 -1.354087591171264648e-01
-4.837214946746826172e-02 -1.349614411592483521e-01
-4.010047763586044312e-02 -1.386517286300659180e-01
-2.958814799785614014e-02 -1.452889144420623779e-01
-2.073131501674652100e-02 -1.493148207664489746e-01
-3.501483798027038574e-02 -1.394554525613784790e-01
-5.011389404535293579e-02 -1.305040419101715088e-01
-4.745147377252578735e-02 -1.309833377599716187e-01
-2.680499851703643799e-02 -1.441029012203216553e-01
-1.683156192302703857e-02 -1.520363986492156982e-01
-1.876842230558395386e-02 -1.498354822397232056e-01
-1.726739108562469482e-02 -1.527720838785171509e-01
-2.359227836132049561e-02 -1.421775072813034058e-01
-3.130897879600524902e-02 -1.369373947381973267e-01
-4.542037844657897949e-03 -1.507488638162612915e-01
3.159850835800170898e-03 -1.521889269351959229e-01
-1.907117664813995361e-03 -1.533668190240859985e-01
-1.340596377849578857e-02 -1.503141522407531738e-01
-1.325599849224090576e-02 -1.464101970195770264e-01
-1.818342506885528564e-02 -1.452906578779220581e-01
-1.456817239522933960e-02 -1.501178890466690063e-01
-4.035206139087677002e-02 -1.348101645708084106e-01
-3.741931915283203125e-02 -1.418855041265487671e-01
-2.961124479770660400e-02 -1.491173654794692993e-01
-3.248745948076248169e-02 -1.508382558822631836e-01
-3.900793194770812988e-02 -1.500467956066131592e-01
-4.175066947937011719e-02 -1.457494795322418213e-01
-3.454703092575073242e-02 -1.504619717597961426e-01
-4.386954009532928467e-02 -1.400974094867706299e-01
-2.574571967124938965e-02 -1.563037931919097900e-01
-4.602582007646560669e-02 -1.498949080705642700e-01
-4.075002670288085938e-02 -1.520436406135559082e-01
-5.545769631862640381e-02 -1.506541818380355835e-01
-4.687011241912841797e-02 -1.539435386657714844e-01
-3.686717897653579712e-02 -1.617364883422851562e-01
-5.838963016867637634e-02 -1.489698439836502075e-01
-7.098599523305892944e-02 -1.451271325349807739e-01
-5.200697481632232666e-02 -1.558876782655715942e-01
-3.764125704765319824e-02 -1.655175536870956421e-01
-2.969691157341003418e-02 -1.656957864761352539e-01
-3.927007317543029785e-02 -1.645462960004806519e-01
-4.179843515157699585e-02 -1.624068021774291992e-01
-2.785836160182952881e-02 -1.710967868566513062e-01
-8.878380060195922852e-03 -1.858896613121032715e-01
-1.427000761032104492e-02 -1.850748509168624878e-01
-6.470374763011932373e-03 -1.910977065563201904e-01
-9.254917502403259277e-03 -1.945189535617828369e-01
-2.105165272951126099e-02 -1.853705942630767822e-01
4.766888916492462158e-03 -1.955085098743438721e-01
1.116751134395599365e-02 -1.959882676601409912e-01
7.610946893692016602e-03 -1.979813873767852783e-01
7.221892476081848145e-03 -1.978733539581298828e-01
1.020002365112304688e-02 -2.017784714698791504e-01
3.621339797973632812e-03 -2.023928463459014893e-01
2.457328140735626221e-03 -2.014809250831604004e-01
-8.499942719936370850e-03 -1.986910104751586914e-01
-1.627829670906066895e-02 -1.968311965465545654e-01
-7.799156010150909424e-03 -1.999858319759368896e-01
-2.226837724447250366e-02 -1.878914982080459595e-01
-2.379365265369415283e-02 -1.881659626960754395e-01
-2.213908731937408447e-02 -1.908459961414337158e-01
-3.169604390859603882e-02 -1.831918805837631226e-01
-4.357786476612091064e-02 -1.808231472969055176e-01
-3.834759443998336792e-02 -1.795725375413894653e-01
-3.286203742027282715e-02 -1.815571933984756470e-01
-2.754233777523040771e-02 -1.845228523015975952e-01
-2.827469259500503540e-02 -1.869865655899047852e-01
-3.730292618274688721e-02 -1.754129528999328613e-01
-2.367489039897918701e-02 -1.852452158927917480e-01
-4.388500750064849854e-02 -1.735261380672454834e-01
-2.931301295757293701e-02 -1.808470934629440308e-01
-4.204812645912170410e-02 -1.734226346015930176e-01
-2.516555786132812500e-02 -1.839088648557662964e-01
-4.166443645954132080e-02 -1.737842708826065063e-01
-4.614688456058502197e-02 -1.632536053657531738e-01
-2.443793416023254395e-02 -1.804732084274291992e-01
-2.908049523830413818e-02 -1.757995188236236572e-01
-2.280322462320327759e-02 -1.764907240867614746e-01
-1.698201149702072144e-02 -1.800651997327804565e-01
-4.389874637126922607e-03 -1.909123063087463379e-01
-1.366510242223739624e-02 -1.859464645385742188e-01
-1.818078756332397461e-02 -1.779959797859191895e-01
-3.029096126556396484e-02 -1.694881916046142578e-01
-3.513415157794952393e-02 -1.628963500261306763e-01
-3.612893819808959961e-02 -1.650398373603820801e-01
-3.071857243776321411e-02 -1.687040477991104126e-01
-2.763842046260833740e-02 -1.653465628623962402e-01
-3.384827822446823120e-02 -1.562731266021728516e-01
-1.987689733505249023e-02 -1.719507277011871338e-01
-2.460375428199768066e-02 -1.686786264181137085e-01
-1.466262340545654297e-02 -1.728651672601699829e-01
-4.310362040996551514e-03 -1.813590079545974731e-01
1.798591017723083496e-02 -1.915111541748046875e-01
4.638378322124481201e-02 -2.073481231927871704e-01
4.419943690299987793e-02 -2.096430212259292603e-01
9.842008352279663086e-03 -1.907392442226409912e-01
6.042830646038055420e-03 -1.908736526966094971e-01
8.177161216735839844e-03 -1.902558207511901855e-01
-6.384357810020446777e-03 -1.883485913276672363e-01
-2.098508179187774658e-02 -1.813869327306747437e-01
-1.232035458087921143e-02 -1.929892301559448242e-01
-8.499465882778167725e-03 -1.981527805328369141e-01
-1.740112900733947754e-02 -1.927437484264373779e-01
-1.338931173086166382e-02 -1.958792805671691895e-01
-2.878616750240325928e-02 -1.852602958679199219e-01
-2.925532311201095581e-02 -1.844511926174163818e-01
-1.488212496042251587e-02 -1.943466961383819580e-01
-3.417094796895980835e-02 -1.846655160188674927e-01
-6.205655634403228760e-03 -1.989168226718902588e-01
-1.746924221515655518e-02 -1.903470456600189209e-01
-1.665122061967849731e-02 -1.905283778905868530e-01
2.149023115634918213e-03 -2.031891644001007080e-01
1.588562130928039551e-02 -2.105495035648345947e-01
8.130833506584167480e-03 -2.088706195354461670e-01
-1.258918642997741699e-02 -1.951736211776733398e-01
-1.443939656019210815e-02 -1.898224055767059326e-01
-7.309630513191223145e-03 -1.955382823944091797e-01
-7.003158330917358398e-03 -1.990628242492675781e-01
-1.680172979831695557e-02 -1.902840733528137207e-01
-2.010193467140197754e-02 -1.898220479488372803e-01
4.035092890262603760e-03 -2.000081390142440796e-01
6.668716669082641602e-03 -2.024184167385101318e-01
-4.344791173934936523e-03 -1.956874728202819824e-01
9.727716445922851562e-03 -2.018177807331085205e-01
-7.048100233078002930e-03 -1.927247047424316406e-01
-1.392889022827148438e-02 -1.867190897464752197e-01
1.343309879302978516e-03 -1.921398341655731201e-01
2.066913247108459473e-02 -2.091825306415557861e-01
1.941564679145812988e-02 -2.062439024448394775e-01
-3.640353679656982422e-05 -1.932128071784973145e-01
-1.375034451484680176e-03 -1.950190663337707520e-01
1.760473847389221191e-02 -2.142452001571655273e-01
8.310958743095397949e-03 -2.068127840757369995e-01
-2.198868989944458008e-02 -1.904776692390441895e-01
-3.027574717998504639e-02 -1.857796907424926758e-01
-1.569941639900207520e-02 -1.992498338222503662e-01
-1.125413179397583008e-02 -1.967986226081848145e-01
-2.505801618099212646e-02 -1.846082061529159546e-01
-2.909689396619796753e-02 -1.796094775199890137e-01
-1.736894249916076660e-02 -1.906641274690628052e-01
-2.085759490728378296e-02 -1.874077618122100830e-01
-2.880014479160308838e-02 -1.722553670406341553e-01
-3.175458312034606934e-02 -1.828093230724334717e-01
-1.724466681480407715e-02 -1.881115138530731201e-01
-2.780827134847640991e-02 -1.800125539302825928e-01
-3.586786985397338867e-02 -1.741413176059722900e-01
-4.150965809822082520e-02 -1.658423095941543579e-01
-3.968879580497741699e-03 -1.901912987232208252e-01
-1.169200241565704346e-02 -1.840827167034149170e-01
-2.577787637710571289e-02 -1.781347990036010742e-01
-1.833339780569076538e-02 -1.829537749290466309e-01
3.245925903320312500e-02 -2.184397280216217041e-01
1.439645886421203613e-03 -1.881443262100219727e-01
2.816781401634216309e-03 -1.879574358463287354e-01
-2.556596696376800537e-02 -1.732553839683532715e-01
-1.719763875007629395e-02 -1.733874082565307617e-01
-1.684662699699401855e-02 -1.812851130962371826e-01
-2.656426280736923218e-02 -1.806589812040328979e-01
6.015636026859283447e-03 -2.065717279911041260e-01
1.355698704719543457e-02 -2.089745104312896729e-01
6.320402026176452637e-03 -1.956416666507720947e-01
-4.650995135307312012e-03 -1.919634342193603516e-01
-3.037642687559127808e-02 -1.771052330732345581e-01
-5.769148468971252441e-03 -1.972036361694335938e-01
-2.742327004671096802e-02 -1.866852194070816040e-01
-2.437105774879455566e-02 -1.913603544235229492e-01
-1.146104931831359863e-02 -2.029039859771728516e-01
-5.339555442333221436e-03 -2.091781795024871826e-01
-1.996624469757080078e-02 -1.933341026306152344e-01
-2.730695903301239014e-02 -1.891657561063766479e-01
-3.937420248985290527e-02 -1.777836680412292480e-01
-2.865483611822128296e-02 -1.871335506439208984e-01
-3.940930962562561035e-02 -1.777603030204772949e-01
-6.510384380817413330e-02 -1.619030386209487915e-01
-3.447282314300537109e-02 -1.855869591236114502e-01
-4.749983549118041992e-03 -2.056882381439208984e-01
2.890963852405548096e-02 -2.202998399734497070e-01
3.194600343704223633e-02 -2.225642204284667969e-01
7.336138188838958740e-02 -2.433864772319793701e-01
5.754514038562774658e-02 -2.367134690284729004e-01
3.048607707023620605e-02 -2.117641270160675049e-01
1.903702318668365479e-02 -2.087632864713668823e-01
6.875544786453247070e-04 -2.006375491619110107e-01
-3.080219030380249023e-03 -2.016204297542572021e-01
-6.405346095561981201e-03 -1.990655362606048584e-01
-7.627055048942565918e-03 -1.996106803417205811e-01
-6.843470036983489990e-03 -2.022530734539031982e-01
-3.534290194511413574e-02 -1.856910586357116699e-01
-1.982521265745162964e-02 -1.943259835243225098e-01
-2.412023395299911499e-02 -1.895982623100280762e-01
-2.448724210262298584e-02 -1.881094127893447876e-01
-3.074210882186889648e-02 -1.825395226478576660e-01
-4.583386331796646118e-02 -1.731083095073699951e-01
-3.811135143041610718e-02 -1.771192252635955811e-01
-3.361798822879791260e-02 -1.843429803848266602e-01
-3.285419940948486328e-02 -1.857131719589233398e-01
-5.080904811620712280e-02 -1.762365698814392090e-01
-5.169483274221420288e-02 -1.754059344530105591e-01
-3.585186600685119629e-02 -1.821916699409484863e-01
-3.311517834663391113e-02 -1.833130568265914917e-01
-3.508526831865310669e-02 -1.831906288862228394e-01
-4.196562618017196655e-02 -1.795799136161804199e-01
-3.703625500202178955e-02 -1.814170181751251221e-01
-4.471722245216369629e-02 -1.775077730417251587e-01
-4.144842922687530518e-02 -1.804953217506408691e-01
-4.414039850234985352e-02 -1.778739690780639648e-01
-4.862748086452484131e-02 -1.763231605291366577e-01
-5.903410911560058594e-02 -1.689990758895874023e-01
-6.201063096523284912e-02 -1.641787141561508179e-01
-6.687337160110473633e-02 -1.622551381587982178e-01
-6.091944500803947449e-02 -1.671388745307922363e-01
-5.103133618831634521e-02 -1.736230552196502686e-01
-3.907432407140731812e-02 -1.816150248050689697e-01
-2.833700180053710938e-02 -1.867302656173706055e-01
-1.405048370361328125e-02 -1.978800147771835327e-01
-3.730713576078414917e-02 -1.808042228221893311e-01
-2.884612977504730225e-02 -1.839989423751831055e-01
-2.427087724208831787e-02 -1.896793842315673828e-01
-2.770893275737762451e-02 -1.820889115333557129e-01
-3.404322266578674316e-02 -1.755805909633636475e-01
-1.542095839977264404e-02 -1.854093372821807861e-01
8.722424507141113281e-03 -2.031749635934829712e-01
3.008522093296051025e-02 -2.177230119705200195e-01
4.252676665782928467e-02 -2.235289812088012695e-01
2.817082405090332031e-02 -2.111535966396331787e-01
1.214225590229034424e-02 -2.071733772754669189e-01
1.910501718521118164e-02 -2.121512591838836670e-01
2.193383872509002686e-02 -2.077600955963134766e-01
3.039476275444030762e-02 -2.183991074562072754e-01
1.227967441082000732e-03 -2.002678215503692627e-01
-2.235856652259826660e-02 -1.914673000574111938e-01
-2.179465442895889282e-02 -1.854485720396041870e-01
3.132969141006469727e-04 -1.964747905731201172e-01
-1.164525747299194336e-02 -1.869187206029891968e-01
1.509495079517364502e-03 -1.933033615350723267e-01
-2.508260309696197510e-02 -1.772046685218811035e-01
-2.249254286289215088e-02 -1.804022789001464844e-01
-3.586506098508834839e-02 -1.744425892829895020e-01
-2.586033940315246582e-02 -1.766911894083023071e-01
-3.442560136318206787e-02 -1.780035793781280518e-01
-3.815456479787826538e-02 -1.829906553030014038e-01
-4.570855945348739624e-02 -1.808511912822723389e-01
-6.459554284811019897e-02 -1.649875491857528687e-01
-3.685975074768066406e-02 -1.890122592449188232e-01
-5.682978034019470215e-02 -1.789936423301696777e-01
-7.715488225221633911e-02 -1.543340682983398438e-01
-6.755267828702926636e-02 -1.577791422605514526e-01
-4.237643629312515259e-02 -1.668979525566101074e-01
-5.358290672302246094e-02 -1.648221313953399658e-01
-8.721044659614562988e-02 -1.468160599470138550e-01
-6.978915631771087646e-02 -1.539139449596405029e-01
-6.579025089740753174e-02 -1.518346071243286133e-01
-6.776519119739532471e-02 -1.482269763946533203e-01
-6.054349243640899658e-02 -1.470858305692672729e-01
-1.859224587678909302e-02 -1.820754408836364746e-01
-6.319327652454376221e-02 -1.504639685153961182e-01
-5.150430649518966675e-02 -1.534435749053955078e-01
-3.978964686393737793e-02 -1.591614782810211182e-01
-4.647538065910339355e-02 -1.601455658674240112e-01
-1.638021320104598999e-02 -1.765777915716171265e-01
-6.107746064662933350e-02 -1.531279385089874268e-01
-3.917362540960311890e-02 -1.568998694419860840e-01
-4.547634720802307129e-02 -1.649589389562606812e-01
-1.171571016311645508e-02 -1.753854751586914062e-01
-7.133156061172485352e-03 -1.736029088497161865e-01
-2.272102236747741699e-02 -1.623243689537048340e-01
-4.702263325452804565e-02 -1.545591950416564941e-01
-7.961647957563400269e-02 -1.275433301925659180e-01
-7.598633319139480591e-02 -1.444733738899230957e-01
-1.144518628716468811e-01 -1.378197968006134033e-01
-1.093217432498931885e-01 -1.448188871145248413e-01
-2.874708175659179688e-02 -1.951502561569213867e-01
-2.831102907657623291e-02 -1.901316642761230469e-01
7.542207837104797363e-03 -2.124060690402984619e-01
2.875266969203948975e-02 -2.166903614997863770e-01
2.200987935066223145e-02 -2.008814215660095215e-01
-2.524957805871963501e-02 -1.599364876747131348e-01
-2.461757510900497437e-02 -1.494574546813964844e-01
-5.664958059787750244e-02 -1.283985078334808350e-01
-1.273447275161743164e-02 -1.435219645500183105e-01
7.156282663345336914e-03 -1.609822213649749756e-01
6.732404232025146484e-03 -1.679144948720932007e-01
-1.803452521562576294e-02 -1.562350988388061523e-01
-6.053934991359710693e-02 -1.721427887678146362e-01
-6.100587919354438782e-02 -1.730367392301559448e-01
-5.604137107729911804e-02 -1.762725263833999634e-01
-6.575813889503479004e-02 -1.674666702747344971e-01
-7.070817053318023682e-02 -1.591604501008987427e-01
-6.916206330060958862e-02 -1.631228029727935791e-01
-6.421705335378646851e-02 -1.605851054191589355e-01
-6.997964531183242798e-02 -1.574472337961196899e-01
-8.103432506322860718e-02 -1.426908522844314575e-01
-5.514574795961380005e-02 -1.576458364725112915e-01
-5.788444727659225464e-02 -1.562346816062927246e-01
-1.642452180385589600e-02 -1.824888139963150024e-01
-3.390006721019744873e-02 -1.709069758653640747e-01
-2.903297543525695801e-02 -1.679832190275192261e-01
-1.970671862363815308e-02 -1.725343763828277588e-01
-4.191905260086059570e-02 -1.534714698791503906e-01
-4.533661156892776489e-02 -1.526443809270858765e-01
-4.121402651071548462e-02 -1.603064239025115967e-01
-4.680624604225158691e-02 -1.531460285186767578e-01
-6.760434061288833618e-02 -1.426931172609329224e-01
-4.877074062824249268e-02 -1.563958823680877686e-01
-4.455260932445526123e-02 -1.618737578392028809e-01
-4.702813178300857544e-02 -1.693764775991439819e-01
-2.754218876361846924e-02 -1.774639785289764404e-01
-3.657045960426330566e-02 -1.780846416950225830e-01
-3.436437249183654785e-02 -1.842121779918670654e-01
-2.648588269948959351e-02 -1.956101059913635254e-01
-4.075803607702255249e-02 -1.883199512958526611e-01
-1.712732762098312378e-02 -1.963236033916473389e-01
-2.011159062385559082e-02 -1.989953517913818359e-01
7.573068141937255859e-03 -2.130158543586730957e-01
-2.657443284988403320e-03 -2.032380104064941406e-01
-2.970084547996520996e-03 -2.022619545459747314e-01
3.369271755218505859e-03 -2.015532553195953369e-01
-4.293724894523620605e-03 -1.951424181461334229e-01
1.060415804386138916e-02 -2.088886648416519165e-01
-1.108422875404357910e-03 -2.018778622150421143e-01
-1.192809641361236572e-02 -1.961346268653869629e-01
-8.756212890148162842e-03 -1.905840039253234863e-01
-5.283303558826446533e-03 -1.957043409347534180e-01
-4.230052232742309570e-03 -1.984628140926361084e-01
-7.605582475662231445e-03 -1.938624680042266846e-01
-4.140228033065795898e-03 -1.919866204261779785e-01
-2.170497179031372070e-02 -1.845731735229492188e-01
-9.941831231117248535e-04 -2.047203779220581055e-01
-1.293940842151641846e-02 -1.991074681282043457e-01
-2.533920109272003174e-02 -1.914778649806976318e-01
-5.981586873531341553e-03 -2.038555890321731567e-01
-9.495481848716735840e-03 -2.064396142959594727e-01
-3.973473608493804932e-02 -1.871041059494018555e-01
-5.112060904502868652e-02 -1.801746189594268799e-01
-5.207835137844085693e-02 -1.744403243064880371e-01
-3.765916824340820312e-02 -1.842132806777954102e-01
-2.920013666152954102e-02 -1.874141693115234375e-01
-3.462208062410354614e-02 -1.820269823074340820e-01
-9.128458797931671143e-03 -1.913900971412658691e-01
-2.626834809780120850e-02 -1.837789416313171387e-01
-2.750530838966369629e-03 -1.929726004600524902e-01
-9.500488638877868652e-03 -1.876134872436523438e-01
-4.912212491035461426e-03 -1.960436850786209106e-01
-6.891883909702301025e-03 -1.868230104446411133e-01
-6.839781999588012695e-04 -1.890578418970108032e-01
-1.469932496547698975e-02 -1.861935257911682129e-01
3.754198551177978516e-04 -1.910941898822784424e-01
-1.797141134738922119e-02 -1.815949678421020508e-01
-7.393047213554382324e-03 -1.893154680728912354e-01
9.601980447769165039e-03 -1.936405897140502930e-01
-4.911333322525024414e-03 -1.853651404380798340e-01
2.197203040122985840e-02 -2.047381103038787842e-01
5.747042596340179443e-03 -1.959126591682434082e-01
2.178528904914855957e-02 -2.016761302947998047e-01
2.726823091506958008e-02 -2.063338160514831543e-01
1.874436438083648682e-02 -1.985984742641448975e-01
3.686383366584777832e-02 -2.045494914054870605e-01
3.612619638442993164e-02 -2.013491541147232056e-01
2.740889787673950195e-02 -1.997375935316085815e-01
3.699329495429992676e-02 -2.047166228294372559e-01
1.468521356582641602e-02 -1.918125748634338379e-01
1.894931495189666748e-02 -1.886904537677764893e-01
4.482477903366088867e-03 -1.741358190774917603e-01
-2.807713299989700317e-02 -1.571822464466094971e-01
4.536785185337066650e-03 -1.774027347564697266e-01
1.889631152153015137e-02 -1.922654211521148682e-01
4.431483149528503418e-02 -2.123372554779052734e-01
3.315839171409606934e-02 -2.043271064758300781e-01
2.744360268115997314e-02 -1.976293027400970459e-01
4.967015981674194336e-02 -2.162212133407592773e-01
4.808433353900909424e-02 -2.156011313199996948e-01
2.497756481170654297e-02 -2.012671679258346558e-01
-9.714514017105102539e-03 -1.801662594079971313e-01
-3.396496176719665527e-03 -1.881641745567321777e-01
-2.633836865425109863e-02 -1.776527464389801025e-01
-6.425763666629791260e-02 -1.532450914382934570e-01
-1.447583734989166260e-02 -1.816485524177551270e-01
-7.334269583225250244e-03 -1.862806677818298340e-01
2.814160287380218506e-02 -1.992427408695220947e-01
3.034897148609161377e-02 -2.019815444946289062e-01
-3.070709854364395142e-02 -1.649142801761627197e-01
-1.439814269542694092e-02 -1.703160256147384644e-01
1.265090703964233398e-02 -1.956472694873809814e-01
2.837732434272766113e-03 -1.949987858533859253e-01
3.369119763374328613e-02 -2.302834987640380859e-01
3.645831346511840820e-02 -2.387274205684661865e-01
2.959460020065307617e-02 -2.372594773769378662e-01
4.747433960437774658e-02 -2.447634935379028320e-01
4.022671282291412354e-02 -2.423229813575744629e-01
3.607955574989318848e-02 -2.359686791896820068e-01
3.097280859947204590e-04 -2.119847983121871948e-01
-4.238612949848175049e-03 -2.027534991502761841e-01
-4.284635186195373535e-03 -1.993712186813354492e-01
7.773444056510925293e-03 -1.984893232583999634e-01
1.689325273036956787e-02 -2.012353092432022095e-01
3.292804956436157227e-02 -2.112812697887420654e-01
2.118858695030212402e-02 -2.037962675094604492e-01
1.103444397449493408e-02 -1.910021305084228516e-01
3.728707134723663330e-02 -1.979859769344329834e-01
2.982825040817260742e-03 -1.670221537351608276e-01
-3.458525240421295166e-02 -1.276818960905075073e-01
-3.812677413225173950e-02 -1.129582300782203674e-01
-4.216332733631134033e-02 -1.064248159527778625e-01
-4.427611827850341797e-02 -9.975495934486389160e-02
-6.264166533946990967e-02 -9.391298145055770874e-02
-6.635002046823501587e-02 -1.004255264997482300e-01
-7.898399233818054199e-02 -8.980147540569305420e-02
-1.014281660318374634e-01 -6.048228591680526733e-02
-5.520313978195190430e-02 -3.956831246614456177e-02
-5.396803468465805054e-02 -3.199342638254165649e-02
-4.427232593297958374e-02 -3.132756799459457397e-02
-4.759988188743591309e-02 -4.825337976217269897e-02
-3.688128292560577393e-02 -6.323029100894927979e-02
-2.975848317146301270e-02 -6.702935695648193359e-02
3.499761223793029785e-03 -1.098490059375762939e-01
3.095312416553497314e-02 -1.333044767379760742e-01
6.948414444923400879e-02 -1.690564304590225220e-01
6.814415752887725830e-02 -1.784702241420745850e-01
6.460100412368774414e-02 -1.773888468742370605e-01
4.045265913009643555e-02 -1.683272421360015869e-01
3.429001569747924805e-02 -1.677330285310745239e-01
7.400318980216979980e-03 -1.575298011302947998e-01
-5.525507032871246338e-03 -1.527498364448547363e-01
-7.007189095020294189e-03 -1.532355546951293945e-01
-6.361365318298339844e-03 -1.585553586483001709e-01
-1.314988732337951660e-02 -1.590843647718429565e-01
2.317383885383605957e-03 -1.684435606002807617e-01
2.337086200714111328e-02 -1.915524154901504517e-01
3.150419890880584717e-02 -2.162405252456665039e-01
-1.896058022975921631e-02 -2.373792827129364014e-01
-2.232415229082107544e-02 -2.499663829803466797e-01
-2.836757153272628784e-02 -2.415511012077331543e-01
-2.836942672729492188e-02 -2.358870059251785278e-01
-3.553023189306259155e-02 -2.307193279266357422e-01
-1.229502260684967041e-02 -2.484593689441680908e-01
-4.681766033172607422e-03 -2.472898364067077637e-01
-2.896820008754730225e-02 -2.319201827049255371e-01
-3.726989775896072388e-02 -2.297697365283966064e-01
-3.263012319803237915e-02 -2.274152636528015137e-01
-3.278139978647232056e-02 -2.270522415637969971e-01
-3.832188248634338379e-02 -2.254721522331237793e-01
-3.940402716398239136e-02 -2.188072204589843750e-01
-2.974897623062133789e-02 -2.200050055980682373e-01
-3.855088353157043457e-02 -2.143070995807647705e-01
-3.099775314331054688e-02 -2.113556861877441406e-01
-2.283467352390289307e-02 -2.173011004924774170e-01
-3.606507182121276855e-02 -2.121764123439788818e-01
-2.183969318866729736e-02 -2.172625660896301270e-01
-4.406716674566268921e-02 -2.040960490703582764e-01
-3.319018334150314331e-02 -2.096482515335083008e-01
-2.325949072837829590e-02 -2.110559046268463135e-01
-1.436021178960800171e-02 -2.182943820953369141e-01
-2.765998244285583496e-02 -2.122481465339660645e-01
-1.687061786651611328e-02 -2.165622711181640625e-01
-1.533763855695724487e-02 -2.184919416904449463e-01
-2.580635249614715576e-02 -2.109666764736175537e-01
-3.789840638637542725e-02 -2.030951678752899170e-01
-3.434895724058151245e-02 -2.020328640937805176e-01
-4.696282744407653809e-02 -1.945485025644302368e-01
-6.063871085643768311e-02 -1.810571551322937012e-01
-5.243979394435882568e-02 -1.888159811496734619e-01
-5.734180659055709839e-02 -1.882525980472564697e-01
-4.224150627851486206e-02 -1.910788118839263916e-01
-3.693214803934097290e-02 -1.913197934627532959e-01
-4.233475029468536377e-02 -1.891654431819915771e-01
-3.325331211090087891e-02 -1.946361362934112549e-01
-3.056000918149948120e-02 -1.962784528732299805e-01
-3.912937641143798828e-02 -1.923047751188278198e-01
-6.347458064556121826e-02 -1.739524304866790771e-01
-4.243422299623489380e-02 -1.862686425447463989e-01
-3.189944475889205933e-02 -1.895014047622680664e-01
-3.043486177921295166e-02 -1.895701587200164795e-01
-3.240510821342468262e-02 -1.920967102050781250e-01
-3.357060253620147705e-02 -1.900808513164520264e-01
-1.547476649284362793e-02 -1.988169252872467041e-01
-1.934207230806350708e-02 -1.946035027503967285e-01
-2.402339875698089600e-02 -1.903789341449737549e-01
-1.228764653205871582e-02 -1.978488862514495850e-01
-7.024586200714111328e-03 -2.025132775306701660e-01
-8.680522441864013672e-04 -2.076365649700164795e-01
8.462220430374145508e-04 -2.098381072282791138e-01
-1.053451001644134521e-02 -2.049056887626647949e-01
-8.954279124736785889e-03 -2.056004703044891357e-01
-2.312439680099487305e-02 -1.954846978187561035e-01
-3.633985668420791626e-02 -1.901474893093109131e-01
-2.197481691837310791e-02 -1.964404731988906860e-01
-3.038760274648666382e-02 -1.884034276008605957e-01
-2.373628318309783936e-02 -1.901624798774719238e-01
-3.162623196840286255e-02 -1.841850578784942627e-01
-3.536842763423919678e-02 -1.825452148914337158e-01
-3.190185129642486572e-02 -1.839008927345275879e-01
-2.458602190017700195e-02 -1.851779818534851074e-01
-3.048672527074813843e-02 -1.892357766628265381e-01
-3.473795950412750244e-02 -1.795021593570709229e-01
-3.740619122982025146e-02 -1.770129352807998657e-01
-3.945177793502807617e-02 -1.741649210453033447e-01
-2.161937952041625977e-02 -1.861038953065872192e-01
-4.506306350231170654e-02 -1.714853793382644653e-01
-3.987021744251251221e-02 -1.707859039306640625e-01
-2.878151834011077881e-02 -1.777722835540771484e-01
-1.970450580120086670e-02 -1.824251115322113037e-01
-2.031500637531280518e-02 -1.815709918737411499e-01
-1.488348096609115601e-02 -1.884730160236358643e-01
-2.169562131166458130e-02 -1.817313432693481445e-01
-1.420862972736358643e-02 -1.844676882028579712e-01
-2.381691336631774902e-02 -1.819621324539184570e-01
-2.428160607814788818e-02 -1.800469905138015747e-01
-2.555882930755615234e-02 -1.789726167917251587e-01
-1.859354972839355469e-02 -1.867974400520324707e-01
-3.291123360395431519e-02 -1.805935800075531006e-01
-3.787709027528762817e-02 -1.789374351501464844e-01
-3.479656577110290527e-02 -1.820404380559921265e-01
-3.588146716356277466e-02 -1.794345378875732422e-01
-9.019419550895690918e-03 -1.975814998149871826e-01
-1.610347628593444824e-02 -1.895060092210769653e-01
-3.115187585353851318e-02 -1.748060584068298340e-01
-4.021808505058288574e-02 -1.678232252597808838e-01
-2.820090949535369873e-02 -1.710757762193679810e-01
-3.472246229648590088e-02 -1.692853718996047974e-01
-2.311170101165771484e-05 -1.877861917018890381e-01
3.691706061363220215e-02 -2.046492993831634521e-01
4.188570380210876465e-02 -2.078386545181274414e-01
6.039746105670928955e-02 -2.205131351947784424e-01
5.381686985492706299e-02 -2.202643454074859619e-01
6.307674944400787354e-02 -2.241660356521606445e-01
4.828007519245147705e-02 -2.213953435420989990e-01
1.810918748378753662e-02 -2.028010189533233643e-01
-2.637326717376708984e-03 -1.905924677848815918e-01
-1.271861046552658081e-02 -1.828885227441787720e-01
-2.286762744188308716e-02 -1.779310405254364014e-01
-2.974058687686920166e-02 -1.687132567167282104e-01
-2.730391919612884521e-02 -1.682858318090438843e-01
-2.082557976245880127e-02 -1.685336530208587646e-01
1.506909728050231934e-03 -1.835428178310394287e-01
-3.480501472949981689e-03 -1.804599761962890625e-01
-8.557185530662536621e-03 -1.766116172075271606e-01
-7.753998041152954102e-03 -1.752761453390121460e-01
-2.390284836292266846e-02 -1.622059196233749390e-01
-2.918350696563720703e-02 -1.606370061635971069e-01
-2.709257602691650391e-02 -1.629442572593688965e-01
-3.166997432708740234e-02 -1.596629023551940918e-01
-2.543752640485763550e-02 -1.646938920021057129e-01
-2.211783826351165771e-02 -1.663573831319808960e-01
-3.090630471706390381e-02 -1.549593210220336914e-01
-5.041690170764923096e-02 -1.403285115957260132e-01
-4.018068313598632812e-02 -1.445336192846298218e-01
-6.280842423439025879e-02 -1.311542391777038574e-01
-5.859740823507308960e-02 -1.308908909559249878e-01
-6.368295848369598389e-02 -1.281957924365997314e-01
-6.490524113178253174e-02 -1.287221610546112061e-01
-4.265969991683959961e-02 -1.431393325328826904e-01
-7.104664295911788940e-02 -1.237001866102218628e-01
-7.389539480209350586e-02 -1.205966025590896606e-01
-5.353090912103652954e-02 -1.329345405101776123e-01
-6.310080736875534058e-02 -1.250731647014617920e-01
-6.430073827505111694e-02 -1.231564432382583618e-01
-5.475930124521255493e-02 -1.295356005430221558e-01
-3.944784402847290039e-02 -1.476553082466125488e-01
-4.040329903364181519e-02 -1.526096016168594360e-01
-5.109859257936477661e-02 -1.446526497602462769e-01
-4.261854290962219238e-02 -1.493666768074035645e-01
-3.504648059606552124e-02 -1.578767001628875732e-01
-3.807213157415390015e-02 -1.592429876327514648e-01
-6.256811320781707764e-02 -1.462758630514144897e-01
-3.263107687234878540e-02 -1.648002266883850098e-01
-5.235146731138229370e-02 -1.547906398773193359e-01
-2.953460812568664551e-02 -1.639950424432754517e-01
-6.669226288795471191e-02 -1.402666121721267700e-01
-3.529462218284606934e-02 -1.612119972705841064e-01
-1.802581548690795898e-02 -1.703038215637207031e-01
5.973510444164276123e-03 -1.951600313186645508e-01
1.169633865356445312e-02 -2.059032917022705078e-01
5.464415252208709717e-02 -2.320844531059265137e-01
3.620663285255432129e-02 -2.126682996749877930e-01
-3.006145358085632324e-03 -1.913773417472839355e-01
2.169191837310791016e-03 -1.996971666812896729e-01
-1.958875358104705811e-02 -1.923681199550628662e-01
-8.302845060825347900e-03 -2.028500735759735107e-01
-1.962271332740783691e-02 -1.972180008888244629e-01
-1.769623160362243652e-02 -1.952430307865142822e-01
-9.347751736640930176e-03 -2.000740617513656616e-01
-2.171865105628967285e-02 -1.877888292074203491e-01
-3.135195374488830566e-02 -1.821882426738739014e-01
-2.311205118894577026e-02 -1.906618475914001465e-01
-4.135443270206451416e-02 -1.777543425559997559e-01
-2.533221244812011719e-02 -1.911998242139816284e-01
-2.938988804817199707e-02 -1.851026117801666260e-01
-4.351260513067245483e-02 -1.749182343482971191e-01
-2.901896834373474121e-02 -1.792096048593521118e-01
-1.754215359687805176e-02 -1.857658326625823975e-01
-7.447257637977600098e-03 -1.893526464700698853e-01
-1.126058399677276611e-02 -1.881396472454071045e-01
-2.901711314916610718e-02 -1.759668886661529541e-01
-3.496366739273071289e-02 -1.717386245727539062e-01
-4.576610028743743896e-02 -1.739697903394699097e-01
-5.050534009933471680e-02 -1.745670288801193237e-01
-3.443261235952377319e-02 -1.867592632770538330e-01
-4.745198786258697510e-02 -1.813543885946273804e-01
-3.199227899312973022e-02 -1.867109984159469604e-01
-3.821038454771041870e-02 -1.835158020257949829e-01
-2.667286247014999390e-02 -1.874329447746276855e-01
-2.509767562150955200e-02 -1.858897805213928223e-01
-4.468794167041778564e-02 -1.763405054807662964e-01
-3.497278690338134766e-02 -1.803227066993713379e-01
-4.161797463893890381e-02 -1.754373311996459961e-01
-3.186707943677902222e-02 -1.804492473602294922e-01
-2.345308661460876465e-02 -1.892885565757751465e-01
-3.235046565532684326e-02 -1.864761412143707275e-01
-2.864436805248260498e-02 -1.873749792575836182e-01
-2.158999443054199219e-02 -1.946401000022888184e-01
-3.934650868177413940e-02 -1.887334287166595459e-01
-4.698102921247482300e-02 -1.817322075366973877e-01
-2.735559642314910889e-02 -1.960799694061279297e-01
-1.846059411764144897e-02 -2.000331580638885498e-01
-2.828473597764968872e-02 -1.946757733821868896e-01
-3.647032380104064941e-02 -1.851495504379272461e-01
-4.074519872665405273e-02 -1.834761053323745728e-01
-4.344221204519271851e-02 -1.773083209991455078e-01
-2.725190669298171997e-02 -1.817785799503326416e-01
-2.156034111976623535e-02 -1.872384548187255859e-01
-3.184145689010620117e-02 -1.785879731178283691e-01
-2.240119874477386475e-02 -1.820169836282730103e-01
-3.950269520282745361e-02 -1.740233153104782104e-01
-2.680915594100952148e-02 -1.796688437461853027e-01
-2.884760499000549316e-02 -1.781172901391983032e-01
-4.090806096792221069e-02 -1.740904897451400757e-01
-2.801818400621414185e-02 -1.845844537019729614e-01
-2.024587243795394897e-02 -1.898285150527954102e-01
-2.718298137187957764e-02 -1.832564920186996460e-01
-2.822609245777130127e-02 -1.793150007724761963e-01
-3.336811065673828125e-02 -1.752088367938995361e-01
-2.565301954746246338e-02 -1.826793849468231201e-01
-3.515714406967163086e-02 -1.794894337654113770e-01
-2.688448131084442139e-02 -1.819066405296325684e-01
-3.301727026700973511e-02 -1.807293295860290527e-01
-4.101343452930450439e-02 -1.760833263397216797e-01
-4.045261442661285400e-02 -1.765769571065902710e-01
-3.566272556781768799e-02 -1.772306561470031738e-01
-3.656212985515594482e-02 -1.792527437210083008e-01
-4.155832529067993164e-02 -1.763060390949249268e-01
-4.303620010614395142e-02 -1.770776510238647461e-01
-3.480301052331924438e-02 -1.830505132675170898e-01
-4.114618897438049316e-02 -1.758424341678619385e-01
-3.732392936944961548e-02 -1.726886779069900513e-01
-3.750316053628921509e-02 -1.774287670850753784e-01
-2.824082970619201660e-02 -1.821696162223815918e-01
-2.625668793916702271e-02 -1.834347099065780640e-01
-1.307518035173416138e-02 -1.921837925910949707e-01
-1.330325752496719360e-02 -1.919129192829132080e-01
-1.599463820457458496e-02 -1.885697543621063232e-01
-3.066036105155944824e-02 -1.799061298370361328e-01
-1.195900142192840576e-02 -1.899677515029907227e-01
-2.529862523078918457e-02 -1.832116395235061646e-01
-2.982562780380249023e-02 -1.782385408878326416e-01
-3.246839344501495361e-02 -1.777226626873016357e-01
-2.493854612112045288e-02 -1.837786436080932617e-01
-2.766210585832595825e-02 -1.804844737052917480e-01
-2.892028540372848511e-02 -1.813906729221343994e-01
-2.868706732988357544e-02 -1.827950328588485718e-01
-3.881151974201202393e-02 -1.757427155971527100e-01
-2.027219533920288086e-02 -1.898782253265380859e-01
-3.288850933313369751e-02 -1.820979267358779907e-01
-3.081642091274261475e-02 -1.840667724609375000e-01
-2.312824130058288574e-02 -1.900546252727508545e-01
-2.129189670085906982e-02 -1.882335394620895386e-01
-3.094065189361572266e-02 -1.810200512409210205e-01
-2.048940211534500122e-02 -1.844682246446609497e-01
-2.412848174571990967e-02 -1.794171631336212158e-01
-7.237598299980163574e-03 -1.948394030332565308e-01
-2.080573141574859619e-02 -1.841852962970733643e-01
-1.693930476903915405e-02 -1.879365444183349609e-01
-1.660283654928207397e-02 -1.863101720809936523e-01
-2.575707435607910156e-02 -1.767572760581970215e-01
-3.143073618412017822e-02 -1.747543662786483765e-01
-3.693889081478118896e-02 -1.727980673313140869e-01
-3.913894295692443848e-02 -1.722204089164733887e-01
-4.028168320655822754e-02 -1.721759438514709473e-01
-2.627670764923095703e-02 -1.793914735317230225e-01
-2.587383240461349487e-02 -1.810384094715118408e-01
-3.457928448915481567e-02 -1.776305139064788818e-01
-2.247080206871032715e-02 -1.797614246606826782e-01
-3.454075753688812256e-02 -1.741602122783660889e-01
-3.538271039724349976e-02 -1.765671372413635254e-01
-4.042562097311019897e-02 -1.726717948913574219e-01
-4.793448746204376221e-02 -1.702756285667419434e-01
-3.968490660190582275e-02 -1.746773123741149902e-01
-3.373748809099197388e-02 -1.786560267210006714e-01
-3.893908858299255371e-02 -1.759946346282958984e-01
-1.658402383327484131e-02 -1.855181306600570679e-01
-8.170530200004577637e-03 -1.887922883033752441e-01
-1.829260587692260742e-02 -1.815387010574340820e-01
-9.812548756599426270e-03 -1.892299652099609375e-01
-5.690604448318481445e-03 -1.890104264020919800e-01
-2.178422361612319946e-02 -1.791116595268249512e-01
-1.816299557685852051e-02 -1.744368374347686768e-01
-1.258157193660736084e-02 -1.788402944803237915e-01
-3.246783465147018433e-02 -1.726171225309371948e-01
-1.336733996868133545e-02 -1.835806518793106079e-01
-4.175965487957000732e-02 -1.671775281429290771e-01
1.888424158096313477e-03 -1.879379153251647949e-01
-2.277421951293945312e-02 -1.771046817302703857e-01
-4.509551823139190674e-02 -1.589441150426864624e-01
-3.701643645763397217e-02 -1.719266176223754883e-01
-1.525498926639556885e-02 -1.892257481813430786e-01
-4.199366271495819092e-02 -1.752231121063232422e-01
-2.003172039985656738e-02 -1.986297965049743652e-01
-1.002425700426101685e-02 -2.020423710346221924e-01
-4.551127552986145020e-03 -1.922120749950408936e-01
-3.858049213886260986e-02 -1.653356850147247314e-01
-3.962565213441848755e-02 -1.678059697151184082e-01
-4.329823702573776245e-02 -1.657726764678955078e-01
-3.688670694828033447e-02 -1.668660044670104980e-01
-2.449361979961395264e-02 -1.744375228881835938e-01
-1.025307923555374146e-02 -1.834593415260314941e-01
-1.588232815265655518e-02 -1.817115545272827148e-01
-2.196685224771499634e-02 -1.738578975200653076e-01
-1.898555457592010498e-02 -1.740905046463012695e-01
-1.769440621137619019e-02 -1.713813990354537964e-01
-1.415202766656875610e-02 -1.736837327480316162e-01
-1.365455240011215210e-02 -1.751151382923126221e-01
-1.564249396324157715e-02 -1.755773723125457764e-01
-1.029628515243530273e-02 -1.771130561828613281e-01
-1.576037704944610596e-02 -1.757710129022598267e-01
-2.159724384546279907e-02 -1.697758138179779053e-01
-2.195903658866882324e-02 -1.684356480836868286e-01
-3.624706715345382690e-02 -1.612247675657272339e-01
-4.739770293235778809e-02 -1.503969579935073853e-01
-3.567169606685638428e-02 -1.611345112323760986e-01
-3.299844264984130859e-02 -1.588725745677947998e-01
-3.522725403308868408e-02 -1.574411392211914062e-01
-4.137648642063140869e-02 -1.479748636484146118e-01
-3.401634097099304199e-02 -1.497997343540191650e-01
-3.972616046667098999e-02 -1.456200629472732544e-01
-2.858556061983108521e-02 -1.516430974006652832e-01
-2.492856979370117188e-02 -1.554563194513320923e-01
-1.551115512847900391e-02 -1.593573689460754395e-01
-2.916411310434341431e-02 -1.496766507625579834e-01
-3.388978540897369385e-02 -1.467651873826980591e-01
-4.602716863155364990e-02 -1.315753012895584106e-01
-4.233686625957489014e-02 -1.342089772224426270e-01
-4.568266868591308594e-02 -1.308897733688354492e-01
-2.012380957603454590e-02 -1.462756395339965820e-01
-1.383125036954879761e-02 -1.491691619157791138e-01
-7.586926221847534180e-05 -1.575354039669036865e-01
-6.207972764968872070e-04 -1.610384434461593628e-01
5.009971559047698975e-03 -1.585593968629837036e-01
1.655608415603637695e-03 -1.554784625768661499e-01
9.554713964462280273e-03 -1.644144058227539062e-01
-3.729416429996490479e-02 -1.384959071874618530e-01
-3.336383402347564697e-02 -1.421334743499755859e-01
-5.579495429992675781e-02 -1.317043602466583252e-01
-5.136929452419281006e-02 -1.293643116950988770e-01
-4.293150454759597778e-02 -1.357493400573730469e-01
-2.489423751831054688e-02 -1.486592888832092285e-01
-3.518281877040863037e-02 -1.443762779235839844e-01
-2.629493176937103271e-02 -1.460393816232681274e-01
-2.176520973443984985e-02 -1.524418145418167114e-01
-2.325145900249481201e-02 -1.508059799671173096e-01
-1.926434040069580078e-02 -1.571317315101623535e-01
1.249462366104125977e-04 -1.692949831485748291e-01
-3.374829888343811035e-03 -1.659498512744903564e-01
-6.525114178657531738e-03 -1.684747934341430664e-01
-4.379779100418090820e-03 -1.714359223842620850e-01
-5.781032145023345947e-03 -1.766133904457092285e-01
-3.073488175868988037e-02 -1.619874238967895508e-01
-2.813558280467987061e-02 -1.618042886257171631e-01
-3.108284622430801392e-02 -1.607663631439208984e-01
-1.689752191305160522e-02 -1.767440438270568848e-01
-3.359749913215637207e-03 -1.818008720874786377e-01
-1.902262121438980103e-02 -1.714444160461425781e-01
-4.929845035076141357e-02 -1.503025293350219727e-01
-4.216443002223968506e-02 -1.516845971345901489e-01
-1.566319167613983154e-02 -1.694039106369018555e-01
-1.251340657472610474e-02 -1.686108857393264771e-01
-1.776012778282165527e-02 -1.701016128063201904e-01
-2.500776946544647217e-02 -1.667720079421997070e-01
-2.314108610153198242e-02 -1.738458573818206787e-01
-7.481500506401062012e-03 -1.796351075172424316e-01
-2.278837561607360840e-02 -1.644438803195953369e-01
-2.093379199504852295e-02 -1.653446853160858154e-01
-6.079418957233428955e-02 -1.391061693429946899e-01
-5.389679968357086182e-02 -1.405969262123107910e-01
-4.632675647735595703e-02 -1.475358009338378906e-01
-2.035245299339294434e-02 -1.591347008943557739e-01
-7.384538650512695312e-03 -1.704745292663574219e-01
-4.896670579910278320e-03 -1.693660169839859009e-01
-5.484968423843383789e-04 -1.695242524147033691e-01
5.189485847949981689e-03 -1.755358427762985229e-01
5.197364091873168945e-02 -2.052376270294189453e-01
3.645274043083190918e-02 -1.945783197879791260e-01
4.830874502658843994e-03 -1.724315583705902100e-01
3.986763954162597656e-02 -1.916694194078445435e-01
3.666166961193084717e-02 -1.867039203643798828e-01
2.610415220260620117e-02 -1.867446005344390869e-01
3.500412404537200928e-02 -1.892583221197128296e-01
5.210632085800170898e-02 -1.979606151580810547e-01
5.515167117118835449e-02 -2.036102712154388428e-01
7.834199070930480957e-02 -2.205623090267181396e-01
8.445563912391662598e-02 -2.262721955776214600e-01
4.393243789672851562e-02 -2.064465582370758057e-01
3.196048736572265625e-02 -2.015106827020645142e-01
1.243792474269866943e-02 -1.908034086227416992e-01
2.185659110546112061e-02 -1.948744654655456543e-01
5.676625669002532959e-02 -2.141884267330169678e-01
9.141889214515686035e-02 -2.286491990089416504e-01
1.029258519411087036e-01 -2.306224256753921509e-01
7.149428129196166992e-02 -2.156172692775726318e-01
6.928995251655578613e-02 -2.144812047481536865e-01
7.195496559143066406e-02 -2.220738232135772705e-01
4.723790287971496582e-02 -2.093679904937744141e-01
3.828287124633789062e-02 -2.056381404399871826e-01
9.274363517761230469e-03 -1.918519735336303711e-01
7.097989320755004883e-03 -1.902792155742645264e-01
2.227582037448883057e-03 -1.901738047599792480e-01
-1.653417944908142090e-02 -1.821992844343185425e-01
-1.931110024452209473e-02 -1.819702088832855225e-01
-1.345579326152801514e-02 -1.891286373138427734e-01
-3.122312575578689575e-02 -1.782022714614868164e-01
-3.986534476280212402e-02 -1.748532652854919434e-01
-2.465375512838363647e-02 -1.752717196941375732e-01
-3.954546153545379639e-02 -1.622516214847564697e-01
-4.717802256345748901e-02 -1.562236249446868896e-01
-4.089476168155670166e-02 -1.536383628845214844e-01
-5.085320770740509033e-02 -1.449636369943618774e-01
-2.467286586761474609e-02 -1.574026495218276978e-01
-6.895661354064941406e-03 -1.570375859737396240e-01
8.710235357284545898e-03 -1.663808375597000122e-01
2.394407987594604492e-02 -1.703295111656188965e-01
-1.135942339897155762e-02 -1.523853093385696411e-01
1.534847915172576904e-02 -1.662650257349014282e-01
-5.834423005580902100e-03 -1.605151444673538208e-01
1.893070340156555176e-02 -1.743025779724121094e-01
6.115707755088806152e-02 -1.883973628282546997e-01
6.212002038955688477e-02 -1.884696930646896362e-01
6.935133039951324463e-02 -2.014387249946594238e-01
6.241109967231750488e-02 -1.920584440231323242e-01
6.155535578727722168e-02 -1.897175312042236328e-01
5.077984929084777832e-02 -1.792351603507995605e-01
3.078052401542663574e-02 -1.714792549610137939e-01
3.698359429836273193e-02 -1.802970170974731445e-01
3.652366995811462402e-02 -1.785884648561477661e-01
4.257746040821075439e-02 -1.791683137416839600e-01
4.231207072734832764e-02 -1.809670478105545044e-01
3.942444920539855957e-02 -1.747865527868270874e-01
1.064504683017730713e-02 -1.590201258659362793e-01
1.800671219825744629e-02 -1.691090166568756104e-01
2.459110319614410400e-02 -1.702709347009658813e-01
3.962519764900207520e-02 -1.821410655975341797e-01
2.431158721446990967e-02 -1.727904826402664185e-01
3.355941176414489746e-02 -1.759732067584991455e-01
3.862133622169494629e-02 -1.828147768974304199e-01
3.807495534420013428e-02 -1.819344311952590942e-01
2.732996642589569092e-02 -1.740395128726959229e-01
2.714970707893371582e-02 -1.803359389305114746e-01
2.546465396881103516e-02 -1.802389323711395264e-01
3.103467822074890137e-02 -1.804844737052917480e-01
3.865927457809448242e-02 -1.883882880210876465e-01
1.270067691802978516e-02 -1.629881858825683594e-01
-2.668663859367370605e-03 -1.567433327436447144e-01
2.163988351821899414e-02 -1.713190376758575439e-01
2.337738871574401855e-02 -1.703144609928131104e-01
1.334251463413238525e-02 -1.689440757036209106e-01
-8.476138114929199219e-03 -1.594356000423431396e-01
-2.694457769393920898e-03 -1.643887311220169067e-01
1.410779356956481934e-02 -1.757028102874755859e-01
5.636903643608093262e-02 -2.036589980125427246e-01
2.743566036224365234e-02 -1.918191015720367432e-01
3.620138764381408691e-02 -1.987386643886566162e-01
2.942138910293579102e-02 -1.964818239212036133e-01
7.740825414657592773e-03 -1.857536286115646362e-01
1.789081096649169922e-02 -1.940289735794067383e-01
2.952918410301208496e-03 -1.876190304756164551e-01
-1.691468060016632080e-02 -1.763491928577423096e-01
-1.678846031427383423e-02 -1.828946173191070557e-01
-4.363971948623657227e-02 -1.685425937175750732e-01
-3.544096648693084717e-02 -1.772609949111938477e-01
-3.010911494493484497e-02 -1.729905456304550171e-01
-9.442716836929321289e-04 -1.883122026920318604e-01
2.482160925865173340e-04 -1.921231746673583984e-01
-1.649798452854156494e-02 -1.821036636829376221e-01
-3.762023150920867920e-02 -1.802089065313339233e-01
-1.725735515356063843e-02 -2.000209838151931763e-01
-1.264630258083343506e-02 -2.078348100185394287e-01
-1.066197454929351807e-02 -2.034624218940734863e-01
3.054276108741760254e-03 -1.977556049823760986e-01
-8.806250989437103271e-03 -1.889462172985076904e-01
-1.741334050893783569e-02 -1.808820366859436035e-01
-1.646532118320465088e-02 -1.814673393964767456e-01
-2.374105155467987061e-02 -1.768774688243865967e-01
-2.979798614978790283e-02 -1.736355572938919067e-01
-3.603103756904602051e-02 -1.726960241794586182e-01
-4.221537709236145020e-02 -1.727561056613922119e-01
-2.080663293600082397e-02 -1.889937520027160645e-01
-2.839335799217224121e-02 -1.825638711452484131e-01
-4.247346520423889160e-02 -1.685363650321960449e-01
-3.430945426225662231e-02 -1.752488464117050171e-01
-3.015309572219848633e-02 -1.753287315368652344e-01
-3.747253119945526123e-02 -1.726683378219604492e-01
-4.091976583003997803e-02 -1.687736809253692627e-01
-3.058167546987533569e-02 -1.738431304693222046e-01
-3.388519585132598877e-02 -1.734235584735870361e-01
-2.710756659507751465e-02 -1.745826303958892822e-01
-2.994747459888458252e-02 -1.727374047040939331e-01
-2.624369412660598755e-02 -1.760849952697753906e-01
-4.343625903129577637e-02 -1.683661639690399170e-01
-4.965803027153015137e-02 -1.632089614868164062e-01
-4.737561941146850586e-02 -1.650794148445129395e-01
-3.608487546443939209e-02 -1.684645712375640869e-01
-3.436678647994995117e-02 -1.689381152391433716e-01
-4.530978202819824219e-02 -1.594749987125396729e-01
-4.316894710063934326e-02 -1.609451174736022949e-01
-3.960879892110824585e-02 -1.641325056552886963e-01
-3.594589233398437500e-02 -1.664276719093322754e-01
-4.278829693794250488e-02 -1.619084924459457397e-01
-3.714253008365631104e-02 -1.663624793291091919e-01
-3.425843268632888794e-02 -1.698136329650878906e-01
-4.720166325569152832e-02 -1.638406515121459961e-01
-4.606074094772338867e-02 -1.638499200344085693e-01
-4.748325049877166748e-02 -1.631529629230499268e-01
-6.023228541016578674e-02 -1.541477888822555542e-01
-4.998450726270675659e-02 -1.618681252002716064e-01
-3.910231590270996094e-02 -1.697432100772857666e-01
-4.339022934436798096e-02 -1.651305556297302246e-01
-4.375863820314407349e-02 -1.671889722347259521e-01
-3.922102600336074829e-02 -1.696040332317352295e-01
-3.697051107883453369e-02 -1.700352430343627930e-01
-3.255662322044372559e-02 -1.714868396520614624e-01
-2.753922343254089355e-02 -1.733325123786926270e-01
-3.695525228977203369e-02 -1.622920334339141846e-01
-3.166728466749191284e-02 -1.636976897716522217e-01
