3.673109039664268494e-02 3.097505681216716766e-02
3.699140250682830811e-02 3.094663098454475403e-02
4.246999695897102356e-02 4.846782982349395752e-02
3.914791345596313477e-02 3.984474390745162964e-02
3.690725564956665039e-02 4.135593026876449585e-02
3.799111396074295044e-02 4.692008346319198608e-02
3.667098283767700195e-02 4.336466640233993530e-02
2.937077358365058899e-02 3.933814167976379395e-02
3.582005947828292847e-02 4.150910675525665283e-02
3.526425361633300781e-02 4.450397938489913940e-02
3.841638937592506409e-02 4.976067692041397095e-02
3.567773103713989258e-02 4.075597226619720459e-02
3.808584064245223999e-02 3.761459141969680786e-02
3.380068764090538025e-02 2.983853593468666077e-02
3.499457612633705139e-02 3.138432651758193970e-02
3.010956943035125732e-02 3.559386730194091797e-02
3.157932311296463013e-02 2.500317059457302094e-02
3.750133141875267029e-02 3.079429455101490021e-02
3.770822286605834961e-02 3.039585612714290619e-02
3.874577581882476807e-02 2.971996739506721497e-02
4.063298553228378296e-02 3.245982527732849121e-02
3.952883929014205933e-02 3.427270427346229553e-02
3.590068221092224121e-02 2.888539619743824005e-02
3.764279559254646301e-02 3.334684297442436218e-02
3.438445180654525757e-02 2.720938250422477722e-02
2.948657795786857605e-02 4.231832921504974365e-02
3.712647408246994019e-02 3.837496787309646606e-02
3.797624260187149048e-02 3.026350587606430054e-02
4.165827482938766479e-02 3.059989213943481445e-02
4.103428870439529419e-02 3.218218684196472168e-02
3.909441083669662476e-02 1.897479034960269928e-02
4.003335535526275635e-02 2.718263864517211914e-02
3.924160078167915344e-02 2.836726978421211243e-02
4.058559238910675049e-02 2.493640221655368805e-02
3.833341598510742188e-02 2.082996629178524017e-02
4.088304564356803894e-02 2.527385205030441284e-02
4.321860149502754211e-02 2.625609748065471649e-02
4.144373536109924316e-02 3.168830275535583496e-02
3.991145640611648560e-02 2.730428241193294525e-02
4.047904163599014282e-02 2.187748253345489502e-02
3.918920829892158508e-02 2.355680614709854126e-02
3.908495232462882996e-02 3.004384227097034454e-02
4.004427790641784668e-02 2.894971519708633423e-02
3.905327990651130676e-02 2.357892133295536041e-02
3.830828890204429626e-02 2.555253915488719940e-02
3.624019026756286621e-02 1.784287206828594208e-02
4.198773577809333801e-02 3.743856772780418396e-02
3.738603740930557251e-02 3.120851516723632812e-02
3.655749931931495667e-02 2.489637397229671478e-02
2.973533421754837036e-02 2.340780198574066162e-02
3.174094110727310181e-02 2.396150305867195129e-02
3.114285692572593689e-02 1.825373806059360504e-02
3.188728541135787964e-02 2.367580123245716095e-02
3.734201192855834961e-02 2.139004878699779510e-02
3.645014390349388123e-02 2.080802060663700104e-02
3.572667390108108521e-02 1.467295549809932709e-02
4.028357937932014465e-02 2.684712409973144531e-02
3.831326961517333984e-02 3.245514631271362305e-02
3.994444385170936584e-02 2.004613727331161499e-02
4.098325595259666443e-02 2.014634385704994202e-02
4.423689097166061401e-02 2.233287692070007324e-02
4.032771289348602295e-02 2.562655694782733917e-02
4.191423207521438599e-02 2.751006186008453369e-02
4.416901245713233948e-02 3.264655172824859619e-02
4.332887753844261169e-02 3.925231471657752991e-02
3.727556392550468445e-02 1.866629347205162048e-02
4.086126014590263367e-02 2.486255019903182983e-02
3.676290437579154968e-02 2.278653904795646667e-02
4.447111114859580994e-02 4.451987147331237793e-02
4.232677817344665527e-02 3.210645169019699097e-02
4.202119261026382446e-02 3.116706945002079010e-02
4.243578389286994934e-02 4.513227567076683044e-02
4.304596036672592163e-02 2.887786924839019775e-02
3.772637993097305298e-02 2.914015017449855804e-02
4.044088348746299744e-02 2.902079746127128601e-02
3.949439898133277893e-02 3.050935827195644379e-02
3.723714500665664673e-02 1.727852039039134979e-02
3.701632097363471985e-02 3.020983748137950897e-02
3.525700420141220093e-02 2.259057015180587769e-02
3.834028914570808411e-02 2.606805972754955292e-02
3.550662845373153687e-02 2.501474879682064056e-02
4.177622497081756592e-02 3.582532703876495361e-02
3.401449695229530334e-02 2.988454326987266541e-02
3.490068763494491577e-02 2.599896304309368134e-02
4.398163035511970520e-02 2.966318279504776001e-02
3.755109757184982300e-02 2.408692054450511932e-02
3.476064652204513550e-02 1.909299008548259735e-02
3.015953674912452698e-02 2.351431734859943390e-02
3.293681517243385315e-02 2.418135665357112885e-02
2.983079105615615845e-02 2.317431755363941193e-02
3.360821679234504700e-02 2.689449861645698547e-02
2.796382457017898560e-02 1.504134107381105423e-02
2.780269831418991089e-02 7.913257926702499390e-03
2.993007004261016846e-02 2.269451506435871124e-02
3.162137046456336975e-02 2.550389058887958527e-02
3.336940705776214600e-02 2.924755029380321503e-02
3.391300886869430542e-02 3.133277222514152527e-02
3.184700012207031250e-02 2.716404944658279419e-02
3.441315889358520508e-02 3.635885566473007202e-02
3.210389241576194763e-02 3.503451496362686157e-02
3.005686029791831970e-02 3.151896595954895020e-02
3.259140253067016602e-02 2.872763387858867645e-02
3.384857624769210815e-02 3.116402216255664825e-02
3.593723475933074951e-02 3.486869484186172485e-02
3.793904930353164673e-02 4.271415993571281433e-02
3.791480883955955505e-02 4.286047071218490601e-02
3.612059354782104492e-02 3.549775481224060059e-02
3.403098881244659424e-02 2.705391310155391693e-02
3.759844601154327393e-02 3.470281511545181274e-02
3.978151828050613403e-02 3.371627628803253174e-02
3.682017698884010315e-02 3.108549490571022034e-02
3.874840214848518372e-02 3.523518890142440796e-02
3.793760016560554504e-02 3.689876198768615723e-02
3.767563402652740479e-02 2.910085953772068024e-02
3.511585667729377747e-02 3.482827171683311462e-02
3.811101615428924561e-02 3.416854888200759888e-02
3.922532498836517334e-02 2.142797224223613739e-02
3.759915381669998169e-02 2.442125231027603149e-02
4.117509350180625916e-02 4.006402939558029175e-02
3.660542517900466919e-02 2.894477732479572296e-02
3.720448911190032959e-02 3.596336394548416138e-02
3.840498253703117371e-02 3.170247003436088562e-02
3.695032745599746704e-02 2.587504684925079346e-02
3.883961588144302368e-02 3.419770300388336182e-02
3.571595251560211182e-02 2.691529877483844757e-02
3.607355803251266479e-02 2.802886068820953369e-02
4.062819480895996094e-02 3.110222145915031433e-02
3.816024586558341980e-02 3.106459788978099823e-02
3.989439830183982849e-02 3.310821950435638428e-02
3.941325843334197998e-02 3.597652912139892578e-02
3.551970422267913818e-02 3.037041611969470978e-02
3.574568033218383789e-02 2.648988552391529083e-02
3.793641924858093262e-02 2.808208949863910675e-02
3.465209901332855225e-02 3.316707536578178406e-02
3.544598072767257690e-02 2.803561463952064514e-02
3.864715248346328735e-02 4.064868390560150146e-02
3.837460279464721680e-02 3.056622669100761414e-02
4.090538620948791504e-02 3.017929755151271820e-02
4.137761145830154419e-02 3.396873176097869873e-02
4.376646876335144043e-02 4.289669916033744812e-02
4.306354001164436340e-02 3.585865348577499390e-02
4.146063700318336487e-02 3.246428817510604858e-02
4.217331483960151672e-02 3.731406107544898987e-02
4.186848551034927368e-02 3.601496666669845581e-02
4.212738946080207825e-02 4.277089610695838928e-02
3.900917246937751770e-02 3.298973664641380310e-02
3.862514719367027283e-02 2.595583908259868622e-02
4.144818708300590515e-02 3.617999702692031860e-02
4.202891141176223755e-02 4.035834595561027527e-02
3.582059592008590698e-02 3.529407829046249390e-02
3.372296318411827087e-02 3.390648961067199707e-02
3.492031618952751160e-02 3.127930313348770142e-02
3.807050362229347229e-02 3.128894418478012085e-02
3.521636873483657837e-02 2.957645617425441742e-02
4.009140655398368835e-02 3.558457270264625549e-02
3.517729043960571289e-02 2.767846919596195221e-02
3.695270419120788574e-02 3.170933201909065247e-02
3.699851781129837036e-02 3.351435065269470215e-02
3.575031459331512451e-02 2.943678759038448334e-02
3.243737667798995972e-02 2.584100142121315002e-02
3.598808497190475464e-02 3.199095278978347778e-02
3.364775329828262329e-02 1.906649209558963776e-02
3.277564421296119690e-02 2.280718646943569183e-02
3.395333141088485718e-02 1.933963969349861145e-02
3.411325812339782715e-02 2.292724698781967163e-02
3.436899185180664062e-02 3.348623961210250854e-02
3.498158603906631470e-02 3.377424180507659912e-02
3.742497414350509644e-02 2.508822456002235413e-02
3.435943275690078735e-02 1.932740025222301483e-02
3.490358218550682068e-02 2.309747971594333649e-02
3.732115402817726135e-02 2.109730429947376251e-02
4.351147264242172241e-02 3.088572621345520020e-02
3.821681439876556396e-02 2.702038735151290894e-02
4.236454144120216370e-02 3.009936586022377014e-02
4.386460036039352417e-02 2.999850548803806305e-02
3.946582600474357605e-02 3.497163578867912292e-02
4.679995775222778320e-02 4.312289506196975708e-02
4.449456930160522461e-02 4.430705681443214417e-02
3.824799507856369019e-02 2.937247045338153839e-02
4.130081087350845337e-02 3.338506817817687988e-02
3.920750319957733154e-02 3.076178953051567078e-02
4.438053071498870850e-02 3.855350613594055176e-02
3.966304659843444824e-02 5.118191242218017578e-02
4.336989298462867737e-02 4.753845185041427612e-02
3.937173634767532349e-02 4.098733514547348022e-02
3.552436828613281250e-02 3.764922171831130981e-02
4.236713796854019165e-02 4.829173162579536438e-02
4.223760962486267090e-02 4.869402199983596802e-02
3.841798007488250732e-02 4.307927936315536499e-02
3.896791860461235046e-02 4.648300260305404663e-02
3.992149233818054199e-02 4.331384971737861633e-02
3.790485858917236328e-02 3.968710079789161682e-02
4.061921685934066772e-02 4.059378057718276978e-02
3.909957408905029297e-02 3.232777863740921021e-02
3.401020169258117676e-02 2.503354474902153015e-02
4.088965803384780884e-02 3.873793035745620728e-02
3.947652876377105713e-02 4.341202974319458008e-02
4.070518165826797485e-02 4.218866676092147827e-02
4.058752208948135376e-02 4.856226593255996704e-02
3.965541720390319824e-02 4.040618985891342163e-02
3.901608660817146301e-02 3.940240293741226196e-02
3.954584151506423950e-02 4.071253538131713867e-02
4.035444557666778564e-02 2.986046299338340759e-02
4.314859211444854736e-02 2.886291220784187317e-02
3.795155510306358337e-02 2.858042716979980469e-02
3.858863562345504761e-02 3.792526200413703918e-02
4.614353179931640625e-02 3.857256099581718445e-02
3.312022611498832703e-02 1.983604766428470612e-02
4.285178333520889282e-02 3.816259652376174927e-02
3.442751616239547729e-02 3.025649115443229675e-02
4.255468398332595825e-02 3.313557431101799011e-02
3.754789754748344421e-02 3.223248571157455444e-02
3.813903033733367920e-02 3.357006236910820007e-02
4.060128331184387207e-02 3.889437019824981689e-02
4.226752370595932007e-02 3.186964988708496094e-02
4.729015380144119263e-02 4.147794097661972046e-02
4.286531731486320496e-02 3.854637220501899719e-02
4.560728371143341064e-02 4.913346469402313232e-02
4.560565203428268433e-02 3.817775100469589233e-02
3.944536671042442322e-02 3.257796913385391235e-02
3.964093700051307678e-02 3.433234989643096924e-02
4.103460907936096191e-02 3.696957230567932129e-02
4.340221360325813293e-02 4.444571584463119507e-02
4.249252006411552429e-02 3.999767079949378967e-02
3.803002834320068359e-02 2.969430014491081238e-02
4.014538228511810303e-02 3.467904776334762573e-02
4.122676700353622437e-02 4.196111112833023071e-02
3.935648873448371887e-02 3.011697903275489807e-02
3.633802384138107300e-02 4.502631723880767822e-02
3.536066040396690369e-02 3.267544507980346680e-02
3.213687613606452942e-02 2.435669489204883575e-02
3.320959210395812988e-02 1.946034654974937439e-02
3.573580086231231689e-02 1.387593150138854980e-02
3.767205029726028442e-02 2.765767276287078857e-02
3.905986249446868896e-02 3.108287416398525238e-02
4.066450148820877075e-02 4.289010539650917053e-02
3.464406728744506836e-02 3.768690675497055054e-02
3.334006667137145996e-02 3.887917101383209229e-02
3.382847830653190613e-02 3.823706880211830139e-02
3.772634267807006836e-02 3.475014865398406982e-02
3.426413238048553467e-02 3.382467478513717651e-02
4.104950651526451111e-02 4.377973824739456177e-02
3.617490082979202271e-02 3.683735430240631104e-02
3.609091416001319885e-02 3.416585177183151245e-02
4.075737297534942627e-02 3.676014021039009094e-02
3.877741843461990356e-02 3.268994390964508057e-02
3.505839407444000244e-02 2.732994034886360168e-02
3.771506994962692261e-02 3.822296485304832458e-02
3.549861535429954529e-02 3.437415137887001038e-02
3.893242031335830688e-02 3.318367153406143188e-02
3.577094525098800659e-02 4.420521482825279236e-02
3.866883367300033569e-02 4.389386624097824097e-02
3.648994490504264832e-02 4.393814504146575928e-02
3.886379301548004150e-02 3.968659415841102600e-02
4.070764407515525818e-02 3.840322047472000122e-02
4.341941326856613159e-02 3.575528413057327271e-02
4.725716263055801392e-02 3.491371870040893555e-02
4.386217519640922546e-02 2.885955758392810822e-02
4.811393097043037415e-02 3.340540081262588501e-02
4.667933657765388489e-02 2.946720644831657410e-02
4.434376582503318787e-02 3.347473591566085815e-02
4.309567436575889587e-02 2.998751588165760040e-02
4.451395571231842041e-02 2.954970113933086395e-02
4.428474605083465576e-02 3.433364629745483398e-02
4.211929813027381897e-02 2.653963491320610046e-02
4.229246824979782104e-02 2.977717481553554535e-02
4.667846113443374634e-02 3.365171700716018677e-02
5.092693865299224854e-02 4.010315239429473877e-02
4.848217964172363281e-02 2.382601797580718994e-02
4.582227021455764771e-02 2.744233794510364532e-02
4.238419979810714722e-02 3.018185496330261230e-02
4.421705380082130432e-02 4.839088767766952515e-02
4.334609955549240112e-02 4.587315768003463745e-02
4.242796078324317932e-02 4.181838780641555786e-02
4.539988562464714050e-02 4.535091295838356018e-02
4.555890709161758423e-02 3.705105930566787720e-02
4.305968433618545532e-02 3.373782336711883545e-02
4.175357520580291748e-02 2.534707449376583099e-02
3.922891244292259216e-02 1.703343912959098816e-02
3.962981700897216797e-02 2.055155485868453979e-02
3.939435258507728577e-02 1.998255774378776550e-02
3.603154420852661133e-02 2.229734510183334351e-02
3.732815757393836975e-02 2.077198587357997894e-02
3.651514649391174316e-02 2.700580470263957977e-02
4.058749973773956299e-02 1.953950896859169006e-02
3.972701355814933777e-02 2.436310611665248871e-02
4.140022397041320801e-02 1.757197082042694092e-02
3.498142212629318237e-02 1.020327303558588028e-02
3.134566918015480042e-02 3.578834235668182373e-03
3.143805265426635742e-02 1.119639538228511810e-02
3.944028168916702271e-02 2.292499132454395294e-02
3.653279691934585571e-02 1.877127401530742645e-02
3.636849299073219299e-02 2.187560126185417175e-02
4.136852920055389404e-02 3.449377417564392090e-02
4.356931895017623901e-02 2.805289253592491150e-02
3.864847123622894287e-02 3.926732763648033142e-02
3.616674244403839111e-02 2.220626175403594971e-02
3.569284826517105103e-02 2.180771529674530029e-02
3.475526347756385803e-02 1.105305552482604980e-02
3.175441920757293701e-02 2.302617579698562622e-02
3.201397508382797241e-02 2.156123146414756775e-02
3.035071492195129395e-02 1.320174336433410645e-02
2.558269351720809937e-02 2.452467381954193115e-02
2.846836671233177185e-02 1.542141847312450409e-02
2.297496050596237183e-02 2.155081927776336670e-02
2.691867575049400330e-02 1.030471548438072205e-02
2.917002514004707336e-02 1.844630949199199677e-02
3.615724295377731323e-02 1.728430762887001038e-02
3.082315996289253235e-02 1.753798127174377441e-02
3.300549834966659546e-02 1.738756895065307617e-02
3.118674457073211670e-02 1.871935650706291199e-02
2.640112489461898804e-02 -9.956751018762588501e-04
2.915976196527481079e-02 1.033339370042085648e-02
3.471156954765319824e-02 1.270406786352396011e-02
3.681584075093269348e-02 2.599398046731948853e-02
3.004153445363044739e-02 2.046296931803226471e-02
3.185423463582992554e-02 3.611400723457336426e-02
3.201350569725036621e-02 2.743836864829063416e-02
2.976713702082633972e-02 2.918100543320178986e-02
2.659547328948974609e-02 2.537330426275730133e-02
2.566718682646751404e-02 1.431615278124809265e-02
2.762871980667114258e-02 3.034047968685626984e-02
2.586374431848526001e-02 7.101517170667648315e-03
2.882548049092292786e-02 2.538017742335796356e-02
2.909544110298156738e-02 2.413075976073741913e-02
3.177382051944732666e-02 2.289657481014728546e-02
2.859979495406150818e-02 1.758403703570365906e-02
2.850053831934928894e-02 2.793812751770019531e-02
2.718710899353027344e-02 1.320454571396112442e-02
2.263122797012329102e-02 1.861485093832015991e-02
2.249316126108169556e-02 2.358425967395305634e-02
3.148292377591133118e-02 2.082525379955768585e-02
2.983032166957855225e-02 3.317403048276901245e-02
3.234985098242759705e-02 2.698143199086189270e-02
3.057984262704849243e-02 2.735003083944320679e-02
2.789153531193733215e-02 2.034422196447849274e-02
3.044795617461204529e-02 3.471845388412475586e-02
3.602221235632896423e-02 4.992264136672019958e-02
3.109945543110370636e-02 3.235790506005287170e-02
3.532527387142181396e-02 2.956778369843959808e-02
3.341837227344512939e-02 3.372219949960708618e-02
3.939088806509971619e-02 3.993500024080276489e-02
3.961674869060516357e-02 4.715599864721298218e-02
3.436493873596191406e-02 3.361713513731956482e-02
3.896090388298034668e-02 4.015016555786132812e-02
3.735167533159255981e-02 4.656007885932922363e-02
3.969113528728485107e-02 6.025233864784240723e-02
3.798159211874008179e-02 4.570480436086654663e-02
3.381115570664405823e-02 4.280275851488113403e-02
3.438053652644157410e-02 2.588316053152084351e-02
3.296402096748352051e-02 3.278136998414993286e-02
3.459908813238143921e-02 3.219174593687057495e-02
3.763750940561294556e-02 4.318283498287200928e-02
3.351991996169090271e-02 3.691004961729049683e-02
3.663426637649536133e-02 3.938694670796394348e-02
3.587373718619346619e-02 4.195447266101837158e-02
3.518636524677276611e-02 3.655961155891418457e-02
3.745440393686294556e-02 3.543680906295776367e-02
3.465773165225982666e-02 2.703437022864818573e-02
4.036483913660049438e-02 4.014057666063308716e-02
3.655886650085449219e-02 3.568761050701141357e-02
4.004472866654396057e-02 4.566567391157150269e-02
3.973421454429626465e-02 4.250410944223403931e-02
3.801556304097175598e-02 2.956455759704113007e-02
3.926001489162445068e-02 2.754153124988079071e-02
4.151901975274085999e-02 3.516048192977905273e-02
4.329641163349151611e-02 4.393197596073150635e-02
3.759770840406417847e-02 3.341304510831832886e-02
4.149233177304267883e-02 4.722046107053756714e-02
4.331621527671813965e-02 4.435065388679504395e-02
4.346824437379837036e-02 5.238597095012664795e-02
3.663290664553642273e-02 4.153797030448913574e-02
3.884159773588180542e-02 4.491043835878372192e-02
3.679535165429115295e-02 4.853106290102005005e-02
3.394565731287002563e-02 3.762199357151985168e-02
3.614943847060203552e-02 4.234372079372406006e-02
4.009434953331947327e-02 5.181901901960372925e-02
4.282486438751220703e-02 5.532735586166381836e-02
3.913379088044166565e-02 5.123322457075119019e-02
3.932438790798187256e-02 4.689933359622955322e-02
4.261545464396476746e-02 4.701089113950729370e-02
3.650454804301261902e-02 4.399223625659942627e-02
3.817997127771377563e-02 4.389251396059989929e-02
3.688766807317733765e-02 4.020751267671585083e-02
3.389108553528785706e-02 4.097305983304977417e-02
3.678731992840766907e-02 3.834789991378784180e-02
3.439277410507202148e-02 3.579060733318328857e-02
3.589576482772827148e-02 3.658068180084228516e-02
3.830496594309806824e-02 3.527924418449401855e-02
3.890574723482131958e-02 3.793168440461158752e-02
3.618470579385757446e-02 2.911613881587982178e-02
3.462752327322959900e-02 2.873949520289897919e-02
3.848076611757278442e-02 3.381329402327537537e-02
3.753561526536941528e-02 3.329159319400787354e-02
4.123838990926742554e-02 2.978825941681861877e-02
3.886037319898605347e-02 2.452497556805610657e-02
3.696126863360404968e-02 2.712340280413627625e-02
3.664936125278472900e-02 1.978984475135803223e-02
3.843521699309349060e-02 2.108745463192462921e-02
3.809063881635665894e-02 2.160359546542167664e-02
4.054799303412437439e-02 2.866514213383197784e-02
3.782679885625839233e-02 2.576205506920814514e-02
3.618305549025535583e-02 3.074842691421508789e-02
4.045293480157852173e-02 3.397488594055175781e-02
4.357192665338516235e-02 3.242155537009239197e-02
4.033900052309036255e-02 2.696452476084232330e-02
3.590597957372665405e-02 1.721324585378170013e-02
3.780246153473854065e-02 1.547844894230365753e-02
3.832405433058738708e-02 1.491050887852907181e-02
4.177330806851387024e-02 1.892159506678581238e-02
4.345865547657012939e-02 2.794102765619754791e-02
4.158636182546615601e-02 2.336213551461696625e-02
4.128552973270416260e-02 2.967054769396781921e-02
4.490653797984123230e-02 2.955734170973300934e-02
4.598929733037948608e-02 3.148151934146881104e-02
4.728415608406066895e-02 2.564558573067188263e-02
4.655277729034423828e-02 2.370695956051349640e-02
4.314776137471199036e-02 1.559951528906822205e-02
4.361069202423095703e-02 2.948320098221302032e-02
4.127078130841255188e-02 1.520641986280679703e-02
4.175377637147903442e-02 1.562794856727123260e-02
3.835868090391159058e-02 1.897583715617656708e-02
3.777009248733520508e-02 1.844054646790027618e-02
4.290750622749328613e-02 2.062593400478363037e-02
4.057125374674797058e-02 1.201267167925834656e-02
4.440057277679443359e-02 2.726238034665584564e-02
4.218698665499687195e-02 2.842717617750167847e-02
4.668542742729187012e-02 3.315281122922897339e-02
3.821557760238647461e-02 2.685609832406044006e-02
4.620856791734695435e-02 3.774964064359664917e-02
3.990215808153152466e-02 2.833496220409870148e-02
3.733400255441665649e-02 2.593128010630607605e-02
3.545496240258216858e-02 2.252057753503322601e-02
3.624453023076057434e-02 2.323467470705509186e-02
3.540077432990074158e-02 1.926506310701370239e-02
4.103567078709602356e-02 2.952483296394348145e-02
4.135210067033767700e-02 2.785443700850009918e-02
3.372960537672042847e-02 2.104179002344608307e-02
3.672261163592338562e-02 3.235679119825363159e-02
3.941152989864349365e-02 3.822601586580276489e-02
3.628865256905555725e-02 2.614242583513259888e-02
3.169377148151397705e-02 2.082725241780281067e-02
3.509231656789779663e-02 3.679328411817550659e-02
3.606301546096801758e-02 3.189854323863983154e-02
4.018102958798408508e-02 3.680405020713806152e-02
3.634178638458251953e-02 3.287804871797561646e-02
3.631571680307388306e-02 2.962888777256011963e-02
3.915045410394668579e-02 2.994360029697418213e-02
3.544134646654129028e-02 3.443597257137298584e-02
3.583584353327751160e-02 2.880208007991313934e-02
3.602885454893112183e-02 3.357005119323730469e-02
3.624195605516433716e-02 2.914851345121860504e-02
3.722135350108146667e-02 3.237926959991455078e-02
4.220720753073692322e-02 3.553172200918197632e-02
4.109732061624526978e-02 4.330149665474891663e-02
3.601217269897460938e-02 3.298347815871238708e-02
3.856562077999114990e-02 3.578481078147888184e-02
4.052231460809707642e-02 4.559550434350967407e-02
4.344764724373817444e-02 4.574486613273620605e-02
3.839840367436408997e-02 3.992671519517898560e-02
3.861493617296218872e-02 3.922826051712036133e-02
3.845776244997978210e-02 4.318538308143615723e-02
3.769129142165184021e-02 3.027489222586154938e-02
3.872093185782432556e-02 3.171110898256301880e-02
3.792605549097061157e-02 2.867971174418926239e-02
3.910663723945617676e-02 3.046604618430137634e-02
3.840268403291702271e-02 3.180690109729766846e-02
3.489077463746070862e-02 2.150868810713291168e-02
3.617111593484878540e-02 2.928333729505538940e-02
3.489781171083450317e-02 2.909012511372566223e-02
3.976346924901008606e-02 3.784719109535217285e-02
3.879822790622711182e-02 4.017175734043121338e-02
3.940809890627861023e-02 3.332540020346641541e-02
3.796782344579696655e-02 3.191138058900833130e-02
3.763077408075332642e-02 2.645829506218433380e-02
3.814220055937767029e-02 3.698498010635375977e-02
3.794461116194725037e-02 3.284153342247009277e-02
4.134720563888549805e-02 2.942258492112159729e-02
4.494179040193557739e-02 3.074328415095806122e-02
4.166822507977485657e-02 3.297359868884086609e-02
4.102661460638046265e-02 2.734773047268390656e-02
4.094009846448898315e-02 2.471050061285495758e-02
3.996334597468376160e-02 3.467972204089164734e-02
3.784558176994323730e-02 2.993297576904296875e-02
3.430435806512832642e-02 2.173654548823833466e-02
3.773441538214683533e-02 2.047800272703170776e-02
4.137108102440834045e-02 1.635454781353473663e-02
3.993442654609680176e-02 2.691082097589969635e-02
3.916440904140472412e-02 3.513506799936294556e-02
3.999271988868713379e-02 3.106277994811534882e-02
3.895127400755882263e-02 2.788691408932209015e-02
3.525625169277191162e-02 3.118641488254070282e-02
3.904572874307632446e-02 3.317110985517501831e-02
3.777592629194259644e-02 3.361336886882781982e-02
3.913769870996475220e-02 3.277918323874473572e-02
3.566139563918113708e-02 3.370179980993270874e-02
3.400130197405815125e-02 3.780875355005264282e-02
3.423916175961494446e-02 2.983977831900119781e-02
3.364927321672439575e-02 2.755275741219520569e-02
3.636352345347404480e-02 4.386613145470619202e-02
3.423935547471046448e-02 3.843466192483901978e-02
3.607793524861335754e-02 3.581747412681579590e-02
3.655254840850830078e-02 3.876125812530517578e-02
4.236695170402526855e-02 4.503401368856430054e-02
4.204262793064117432e-02 5.058731511235237122e-02
4.059749841690063477e-02 3.680583462119102478e-02
3.560123965144157410e-02 3.733113035559654236e-02
3.766994178295135498e-02 4.464378580451011658e-02
4.301065206527709961e-02 4.842353239655494690e-02
3.993272781372070312e-02 4.695569723844528198e-02
3.761353343725204468e-02 5.791565775871276855e-02
3.887725621461868286e-02 6.828633695840835571e-02
3.515918180346488953e-02 5.777130275964736938e-02
4.255943745374679565e-02 5.912063270807266235e-02
3.908314928412437439e-02 6.231137365102767944e-02
4.154744744300842285e-02 6.786689162254333496e-02
3.652684390544891357e-02 5.471410602331161499e-02
3.620230779051780701e-02 4.615148156881332397e-02
3.767225518822669983e-02 5.749740451574325562e-02
3.518199175596237183e-02 4.708329588174819946e-02
3.391390293836593628e-02 4.846018925309181213e-02
3.314782306551933289e-02 4.764326289296150208e-02
4.175055772066116333e-02 4.651397466659545898e-02
3.900935128331184387e-02 4.547982662916183472e-02
4.004833102226257324e-02 4.812618345022201538e-02
3.813826292753219604e-02 5.146523565053939819e-02
3.963223472237586975e-02 4.289920628070831299e-02
3.517404943704605103e-02 3.759878873825073242e-02
4.068817198276519775e-02 4.132406413555145264e-02
3.347336500883102417e-02 4.286350309848785400e-02
3.240726515650749207e-02 3.295648097991943359e-02
3.932943940162658691e-02 3.985356539487838745e-02
3.664185479283332825e-02 4.067209362983703613e-02
3.686763346195220947e-02 3.855799883604049683e-02
4.978099837899208069e-02 6.504118442535400391e-02
4.475840181112289429e-02 5.401036143302917480e-02
4.216548055410385132e-02 3.874939680099487305e-02
4.337072372436523438e-02 4.083240404725074768e-02
3.772835806012153625e-02 5.346893519163131714e-02
3.367625921964645386e-02 3.393454104661941528e-02
4.056233540177345276e-02 2.436735853552818298e-02
4.228967800736427307e-02 6.830722838640213013e-02
4.196833074092864990e-02 1.579197496175765991e-02
3.270626068115234375e-02 3.194115683436393738e-02
4.071302711963653564e-02 4.386402666568756104e-02
4.173430800437927246e-02 4.698565602302551270e-02
3.729681670665740967e-02 4.056138172745704651e-02
4.052505642175674438e-02 3.686867654323577881e-02
4.605509340763092041e-02 3.499004989862442017e-02
4.490248858928680420e-02 5.012622848153114319e-02
4.680690914392471313e-02 4.389398917555809021e-02
4.178757220506668091e-02 4.241618514060974121e-02
4.129745438694953918e-02 3.520517051219940186e-02
3.981931507587432861e-02 4.239331185817718506e-02
4.187992960214614868e-02 3.366027399897575378e-02
4.389225319027900696e-02 3.778998553752899170e-02
4.615454375743865967e-02 4.129650443792343140e-02
4.720702767372131348e-02 4.151710867881774902e-02
4.063693434000015259e-02 3.724509477615356445e-02
4.716378450393676758e-02 4.555854946374893188e-02
4.345789551734924316e-02 3.550946339964866638e-02
3.914214670658111572e-02 3.114742971956729889e-02
4.221746698021888733e-02 3.604353219270706177e-02
4.460701718926429749e-02 3.756176680326461792e-02
3.908013552427291870e-02 3.389246016740798950e-02
4.794977605342864990e-02 4.087477922439575195e-02
4.260537773370742798e-02 3.293937444686889648e-02
4.316626116633415222e-02 3.510842472314834595e-02
4.655157774686813354e-02 3.235873579978942871e-02
4.673531278967857361e-02 2.577175386250019073e-02
3.738319873809814453e-02 2.349894493818283081e-02
4.819990694522857666e-02 4.219190031290054321e-02
4.431357607245445251e-02 3.762890398502349854e-02
5.137862265110015869e-02 5.735163390636444092e-02
4.849492758512496948e-02 3.793472424149513245e-02
4.901617392897605896e-02 3.943624347448348999e-02
4.074345529079437256e-02 2.411417476832866669e-02
3.159857913851737976e-02 1.822975277900695801e-02
2.546109259128570557e-02 8.138391189277172089e-03
3.012593090534210205e-02 1.307992078363895416e-02
2.389774098992347717e-02 1.660440862178802490e-02
3.920247405767440796e-02 4.551586508750915527e-02
4.068292304873466492e-02 4.919822514057159424e-02
3.764119744300842285e-02 4.900648444890975952e-02
4.659027606248855591e-02 6.131386756896972656e-02
3.693643957376480103e-02 4.188949614763259888e-02
3.741279244422912598e-02 5.107134580612182617e-02
4.062739387154579163e-02 4.134315624833106995e-02
3.396124020218849182e-02 3.721165284514427185e-02
3.497140854597091675e-02 3.783952444791793823e-02
2.733101695775985718e-02 2.880163490772247314e-02
2.593406289815902710e-02 1.256650406867265701e-02
2.534965425729751587e-02 1.014705747365951538e-02
2.407377213239669800e-02 2.331824973225593567e-02
2.624715492129325867e-02 2.523056417703628540e-02
2.984388917684555054e-02 2.414714917540550232e-02
2.881393209099769592e-02 3.024561144411563873e-02
4.042104631662368774e-02 4.451614990830421448e-02
4.686501622200012207e-02 4.994975030422210693e-02
4.515516757965087891e-02 4.841927066445350647e-02
4.690283909440040588e-02 4.565419256687164307e-02
4.648467153310775757e-02 4.727197811007499695e-02
3.677945584058761597e-02 4.553473740816116333e-02
4.101337864995002747e-02 5.040206015110015869e-02
3.998075798153877258e-02 3.559769317507743835e-02
3.787368908524513245e-02 3.190662339329719543e-02
4.331400617957115173e-02 4.153867810964584351e-02
4.129158705472946167e-02 4.192512109875679016e-02
4.097184166312217712e-02 4.011340439319610596e-02
4.045215249061584473e-02 4.223322868347167969e-02
3.902255743741989136e-02 4.179435595870018005e-02
3.252683579921722412e-02 3.464889526367187500e-02
3.417636454105377197e-02 3.281799703836441040e-02
3.570704534649848938e-02 3.434184193611145020e-02
3.915089368820190430e-02 4.013767838478088379e-02
4.291550070047378540e-02 4.216767847537994385e-02
4.049329087138175964e-02 3.779701143503189087e-02
4.352944344282150269e-02 3.861624002456665039e-02
4.133536294102668762e-02 3.602215275168418884e-02
3.789576143026351929e-02 3.735355660319328308e-02
3.806939721107482910e-02 2.090015262365341187e-02
4.269637912511825562e-02 2.181800827383995056e-02
4.150412231683731079e-02 2.365025691688060760e-02
4.327296465635299683e-02 3.094387799501419067e-02
3.097761422395706177e-02 1.859308406710624695e-02
3.223915025591850281e-02 2.133198454976081848e-02
3.236754238605499268e-02 2.547428011894226074e-02
2.920934185385704041e-02 7.986113429069519043e-03
3.693960234522819519e-02 4.564497619867324829e-03
3.265678882598876953e-02 3.695655614137649536e-03
3.619590401649475098e-02 7.909423671662807465e-03
3.749712556600570679e-02 2.564750611782073975e-03
3.779465705156326294e-02 -4.795361310243606567e-04
5.040507391095161438e-02 1.306391693651676178e-02
4.622823372483253479e-02 1.576476544141769409e-02
4.168355092406272888e-02 1.922276057302951813e-02
4.025081545114517212e-02 2.580697275698184967e-02
3.991542011499404907e-02 2.692452818155288696e-02
4.370360076427459717e-02 2.599609270691871643e-02
2.973945252597332001e-02 1.971961930394172668e-03
2.572034671902656555e-02 -2.021089382469654083e-02
3.235574811697006226e-02 -5.862860009074211121e-03
3.052717819809913635e-02 -1.090473681688308716e-02
2.593802660703659058e-02 -1.866096444427967072e-02
3.448669984936714172e-02 1.189591828733682632e-02
4.496601596474647522e-02 4.010711982846260071e-02
3.022850118577480316e-02 2.587320096790790558e-02
2.829451858997344971e-02 4.248186945915222168e-02
2.073502168059349060e-02 -3.892518579959869385e-03
1.568920165300369263e-02 -1.651066355407238007e-02
3.188602626323699951e-02 9.886112064123153687e-03
3.345516696572303772e-02 2.859041653573513031e-02
3.637056425213813782e-02 1.004996076226234436e-01
3.007025644183158875e-02 7.613666355609893799e-02
2.696971222758293152e-02 2.788591571152210236e-02
3.657015413045883179e-02 -5.770673975348472595e-03
3.763166815042495728e-02 2.789606526494026184e-02
4.863309487700462341e-02 1.008800417184829712e-01
3.950247541069984436e-02 1.011492535471916199e-01
5.804379284381866455e-02 5.007589980959892273e-02
5.925219878554344177e-02 5.289444327354431152e-02
8.642092347145080566e-03 2.090459503233432770e-02
-7.657401263713836670e-03 4.850769042968750000e-02
7.516269385814666748e-02 5.209822952747344971e-02
3.617611899971961975e-02 -2.594282291829586029e-02
5.661296471953392029e-02 5.232171714305877686e-02
3.238829970359802246e-02 -6.571492180228233337e-03
5.429853871464729309e-02 3.241748362779617310e-02
3.100957348942756653e-02 1.059520617127418518e-02
3.476453199982643127e-02 1.638863421976566315e-02
2.674322575330734253e-02 2.355301380157470703e-02
2.081812173128128052e-02 1.640197820961475372e-02
3.091862052679061890e-02 1.134004257619380951e-02
3.770052641630172729e-02 2.369649708271026611e-03
4.105803743004798889e-02 1.578689925372600555e-02
3.978362306952476501e-02 -2.489680424332618713e-03
5.247094109654426575e-02 3.637131303548812866e-02
5.625697597861289978e-02 -5.068471655249595642e-03
4.060640186071395874e-02 1.101687457412481308e-02
2.871645241975784302e-02 -1.502867788076400757e-03
3.784391283988952637e-02 2.635392919182777405e-02
2.701359987258911133e-02 6.102643907070159912e-03
3.462059050798416138e-02 3.030388988554477692e-02
3.691480308771133423e-02 2.979165688157081604e-02
3.572880104184150696e-02 1.935569569468498230e-02
3.448915854096412659e-02 1.665949076414108276e-02
3.529870510101318359e-02 3.097430057823657990e-02
3.221555799245834351e-02 2.539393678307533264e-02
2.821080759167671204e-02 2.760099433362483978e-02
2.883872762322425842e-02 2.890109457075595856e-02
3.349953144788742065e-02 3.197151422500610352e-02
1.943076401948928833e-02 2.191696129739284515e-02
3.306425735354423523e-02 2.779939398169517517e-02
3.168540447950363159e-02 2.511017769575119019e-02
3.700603917241096497e-02 2.240867540240287781e-02
3.537630662322044373e-02 3.754962235689163208e-02
4.203506559133529663e-02 3.269221261143684387e-02
4.639346897602081299e-02 4.827104508876800537e-02
3.877315297722816467e-02 3.739433735609054565e-02
3.924586623907089233e-02 3.542037308216094971e-02
2.841944992542266846e-02 3.135135024785995483e-02
3.280257433652877808e-02 3.617201000452041626e-02
3.141842037439346313e-02 3.757387399673461914e-02
3.572510555386543274e-02 4.621041566133499146e-02
3.064190223813056946e-02 4.240421950817108154e-02
3.058125823736190796e-02 3.763200342655181885e-02
3.092851489782333374e-02 3.763148933649063110e-02
2.778603509068489075e-02 3.073590807616710663e-02
2.626394480466842651e-02 2.984184585511684418e-02
2.273316308856010437e-02 2.529084309935569763e-02
2.457730099558830261e-02 2.925012260675430298e-02
2.229689806699752808e-02 3.189080953598022461e-02
3.005950525403022766e-02 3.943796828389167786e-02
2.888551354408264160e-02 3.647033125162124634e-02
2.686249837279319763e-02 3.298483788967132568e-02
2.720860391855239868e-02 3.129893168807029724e-02
2.796420082449913025e-02 3.428948298096656799e-02
2.896052226424217224e-02 4.152389615774154663e-02
2.419633418321609497e-02 2.797589637339115143e-02
2.595162764191627502e-02 3.019275143742561340e-02
2.583688125014305115e-02 2.967664413154125214e-02
2.360953390598297119e-02 2.051097713410854340e-02
2.679134532809257507e-02 1.960101164877414703e-02
2.719490602612495422e-02 2.109873667359352112e-02
2.923391386866569519e-02 3.225556761026382446e-02
3.070466220378875732e-02 3.632439672946929932e-02
3.220429271459579468e-02 4.003038257360458374e-02
3.167513757944107056e-02 4.448895901441574097e-02
2.860983833670616150e-02 3.614460676908493042e-02
2.625145763158798218e-02 3.036289848387241364e-02
2.773708477616310120e-02 3.413261473178863525e-02
2.682984247803688049e-02 3.553077578544616699e-02
2.745286375284194946e-02 3.073037788271903992e-02
2.682565525174140930e-02 3.326556831598281860e-02
2.875549718737602234e-02 3.578122705221176147e-02
2.682901173830032349e-02 3.937254101037979126e-02
2.916632033884525299e-02 3.679849579930305481e-02
2.887641638517379761e-02 3.670596703886985779e-02
2.512387186288833618e-02 2.752375975251197815e-02
2.440522238612174988e-02 2.215563505887985229e-02
2.969368547201156616e-02 2.421504259109497070e-02
2.727954089641571045e-02 2.463416941463947296e-02
2.972937002778053284e-02 3.256530314683914185e-02
2.776822075247764587e-02 2.998797036707401276e-02
3.334341198205947876e-02 2.838980592787265778e-02
3.180565685033798218e-02 2.512219175696372986e-02
3.327331691980361938e-02 2.786561846733093262e-02
3.342665731906890869e-02 3.174417093396186829e-02
3.687209635972976685e-02 3.199306130409240723e-02
3.841474279761314392e-02 3.445091098546981812e-02
3.839383274316787720e-02 2.781398408114910126e-02
3.703558817505836487e-02 2.827115356922149658e-02
3.667443245649337769e-02 2.456603385508060455e-02
3.391182050108909607e-02 2.839404530823230743e-02
3.570950031280517578e-02 2.342680096626281738e-02
3.843801468610763550e-02 3.304745256900787354e-02
4.031254351139068604e-02 3.780175745487213135e-02
4.067140445113182068e-02 3.462210297584533691e-02
3.563719987869262695e-02 2.413712441921234131e-02
3.759041428565979004e-02 3.416947647929191589e-02
3.635918349027633667e-02 2.832615002989768982e-02
3.495869785547256470e-02 1.652574911713600159e-02
3.558869659900665283e-02 3.304410725831985474e-02
2.948424965143203735e-02 2.306318841874599457e-02
3.016063198447227478e-02 1.788864657282829285e-02
3.261153399944305420e-02 2.442532032728195190e-02
3.247077018022537231e-02 2.913412638008594513e-02
3.243954479694366455e-02 2.649665065109729767e-02
3.367130458354949951e-02 2.801347896456718445e-02
3.752233460545539856e-02 3.151764720678329468e-02
3.124583140015602112e-02 3.246631100773811340e-02
3.122714161872863770e-02 3.384570404887199402e-02
3.027649596333503723e-02 3.294797241687774658e-02
2.586358785629272461e-02 3.596778213977813721e-02
2.707112580537796021e-02 3.772447258234024048e-02
2.801909670233726501e-02 3.371735289692878723e-02
2.748642116785049438e-02 3.441276401281356812e-02
2.883884683251380920e-02 3.673040866851806641e-02
2.955064550042152405e-02 3.723463416099548340e-02
2.692786231637001038e-02 3.960123658180236816e-02
2.709680050611495972e-02 3.304332494735717773e-02
2.782903239130973816e-02 2.624426409602165222e-02
3.506745398044586182e-02 3.305716067552566528e-02
3.120084851980209351e-02 3.486659377813339233e-02
3.470417112112045288e-02 3.552133589982986450e-02
3.061050176620483398e-02 3.499062731862068176e-02
2.944022975862026215e-02 3.221172839403152466e-02
3.371547162532806396e-02 3.939536213874816895e-02
3.467978537082672119e-02 4.085876420140266418e-02
3.829917311668395996e-02 3.746143728494644165e-02
3.459709882736206055e-02 3.321638703346252441e-02
3.559877350926399231e-02 3.724272549152374268e-02
2.945654466748237610e-02 3.321409970521926880e-02
3.068378567695617676e-02 2.021550573408603668e-02
3.561593592166900635e-02 2.291661314666271210e-02
3.518616035580635071e-02 2.637644857168197632e-02
3.646997362375259399e-02 2.149703539907932281e-02
3.453011438250541687e-02 2.009994909167289734e-02
3.836450725793838501e-02 2.220878191292285919e-02
3.625610098242759705e-02 1.638322882354259491e-02
3.898205608129501343e-02 2.778893709182739258e-02
3.867490589618682861e-02 1.879917643964290619e-02
3.844105452299118042e-02 2.268319018185138702e-02
3.907098248600959778e-02 2.864686772227287292e-02
4.162809625267982483e-02 3.781373798847198486e-02
3.991894423961639404e-02 3.761682659387588501e-02
3.728646412491798401e-02 2.693844772875308990e-02
3.972147777676582336e-02 2.561831101775169373e-02
3.656668588519096375e-02 9.984157048165798187e-03
3.485752642154693604e-02 1.850121654570102692e-02
4.222143441438674927e-02 1.681821979582309723e-02
3.956954553723335266e-02 1.589044556021690369e-02
3.863150998950004578e-02 1.508400961756706238e-02
3.651849925518035889e-02 2.331919968128204346e-02
4.074315726757049561e-02 2.342644706368446350e-02
3.951190039515495300e-02 1.186072826385498047e-02
3.794428333640098572e-02 1.502704806625843048e-02
3.479271382093429565e-02 1.512176357209682465e-02
3.737943619489669800e-02 9.251737967133522034e-03
3.983230143785476685e-02 1.502694562077522278e-02
4.024041816592216492e-02 2.210982516407966614e-02
3.242365643382072449e-02 9.481647983193397522e-03
3.487353771924972534e-02 9.358142502605915070e-03
3.798793256282806396e-02 6.222140043973922729e-03
3.365343436598777771e-02 1.093637011945247650e-02
3.009379282593727112e-02 1.636874675750732422e-02
3.143907338380813599e-02 1.572982594370841980e-02
3.480832651257514954e-02 2.525411918759346008e-02
3.535431623458862305e-02 2.103523164987564087e-02
3.570774197578430176e-02 2.318635582923889160e-02
3.547622635960578918e-02 3.100203722715377808e-02
4.439778625965118408e-02 3.861294686794281006e-02
4.356106370687484741e-02 4.289552569389343262e-02
3.053918480873107910e-02 2.652276866137981415e-02
2.669296413660049438e-02 1.449587102979421616e-02
2.486072108149528503e-02 7.881605066359043121e-03
3.219518810510635376e-02 2.199858985841274261e-02
2.700351178646087646e-02 -3.267014399170875549e-03
3.324091807007789612e-02 -5.464581772685050964e-03
3.960225731134414673e-02 3.336820751428604126e-02
3.149169683456420898e-02 -1.100340299308300018e-02
2.888279408216476440e-02 3.194116055965423584e-03
3.510180115699768066e-02 1.357951853424310684e-02
3.808840364217758179e-02 2.946857735514640808e-02
3.512259572744369507e-02 2.369226887822151184e-02
3.913892060518264771e-02 2.511378936469554901e-02
3.329824656248092651e-02 1.870220154523849487e-02
3.435207530856132507e-02 3.565735369920730591e-02
2.576779946684837341e-02 2.726127766072750092e-02
3.119225986301898956e-02 2.965964190661907196e-02
3.180768340826034546e-02 2.946520596742630005e-02
3.454539924860000610e-02 3.078566119074821472e-02
3.344031050801277161e-02 2.889827825129032135e-02
2.155634388327598572e-02 1.228606328368186951e-02
2.521434053778648376e-02 8.938672952353954315e-03
2.564509212970733643e-02 1.755356788635253906e-02
2.961154654622077942e-02 1.662237197160720825e-02
2.789639309048652649e-02 1.714772917330265045e-02
3.009869158267974854e-02 2.379431761801242828e-02
2.742275968194007874e-02 1.938383094966411591e-02
2.498538047075271606e-02 1.736706309020519257e-02
2.074466645717620850e-02 1.154098100960254669e-02
2.276901900768280029e-02 9.331201203167438507e-03
2.121130004525184631e-02 4.234235733747482300e-03
2.939079329371452332e-02 1.389512605965137482e-02
3.405481576919555664e-02 1.035863347351551056e-02
3.603912889957427979e-02 2.821457572281360626e-02
3.581710159778594971e-02 2.506206184625625610e-02
3.188467770814895630e-02 2.261609956622123718e-02
2.765566483139991760e-02 2.312820963561534882e-02
3.188349306583404541e-02 1.939147897064685822e-02
3.194727376103401184e-02 1.784338802099227905e-02
2.959798276424407959e-02 1.396621484309434891e-02
2.888761460781097412e-02 1.701268926262855530e-02
3.181717172265052795e-02 1.029049232602119446e-02
3.102992661297321320e-02 1.565312035381793976e-02
3.428003191947937012e-02 2.597332000732421875e-02
3.413438051939010620e-02 1.472227927297353745e-02
3.834655135869979858e-02 2.087580971419811249e-02
3.930189460515975952e-02 3.048134222626686096e-02
3.656298667192459106e-02 2.769223041832447052e-02
3.567342832684516907e-02 1.851926743984222412e-02
3.726637363433837891e-02 3.033542260527610779e-02
3.327709436416625977e-02 1.682983711361885071e-02
3.124729543924331665e-02 1.370584499090909958e-02
3.138490766286849976e-02 1.485704444348812103e-02
3.327712416648864746e-02 1.551180984824895859e-02
3.318464756011962891e-02 2.221079915761947632e-02
3.766623511910438538e-02 1.615820452570915222e-02
3.767419978976249695e-02 2.602601610124111176e-02
4.338533431291580200e-02 3.370177373290061951e-02
4.083503410220146179e-02 3.111679106950759888e-02
3.758801147341728210e-02 1.885734125971794128e-02
3.821556642651557922e-02 1.826551184058189392e-02
3.562444448471069336e-02 1.400990039110183716e-02
3.978016600012779236e-02 2.381358481943607330e-02
3.715303912758827209e-02 1.832900755107402802e-02
3.413005918264389038e-02 1.747532933950424194e-02
3.373600915074348450e-02 1.329121924936771393e-02
3.625058382749557495e-02 2.369338274002075195e-02
3.349407389760017395e-02 2.258193679153919220e-02
3.574995696544647217e-02 1.519803516566753387e-02
3.574185445904731750e-02 7.303312420845031738e-03
3.609237819910049438e-02 8.457450196146965027e-03
3.509575873613357544e-02 1.278877817094326019e-02
3.364955633878707886e-02 1.314033940434455872e-02
2.996364235877990723e-02 6.826574914157390594e-03
3.496990725398063660e-02 1.444338541477918625e-02
3.605271503329277039e-02 1.921045593917369843e-02
3.471347317099571228e-02 1.640816032886505127e-02
3.689932078123092651e-02 1.900613307952880859e-02
3.544456139206886292e-02 1.928828656673431396e-02
3.731229901313781738e-02 2.035200223326683044e-02
3.498136997222900391e-02 2.311839722096920013e-02
3.965653106570243835e-02 2.045774459838867188e-02
4.099656268954277039e-02 2.546632662415504456e-02
3.847048804163932800e-02 2.121130377054214478e-02
3.683058917522430420e-02 2.465028502047061920e-02
4.099582508206367493e-02 1.823929697275161743e-02
3.764159977436065674e-02 1.966793276369571686e-02
4.005552828311920166e-02 1.894233934581279755e-02
3.905542939901351929e-02 1.472483202815055847e-02
3.946419432759284973e-02 1.893061771988868713e-02
4.263225570321083069e-02 2.679271996021270752e-02
4.421942308545112610e-02 2.033917792141437531e-02
4.513000696897506714e-02 2.033468335866928101e-02
4.270871728658676147e-02 2.286900207400321960e-02
4.157474264502525330e-02 1.227185316383838654e-02
4.365573078393936157e-02 2.040090039372444153e-02
4.399222880601882935e-02 1.716328412294387817e-02
4.078333452343940735e-02 2.180149406194686890e-02
4.329540580511093140e-02 2.080394886434078217e-02
4.101148247718811035e-02 2.572583593428134918e-02
4.077428206801414490e-02 2.539157867431640625e-02
4.467520117759704590e-02 3.499007225036621094e-02
4.179493710398674011e-02 2.847212180495262146e-02
4.030426591634750366e-02 2.920738235116004944e-02
4.518462345004081726e-02 2.876730076968669891e-02
4.057826101779937744e-02 2.357229776680469513e-02
4.257929325103759766e-02 2.808858081698417664e-02
4.363777488470077515e-02 3.141494840383529663e-02
3.752131760120391846e-02 2.239120379090309143e-02
4.191561043262481689e-02 2.255922742187976837e-02
4.293560609221458435e-02 2.649535238742828369e-02
4.391130805015563965e-02 2.440804429352283478e-02
4.149624332785606384e-02 2.717031724750995636e-02
4.617181792855262756e-02 2.646626159548759460e-02
4.184844344854354858e-02 2.483046427369117737e-02
4.211822524666786194e-02 3.015770763158798218e-02
4.102854058146476746e-02 2.245953120291233063e-02
3.823545575141906738e-02 2.661138400435447693e-02
4.255814477801322937e-02 2.392418496310710907e-02
4.392861574888229370e-02 2.562905102968215942e-02
3.718609362840652466e-02 1.390948146581649780e-02
3.717938438057899475e-02 1.860166713595390320e-02
3.827310353517532349e-02 2.768734470009803772e-02
3.648328781127929688e-02 2.326250635087490082e-02
3.811173886060714722e-02 2.698606625199317932e-02
3.930623456835746765e-02 2.342374064028263092e-02
3.918712586164474487e-02 3.061845526099205017e-02
3.891222923994064331e-02 2.890838123857975006e-02
4.084480926394462585e-02 2.897820435464382172e-02
3.436738997697830200e-02 2.839421480894088745e-02
3.732691332697868347e-02 2.883879467844963074e-02
3.757379204034805298e-02 1.953492872416973114e-02
3.670670092105865479e-02 1.553829107433557510e-02
3.522552177309989929e-02 2.290941029787063599e-02
4.098146781325340271e-02 2.373369224369525909e-02
3.750403225421905518e-02 2.784641273319721222e-02
4.676856845617294312e-02 3.484633564949035645e-02
4.695627838373184204e-02 4.892775416374206543e-02
3.841859847307205200e-02 2.970046736299991608e-02
3.772696852684020996e-02 2.844718098640441895e-02
4.205402731895446777e-02 3.424171358346939087e-02
3.675956279039382935e-02 2.974775247275829315e-02
3.642544150352478027e-02 2.465877123177051544e-02
3.838050365447998047e-02 2.257260307669639587e-02
3.874168545007705688e-02 2.276239171624183655e-02
4.260399937629699707e-02 2.924235351383686066e-02
4.136487841606140137e-02 3.337647020816802979e-02
4.675533995032310486e-02 3.292096778750419617e-02
4.409364983439445496e-02 3.456131368875503540e-02
4.422217607498168945e-02 2.875229343771934509e-02
4.512199759483337402e-02 3.207456693053245544e-02
4.151065275073051453e-02 2.483168430626392365e-02
3.959544003009796143e-02 1.437058206647634506e-02
4.279348999261856079e-02 2.237383089959621429e-02
4.032411053776741028e-02 2.134026959538459778e-02
4.040553048253059387e-02 1.236402615904808044e-02
4.161361604928970337e-02 1.412868592888116837e-02
4.089590162038803101e-02 1.974671147763729095e-02
4.346608370542526245e-02 1.462085824459791183e-02
4.086292162537574768e-02 1.485089026391506195e-02
4.339728876948356628e-02 1.656740345060825348e-02
4.475802183151245117e-02 1.672633551061153412e-02
4.476610198616981506e-02 1.414329558610916138e-02
4.944685101509094238e-02 2.397630922496318817e-02
4.178592190146446228e-02 1.890251040458679199e-02
4.836789146065711975e-02 2.594134770333766937e-02
4.935534298419952393e-02 2.801963314414024353e-02
4.779975488781929016e-02 2.951518073678016663e-02
4.696669429540634155e-02 2.828565984964370728e-02
4.805614054203033447e-02 2.948376350104808807e-02
4.430460184812545776e-02 2.033366076648235321e-02
4.413004964590072632e-02 2.393419109284877777e-02
4.746723920106887817e-02 3.403628617525100708e-02
4.482365399599075317e-02 2.794108539819717407e-02
4.311168193817138672e-02 2.424169518053531647e-02
4.127036780118942261e-02 2.277179062366485596e-02
4.193567857146263123e-02 2.386085875332355499e-02
4.559808596968650818e-02 2.286643534898757935e-02
4.277357831597328186e-02 2.196468785405158997e-02
4.440589994192123413e-02 1.953417249023914337e-02
4.414250701665878296e-02 2.411905303597450256e-02
4.555699229240417480e-02 1.834842190146446228e-02
4.578270018100738525e-02 1.841163262724876404e-02
4.596040770411491394e-02 2.279872447252273560e-02
4.508126899600028992e-02 2.381309866905212402e-02
4.585721716284751892e-02 2.127560786902904510e-02
4.648569226264953613e-02 2.458115853369235992e-02
4.486973211169242859e-02 2.480466477572917938e-02
4.214860126376152039e-02 2.660671062767505646e-02
3.752722591161727905e-02 2.112099155783653259e-02
3.486714884638786316e-02 2.407521940767765045e-02
3.940958529710769653e-02 1.829610392451286316e-02
4.630432650446891785e-02 2.803747914731502533e-02
4.615174233913421631e-02 2.812979370355606079e-02
4.962913691997528076e-02 2.838630601763725281e-02
4.820434749126434326e-02 3.713572770357131958e-02
4.621139541268348694e-02 2.128879725933074951e-02
3.911958634853363037e-02 2.734840475022792816e-02
4.008562117815017700e-02 3.361742943525314331e-02
4.193330556154251099e-02 2.465279586613178253e-02
4.455707967281341553e-02 2.628317289054393768e-02
4.137704521417617798e-02 2.788844332098960876e-02
3.870764374732971191e-02 2.132578194141387939e-02
3.438263386487960815e-02 9.623862802982330322e-03
3.509989380836486816e-02 1.828876137733459473e-02
3.624145314097404480e-02 2.647117525339126587e-02
3.762569278478622437e-02 1.867269538342952728e-02
3.754557669162750244e-02 1.162934675812721252e-02
2.719374746084213257e-02 9.502326138317584991e-03
2.761610597372055054e-02 1.928629726171493530e-02
2.773928269743919373e-02 1.384272798895835876e-02
3.209630027413368225e-02 2.915086597204208374e-02
2.998198010027408600e-02 1.862144097685813904e-02
2.823930978775024414e-02 1.098117232322692871e-02
2.843921259045600891e-02 3.383984789252281189e-03
3.049643710255622864e-02 1.189896278083324432e-02
3.946991264820098877e-02 2.989933267235755920e-02
4.081029444932937622e-02 4.302106052637100220e-02
3.854177147150039673e-02 4.278818517923355103e-02
3.933484107255935669e-02 3.789618238806724548e-02
3.124741837382316589e-02 2.832712046802043915e-02
3.121278807520866394e-02 2.243430726230144501e-02
3.701495379209518433e-02 3.434084355831146240e-02
3.877777233719825745e-02 3.916300088167190552e-02
3.430986776947975159e-02 2.402106672525405884e-02
3.742321953177452087e-02 2.715068124234676361e-02
3.797438740730285645e-02 3.856892883777618408e-02
3.692837059497833252e-02 3.175875544548034668e-02
3.807736933231353760e-02 4.164256900548934937e-02
3.927770256996154785e-02 3.783382847905158997e-02
3.757179528474807739e-02 3.893710672855377197e-02
3.490465134382247925e-02 2.252515777945518494e-02
3.249320760369300842e-02 2.229493856430053711e-02
3.017372265458106995e-02 2.430278249084949493e-02
2.824376523494720459e-02 3.016829304397106171e-02
3.252444416284561157e-02 3.205809369683265686e-02
3.279901295900344849e-02 2.778367884457111359e-02
3.144159913063049316e-02 2.341133169829845428e-02
3.368199989199638367e-02 3.291484713554382324e-02
3.839269280433654785e-02 3.741692006587982178e-02
3.365556150674819946e-02 4.202762618660926819e-02
3.497935831546783447e-02 3.950282186269760132e-02
4.157134145498275757e-02 4.041253402829170227e-02
3.982312977313995361e-02 3.730634599924087524e-02
4.335764423012733459e-02 3.783087432384490967e-02
4.017618671059608459e-02 3.508902341127395630e-02
4.057204723358154297e-02 3.642043098807334900e-02
4.035977274179458618e-02 3.926163911819458008e-02
3.977353498339653015e-02 4.325135052204132080e-02
4.187583923339843750e-02 4.367800056934356689e-02
4.090438410639762878e-02 4.050353541970252991e-02
3.460545092821121216e-02 3.320649266242980957e-02
3.552946448326110840e-02 3.672514855861663818e-02
4.019954800605773926e-02 4.590823501348495483e-02
4.015479609370231628e-02 4.511164128780364990e-02
3.776645660400390625e-02 4.339066892862319946e-02
3.820864483714103699e-02 4.213514924049377441e-02
4.093337431550025940e-02 3.361117467284202576e-02
3.930861875414848328e-02 2.757078222930431366e-02
4.467452317476272583e-02 3.023774176836013794e-02
4.061090201139450073e-02 2.838120050728321075e-02
4.215699806809425354e-02 2.367140538990497589e-02
4.166607558727264404e-02 2.005823329091072083e-02
3.769888728857040405e-02 1.370558701455593109e-02
4.127357527613639832e-02 2.293651178479194641e-02
3.977745771408081055e-02 4.054395481944084167e-03
3.760370612144470215e-02 1.449754461646080017e-02
3.905949741601943970e-02 2.375903166830539703e-02
3.490607067942619324e-02 2.234405279159545898e-02
4.464635252952575684e-02 2.802946232259273529e-02
3.722997009754180908e-02 3.214965760707855225e-02
3.383344411849975586e-02 3.023239597678184509e-02
2.994415909051895142e-02 1.145965605974197388e-02
3.737699612975120544e-02 1.477447338402271271e-02
3.632534295320510864e-02 1.963383704423904419e-02
3.483826667070388794e-02 1.812623813748359680e-02
3.610644489526748657e-02 3.071690164506435394e-02
3.832435607910156250e-02 3.537239134311676025e-02
4.294461011886596680e-02 3.574081510305404663e-02
4.434001818299293518e-02 2.441568300127983093e-02
3.924211859703063965e-02 3.016851469874382019e-02
4.523214697837829590e-02 3.652594611048698425e-02
4.004552960395812988e-02 2.293566800653934479e-02
4.038975760340690613e-02 2.669141255319118500e-02
3.818354383111000061e-02 3.076768293976783752e-02
4.261266812682151794e-02 3.631211444735527039e-02
4.357782378792762756e-02 3.761218488216400146e-02
3.891972824931144714e-02 1.472780108451843262e-02
4.547624662518501282e-02 2.455093152821063995e-02
4.304918646812438965e-02 1.231740321964025497e-02
3.855966776609420776e-02 1.423966046422719955e-02
4.143270850181579590e-02 1.250409893691539764e-02
3.810054436326026917e-02 1.225885841995477676e-02
3.443024307489395142e-02 1.709581911563873291e-02
3.592453151941299438e-02 2.728812396526336670e-02
3.666368499398231506e-02 2.159051410853862762e-02
3.766532242298126221e-02 2.102179825305938721e-02
3.742892295122146606e-02 1.982900314033031464e-02
3.703680634498596191e-02 2.125063352286815643e-02
3.570787608623504639e-02 1.582028344273567200e-02
3.757321089506149292e-02 1.673116348683834076e-02
3.523032367229461670e-02 1.243441645056009293e-02
3.693047165870666504e-02 1.756766252219676971e-02
3.222262486815452576e-02 5.997903645038604736e-03
3.343920037150382996e-02 -3.590097650885581970e-03
3.551138192415237427e-02 9.485725313425064087e-04
3.171679750084877014e-02 1.340701803565025330e-02
3.322651982307434082e-02 2.927419729530811310e-02
3.927098214626312256e-02 3.244333714246749878e-02
4.117958247661590576e-02 2.247363701462745667e-02
3.306716680526733398e-02 1.347844582051038742e-02
3.483609855175018311e-02 2.353846095502376556e-02
4.284352809190750122e-02 3.621597588062286377e-02
3.942374512553215027e-02 1.805390045046806335e-02
4.049398005008697510e-02 5.406638607382774353e-03
3.937797620892524719e-02 -1.983119174838066101e-03
4.043727368116378784e-02 2.881537936627864838e-02
3.634924441576004028e-02 6.711069494485855103e-03
3.724439814686775208e-02 1.344164274632930756e-02
3.837120532989501953e-02 1.031260751187801361e-02
3.263538703322410583e-02 1.073945499956607819e-02
3.365810960531234741e-02 1.934098079800605774e-02
3.186114132404327393e-02 8.344838395714759827e-03
3.659861534833908081e-02 1.397822424769401550e-02
3.502508252859115601e-02 1.275692973285913467e-02
4.188253358006477356e-02 2.093465439975261688e-02
4.015526175498962402e-02 2.026637829840183258e-02
3.780874982476234436e-02 1.295238360762596130e-02
3.887913748621940613e-02 1.376760285347700119e-02
3.741803392767906189e-02 5.131376907229423523e-03
3.682935237884521484e-02 6.870578974485397339e-03
3.721336647868156433e-02 8.503092452883720398e-03
3.839474543929100037e-02 1.431639771908521652e-02
3.882566839456558228e-02 7.535113021731376648e-03
3.815067932009696960e-02 1.033335831016302109e-02
3.317322954535484314e-02 2.101985737681388855e-03
3.236410766839981079e-02 6.315982900559902191e-03
3.456358984112739563e-02 1.230021938681602478e-03
3.616247698664665222e-02 4.682449623942375183e-03
3.615624457597732544e-02 4.171365872025489807e-03
3.956896066665649414e-02 1.377292908728122711e-02
3.786959499120712280e-02 1.766164228320121765e-02
3.672883287072181702e-02 1.164427399635314941e-02
3.438022732734680176e-02 4.572097212076187134e-03
3.828821703791618347e-02 1.532496046274900436e-02
3.569417819380760193e-02 1.581648923456668854e-02
3.455141559243202209e-02 9.431332349777221680e-03
3.661858290433883667e-02 7.836883887648582458e-03
3.917401656508445740e-02 1.599337346851825714e-02
3.923716396093368530e-02 2.324966900050640106e-02
3.882783651351928711e-02 1.958882808685302734e-02
4.070018604397773743e-02 2.310297638177871704e-02
3.516632318496704102e-02 1.585754193365573883e-02
3.849578648805618286e-02 2.632991969585418701e-02
3.625559061765670776e-02 1.611844263970851898e-02
3.767311200499534607e-02 1.488700043410062790e-02
3.699814155697822571e-02 1.812677644193172455e-02
3.923135995864868164e-02 1.923624053597450256e-02
3.499816358089447021e-02 1.627585664391517639e-02
3.545074909925460815e-02 1.960990577936172485e-02
3.565086796879768372e-02 1.684182137250900269e-02
3.857666254043579102e-02 2.951680496335029602e-02
3.798671811819076538e-02 2.983781322836875916e-02
3.564184904098510742e-02 2.933610603213310242e-02
3.968147188425064087e-02 2.851244807243347168e-02
4.058560356497764587e-02 3.842218592762947083e-02
4.082866758108139038e-02 2.922106534242630005e-02
