7.591222226619720459e-02 -3.497125804424285889e-01
8.290216326713562012e-02 -3.515957891941070557e-01
8.474795520305633545e-02 -3.586979806423187256e-01
9.484145045280456543e-02 -3.592801392078399658e-01
9.120596945285797119e-02 -3.625408113002777100e-01
1.023739278316497803e-01 -3.660834729671478271e-01
1.160251945257186890e-01 -3.764584660530090332e-01
1.018175482749938965e-01 -3.687409460544586182e-01
1.134963333606719971e-01 -3.760208785533905029e-01
1.335601508617401123e-01 -3.776081204414367676e-01
1.445768773555755615e-01 -3.909485340118408203e-01
1.343874037265777588e-01 -3.935529887676239014e-01
1.161184757947921753e-01 -3.790011405944824219e-01
1.717084050178527832e-01 -4.247798919677734375e-01
1.614809334278106689e-01 -4.151801168918609619e-01
1.443268656730651855e-01 -4.101883172988891602e-01
1.696075499057769775e-01 -4.206903278827667236e-01
1.517660021781921387e-01 -4.042942225933074951e-01
1.506564915180206299e-01 -4.064600169658660889e-01
1.393069326877593994e-01 -3.949015140533447266e-01
1.416295766830444336e-01 -3.970547318458557129e-01
1.432965993881225586e-01 -3.954898715019226074e-01
1.543099582195281982e-01 -4.099718928337097168e-01
1.189763993024826050e-01 -3.894307613372802734e-01
1.027387976646423340e-01 -3.863572180271148682e-01
1.310232877731323242e-01 -4.088295102119445801e-01
1.497957110404968262e-01 -4.171140193939208984e-01
1.008214503526687622e-01 -3.870540857315063477e-01
1.079677492380142212e-01 -3.829758465290069580e-01
1.109883934259414673e-01 -3.985242545604705811e-01
1.190510392189025879e-01 -4.052171111106872559e-01
1.107324361801147461e-01 -3.968461155891418457e-01
1.152766942977905273e-01 -3.981758058071136475e-01
1.259061396121978760e-01 -3.998855352401733398e-01
9.383776783943176270e-02 -3.786650598049163818e-01
1.558182537555694580e-01 -4.244427680969238281e-01
1.407591402530670166e-01 -4.108757078647613525e-01
1.419204175472259521e-01 -4.193768203258514404e-01
1.306836903095245361e-01 -4.253852665424346924e-01
1.699396669864654541e-01 -4.489109218120574951e-01
1.268108785152435303e-01 -4.233689606189727783e-01
1.179166138172149658e-01 -4.170421063899993896e-01
1.423048973083496094e-01 -4.348113834857940674e-01
1.170186996459960938e-01 -4.119766652584075928e-01
1.337749660015106201e-01 -4.390578269958496094e-01
1.266762167215347290e-01 -4.330428838729858398e-01
1.414836347103118896e-01 -4.389899671077728271e-01
9.738942980766296387e-02 -4.059010446071624756e-01
1.026785969734191895e-01 -4.166916608810424805e-01
1.134167462587356567e-01 -4.196611046791076660e-01
9.907916188240051270e-02 -4.073421657085418701e-01
7.041996717453002930e-02 -3.915034234523773193e-01
1.028037816286087036e-01 -4.030114114284515381e-01
1.121976673603057861e-01 -4.073664247989654541e-01
9.466958045959472656e-02 -4.045574665069580078e-01
7.775613665580749512e-02 -3.918352723121643066e-01
4.801820218563079834e-02 -3.736702799797058105e-01
4.563505947589874268e-02 -3.775230348110198975e-01
7.988429069519042969e-02 -3.974178433418273926e-01
4.261675477027893066e-02 -3.806298375129699707e-01
4.723680019378662109e-02 -3.791433274745941162e-01
4.519194364547729492e-02 -3.806140422821044922e-01
2.549922466278076172e-02 -3.682013452053070068e-01
5.165389180183410645e-02 -3.834220767021179199e-01
7.230934500694274902e-02 -3.952144086360931396e-01
8.224998414516448975e-02 -3.966806530952453613e-01
6.284923851490020752e-02 -3.820540904998779297e-01
8.071216940879821777e-02 -3.972705602645874023e-01
5.159416794776916504e-02 -3.869695663452148438e-01
5.793322622776031494e-02 -3.935263752937316895e-01
3.377431631088256836e-02 -3.785820305347442627e-01
4.822370409965515137e-02 -3.909311890602111816e-01
4.036155343055725098e-02 -3.858802616596221924e-01
1.524752378463745117e-02 -3.747702836990356445e-01
1.108159124851226807e-02 -3.761191368103027344e-01
2.639742195606231689e-02 -3.787960112094879150e-01
2.856470644474029541e-02 -3.821549415588378906e-01
5.351345241069793701e-02 -3.970895409584045410e-01
2.239765226840972900e-02 -3.779278099536895752e-01
-1.235648989677429199e-02 -3.508768677711486816e-01
-3.486528992652893066e-03 -3.613936007022857666e-01
7.543265819549560547e-03 -3.716126680374145508e-01
-1.570001244544982910e-02 -3.501183092594146729e-01
-1.482040435075759888e-02 -3.493222892284393311e-01
-1.982813328504562378e-02 -3.480212092399597168e-01
-1.573118567466735840e-02 -3.514074683189392090e-01
2.123832702636718750e-03 -3.603852689266204834e-01
-1.945593953132629395e-02 -3.433766067028045654e-01
-1.344383507966995239e-02 -3.485510945320129395e-01
-4.497837275266647339e-02 -3.259607553482055664e-01
-4.149167239665985107e-02 -3.275441229343414307e-01
-3.360255062580108643e-02 -3.323903381824493408e-01
-2.980627864599227905e-02 -3.339943587779998779e-01
-3.701768815517425537e-03 -3.477204740047454834e-01
-3.660102188587188721e-02 -3.269305825233459473e-01
-5.075996369123458862e-02 -3.124033510684967041e-01
-6.198455020785331726e-02 -3.035395741462707520e-01
4.853561520576477051e-03 -3.422035872936248779e-01
-7.591135799884796143e-03 -3.403730392456054688e-01
-2.621123939752578735e-02 -3.315601348876953125e-01
-6.414726376533508301e-02 -3.174051046371459961e-01
-4.476265609264373779e-02 -3.418846130371093750e-01
8.729428052902221680e-03 -3.761297762393951416e-01
2.875518798828125000e-02 -3.900469243526458740e-01
2.573595941066741943e-02 -3.869838118553161621e-01
1.790286600589752197e-02 -3.805381655693054199e-01
1.523429155349731445e-02 -3.704783916473388672e-01
1.505020260810852051e-02 -3.657090961933135986e-01
2.133795619010925293e-02 -3.678341805934906006e-01
6.302195787429809570e-02 -3.972703814506530762e-01
1.635679602622985840e-02 -3.749802112579345703e-01
1.120506227016448975e-02 -3.749989867210388184e-01
4.151882231235504150e-02 -3.861065506935119629e-01
5.647961795330047607e-02 -3.995935022830963135e-01
1.330493390560150146e-02 -3.713966906070709229e-01
2.528946101665496826e-02 -3.685576915740966797e-01
4.413233697414398193e-02 -3.842452466487884521e-01
9.640723466873168945e-03 -3.589042425155639648e-01
-8.759722113609313965e-04 -3.617194592952728271e-01
4.063615202903747559e-02 -3.898753225803375244e-01
4.179386794567108154e-02 -3.928480744361877441e-01
4.375039041042327881e-02 -3.955200910568237305e-01
4.555884003639221191e-02 -3.923685252666473389e-01
4.949414730072021484e-02 -3.970581889152526855e-01
3.976342082023620605e-02 -3.984569907188415527e-01
5.831459164619445801e-02 -4.016578793525695801e-01
6.250205636024475098e-02 -3.985366523265838623e-01
5.793939530849456787e-02 -4.020212888717651367e-01
6.479179859161376953e-02 -4.073788523674011230e-01
3.248558938503265381e-02 -3.892608284950256348e-01
4.025143384933471680e-02 -3.939167857170104980e-01
3.629143536090850830e-02 -3.913962244987487793e-01
4.505877196788787842e-02 -3.954039812088012695e-01
4.915358126163482666e-02 -3.967737555503845215e-01
3.770056366920471191e-02 -3.875221610069274902e-01
3.178420662879943848e-02 -3.824611902236938477e-01
5.225840210914611816e-02 -4.017975330352783203e-01
4.064430296421051025e-02 -3.928307592868804932e-01
2.670681476593017578e-02 -3.831646442413330078e-01
1.794961094856262207e-02 -3.763011991977691650e-01
3.120340406894683838e-02 -3.945046663284301758e-01
5.233730375766754150e-02 -4.087548851966857910e-01
1.183125376701354980e-02 -3.872841000556945801e-01
4.032030701637268066e-03 -3.839138746261596680e-01
2.457655966281890869e-02 -3.973239660263061523e-01
-4.149086773395538330e-03 -3.876518607139587402e-01
-3.621071577072143555e-03 -3.858361244201660156e-01
-2.244587242603302002e-02 -3.728126585483551025e-01
-2.100057154893875122e-02 -3.740895986557006836e-01
-1.679174602031707764e-03 -3.855072855949401855e-01
-1.906026899814605713e-02 -3.754818141460418701e-01
-1.013460010290145874e-02 -3.825499713420867920e-01
1.474212110042572021e-02 -3.984003663063049316e-01
6.070204079151153564e-03 -3.953035473823547363e-01
7.610261440277099609e-03 -3.976126015186309814e-01
9.428188204765319824e-04 -3.954390883445739746e-01
1.067540049552917480e-02 -3.982639908790588379e-01
2.459825575351715088e-02 -4.020588397979736328e-01
1.462097465991973877e-02 -3.959187269210815430e-01
1.659303903579711914e-03 -3.910139799118041992e-01
2.214694023132324219e-02 -3.963239192962646484e-01
1.264198124408721924e-02 -3.924171030521392822e-01
1.470938324928283691e-02 -3.969836533069610596e-01
2.587981522083282471e-03 -3.911711573600769043e-01
-6.470710039138793945e-03 -3.857373297214508057e-01
2.846203744411468506e-03 -3.889120817184448242e-01
1.220503449440002441e-02 -3.977216184139251709e-01
-1.352325081825256348e-02 -3.767885863780975342e-01
1.520811021327972412e-02 -3.958777785301208496e-01
5.629695951938629150e-03 -3.883797824382781982e-01
-1.033019274473190308e-02 -3.809362649917602539e-01
7.460072636604309082e-03 -3.924652338027954102e-01
-1.709803938865661621e-02 -3.726604580879211426e-01
3.813883662223815918e-02 -4.095993638038635254e-01
4.090903699398040771e-02 -4.133753180503845215e-01
-3.427006304264068604e-03 -3.815816640853881836e-01
7.746264338493347168e-03 -3.771077990531921387e-01
1.047903299331665039e-02 -3.827533125877380371e-01
4.985021054744720459e-02 -4.062862992286682129e-01
2.324816584587097168e-02 -3.937930464744567871e-01
-8.527487516403198242e-04 -3.749860525131225586e-01
2.866357564926147461e-02 -3.954752385616302490e-01
2.306555211544036865e-02 -4.008187949657440186e-01
1.858690381050109863e-02 -3.964218497276306152e-01
2.835516631603240967e-02 -3.883591294288635254e-01
4.392364621162414551e-02 -4.040152728557586670e-01
2.607314288616180420e-02 -3.872358202934265137e-01
2.041687071323394775e-02 -3.855855762958526611e-01
3.798994421958923340e-02 -4.011294841766357422e-01
5.243149399757385254e-02 -4.064450860023498535e-01
6.452022492885589600e-02 -4.138401746749877930e-01
5.837494134902954102e-02 -4.096027016639709473e-01
5.929759144783020020e-02 -4.132321178913116455e-01
5.428224802017211914e-02 -4.160339832305908203e-01
2.646180987358093262e-02 -4.035049080848693848e-01
2.069212496280670166e-02 -3.967720270156860352e-01
2.459600567817687988e-03 -3.838633894920349121e-01
-2.608340978622436523e-02 -3.595505356788635254e-01
-1.517128199338912964e-02 -3.706016540527343750e-01
3.274407982826232910e-02 -3.971039354801177979e-01
4.362794756889343262e-02 -3.974294662475585938e-01
1.109848916530609131e-02 -3.810392618179321289e-01
2.330811321735382080e-02 -3.940154314041137695e-01
4.431799054145812988e-02 -4.012148082256317139e-01
4.433806240558624268e-02 -3.976668119430541992e-01
1.981975138187408447e-02 -3.893266618251800537e-01
5.739827454090118408e-02 -4.163259267807006836e-01
4.632131755352020264e-02 -4.138035178184509277e-01
2.435529232025146484e-02 -3.931746780872344971e-01
1.876190304756164551e-02 -3.914596736431121826e-01
3.074245154857635498e-02 -3.985899686813354492e-01
5.210107564926147461e-02 -4.019881784915924072e-01
1.567390561103820801e-02 -3.779690265655517578e-01
5.093577504158020020e-02 -3.966706693172454834e-01
4.498331248760223389e-02 -3.938701450824737549e-01
4.334677755832672119e-02 -3.971874713897705078e-01
3.091746568679809570e-02 -3.927465677261352539e-01
6.412094831466674805e-02 -4.163720607757568359e-01
2.733334898948669434e-02 -3.943490982055664062e-01
-3.856703639030456543e-03 -3.783508837223052979e-01
9.548440575599670410e-04 -3.880684375762939453e-01
-4.980735480785369873e-03 -3.774059116840362549e-01
4.168920218944549561e-03 -3.805749416351318359e-01
-3.741443157196044922e-03 -3.753764033317565918e-01
6.565354764461517334e-03 -3.814569711685180664e-01
4.422238469123840332e-02 -4.039357900619506836e-01
4.449543356895446777e-02 -4.038607776165008545e-01
4.529714584350585938e-02 -4.043198823928833008e-01
4.157532751560211182e-02 -3.945041596889495850e-01
1.210257411003112793e-03 -3.771400451660156250e-01
1.486520469188690186e-02 -3.810521662235260010e-01
3.503745794296264648e-02 -3.988706171512603760e-01
1.937447488307952881e-02 -3.910885751247406006e-01
2.095171809196472168e-02 -3.923119902610778809e-01
6.707943975925445557e-03 -3.841922283172607422e-01
3.239798545837402344e-02 -3.997959494590759277e-01
2.277328073978424072e-02 -4.009592235088348389e-01
1.147402822971343994e-02 -3.941313326358795166e-01
2.578192949295043945e-02 -4.004842340946197510e-01
1.547777652740478516e-02 -3.913768827915191650e-01
3.164249658584594727e-02 -3.953723311424255371e-01
4.295973479747772217e-02 -4.072701334953308105e-01
3.240726888179779053e-02 -3.963602483272552490e-01
5.344010889530181885e-02 -4.192755520343780518e-01
4.081566631793975830e-02 -4.035905897617340088e-01
2.039793133735656738e-02 -3.951593041419982910e-01
-1.553498208522796631e-02 -3.780534863471984863e-01
-3.343820571899414062e-04 -3.915487527847290039e-01
-3.701955080032348633e-02 -3.624968826770782471e-01
-1.041126996278762817e-02 -3.776459693908691406e-01
2.479439973831176758e-02 -3.971445262432098389e-01
4.595640301704406738e-02 -4.108352363109588623e-01
8.011436462402343750e-02 -4.350947141647338867e-01
1.219913363456726074e-02 -3.881362080574035645e-01
2.464851737022399902e-02 -3.944765329360961914e-01
6.156459450721740723e-02 -4.130031466484069824e-01
-7.147066295146942139e-03 -3.725289106369018555e-01
6.572291254997253418e-03 -3.883184194564819336e-01
-1.220593601465225220e-02 -3.834741115570068359e-01
-4.368177056312561035e-02 -3.654620349407196045e-01
-2.799932658672332764e-02 -3.722572624683380127e-01
-1.684954017400741577e-02 -3.807263374328613281e-01
6.484642624855041504e-03 -3.909563422203063965e-01
1.270130276679992676e-03 -3.814740478992462158e-01
-9.180024266242980957e-03 -3.728685677051544189e-01
1.129823923110961914e-02 -3.849970698356628418e-01
1.430056989192962646e-02 -3.947172164916992188e-01
1.895849406719207764e-02 -3.965542614459991455e-01
2.529099583625793457e-02 -4.062554836273193359e-01
4.816935956478118896e-02 -4.160106480121612549e-01
5.392456054687500000e-02 -4.126773476600646973e-01
1.457619667053222656e-02 -3.914842605590820312e-01
1.780860126018524170e-03 -3.819117546081542969e-01
6.046974658966064453e-02 -4.138585329055786133e-01
4.917486011981964111e-02 -4.052835106849670410e-01
2.996094524860382080e-02 -3.912488818168640137e-01
6.006471812725067139e-02 -4.118426442146301270e-01
4.614135622978210449e-02 -4.021805822849273682e-01
5.179984867572784424e-02 -4.060623943805694580e-01
3.724400699138641357e-02 -4.010356068611145020e-01
3.132045269012451172e-02 -4.048035442829132080e-01
3.029119968414306641e-02 -4.057345688343048096e-01
2.960829436779022217e-02 -4.086321592330932617e-01
3.813776373863220215e-02 -4.121046662330627441e-01
1.754826307296752930e-02 -3.996751010417938232e-01
1.450204849243164062e-02 -4.016813039779663086e-01
-1.944318413734436035e-03 -3.885983228683471680e-01
3.052750229835510254e-02 -4.068562090396881104e-01
1.859799027442932129e-02 -3.996970057487487793e-01
4.283690452575683594e-02 -4.095820784568786621e-01
1.630955934524536133e-02 -3.901132345199584961e-01
2.780359983444213867e-02 -3.955229222774505615e-01
4.675087332725524902e-02 -4.111820757389068604e-01
1.298430562019348145e-02 -3.972727060317993164e-01
7.655471563339233398e-04 -3.848237693309783936e-01
-2.566722035408020020e-02 -3.738026618957519531e-01
-4.032834619283676147e-02 -3.666548132896423340e-01
-4.398333281278610229e-02 -3.675993978977203369e-01
2.811610698699951172e-03 -3.987101912498474121e-01
2.653601765632629395e-02 -4.058446288108825684e-01
2.891655266284942627e-02 -4.055458903312683105e-01
8.774340152740478516e-03 -3.918079137802124023e-01
1.667454838752746582e-03 -3.840934634208679199e-01
2.116119861602783203e-02 -3.950355648994445801e-01
6.245319545269012451e-02 -4.159865975379943848e-01
6.260970234870910645e-02 -4.155157804489135742e-01
6.822672486305236816e-02 -4.330360889434814453e-01
7.087346911430358887e-02 -4.283618927001953125e-01
6.054307520389556885e-02 -4.218834042549133301e-01
5.523802340030670166e-02 -4.173840880393981934e-01
2.663207054138183594e-02 -4.006121754646301270e-01
5.705064535140991211e-02 -4.201476871967315674e-01
5.994591116905212402e-02 -4.188913702964782715e-01
4.397879540920257568e-02 -4.124708175659179688e-01
4.015101492404937744e-02 -4.135848283767700195e-01
7.374861836433410645e-02 -4.386205077171325684e-01
6.115829944610595703e-02 -4.295418858528137207e-01
4.054778814315795898e-02 -4.215813577175140381e-01
6.051555275917053223e-02 -4.340977668762207031e-01
1.813332736492156982e-02 -4.088171422481536865e-01
-8.406952023506164551e-03 -3.934516906738281250e-01
-1.431838423013687134e-02 -3.906054198741912842e-01
2.027437090873718262e-02 -4.102143049240112305e-01
5.203920602798461914e-02 -4.209249615669250488e-01
2.817359566688537598e-02 -4.047552049160003662e-01
4.568058252334594727e-02 -4.164930582046508789e-01
6.623154878616333008e-02 -4.257102012634277344e-01
3.406819701194763184e-02 -4.064344167709350586e-01
4.337097704410552979e-02 -4.111177623271942139e-01
2.627521753311157227e-02 -4.087223410606384277e-01
2.146239578723907471e-02 -4.039325416088104248e-01
4.828721284866333008e-04 -3.940751850605010986e-01
8.247062563896179199e-03 -3.995594978332519531e-01
-2.413055300712585449e-02 -3.772358894348144531e-01
-1.682065427303314209e-02 -3.802167773246765137e-01
-1.165825128555297852e-02 -3.746623992919921875e-01
-2.081367373466491699e-02 -3.750144541263580322e-01
1.865370571613311768e-02 -3.928322196006774902e-01
2.155688405036926270e-02 -3.913781642913818359e-01
3.433176875114440918e-02 -3.977045416831970215e-01
1.073675155639648438e-01 -4.432791471481323242e-01
5.615428090095520020e-02 -4.183993339538574219e-01
2.951604127883911133e-02 -4.064197838306427002e-01
4.230497777462005615e-02 -4.098245501518249512e-01
-1.225460320711135864e-02 -3.782227635383605957e-01
-2.580413967370986938e-02 -3.641104102134704590e-01
-9.585253894329071045e-03 -3.808665573596954346e-01
1.280868053436279297e-02 -3.973826766014099121e-01
2.195866405963897705e-02 -4.001755118370056152e-01
2.623718976974487305e-02 -4.082450270652770996e-01
7.196336984634399414e-03 -3.941583037376403809e-01
-7.219374179840087891e-03 -3.768426179885864258e-01
3.822416067123413086e-03 -3.867069482803344727e-01
2.819210290908813477e-03 -3.858646750450134277e-01
3.473478555679321289e-02 -4.064123034477233887e-01
5.875051021575927734e-03 -3.854035437107086182e-01
1.818072795867919922e-02 -3.921035528182983398e-01
5.156256258487701416e-03 -3.938159346580505371e-01
-1.217742264270782471e-02 -3.798891603946685791e-01
-3.536371141672134399e-02 -3.653695583343505859e-01
-4.768603295087814331e-02 -3.651284277439117432e-01
-6.706126034259796143e-03 -3.915079534053802490e-01
-2.264719456434249878e-02 -3.711431622505187988e-01
1.149749755859375000e-02 -3.934752941131591797e-01
5.750656127929687500e-03 -3.829057514667510986e-01
9.647354483604431152e-03 -3.952431976795196533e-01
3.902447223663330078e-02 -4.048785865306854248e-01
3.772969543933868408e-02 -4.081579148769378662e-01
5.130127072334289551e-02 -4.139279723167419434e-01
4.317331314086914062e-02 -4.064353704452514648e-01
2.515701949596405029e-02 -3.828296065330505371e-01
4.132063686847686768e-02 -3.941494226455688477e-01
3.236745297908782959e-02 -3.841646909713745117e-01
5.483286082744598389e-02 -3.935840129852294922e-01
4.202760756015777588e-02 -3.942040503025054932e-01
6.290894746780395508e-02 -4.076268374919891357e-01
6.576016545295715332e-02 -4.096208810806274414e-01
7.733696699142456055e-02 -4.184163510799407959e-01
8.520723879337310791e-02 -4.156748354434967041e-01
7.779653370380401611e-02 -4.097729623317718506e-01
1.007277071475982666e-01 -4.311525821685791016e-01
7.915429770946502686e-02 -4.131475090980529785e-01
5.798788368701934814e-02 -4.047120809555053711e-01
6.254757940769195557e-02 -4.136088490486145020e-01
6.215703487396240234e-02 -4.185000658035278320e-01
7.748775184154510498e-02 -4.270644187927246094e-01
4.619307816028594971e-02 -4.065547585487365723e-01
2.776867151260375977e-02 -3.974500000476837158e-01
7.056337594985961914e-02 -4.217996597290039062e-01
6.433935463428497314e-02 -4.218291640281677246e-01
6.682050228118896484e-02 -4.119727015495300293e-01
8.457210659980773926e-02 -4.259432256221771240e-01
7.765407860279083252e-02 -4.188529849052429199e-01
6.890535354614257812e-02 -4.142245650291442871e-01
8.807688951492309570e-02 -4.309248924255371094e-01
9.826456010341644287e-02 -4.387725591659545898e-01
7.657846808433532715e-02 -4.167324006557464600e-01
1.037576794624328613e-01 -4.283008873462677002e-01
9.185650944709777832e-02 -4.202698469161987305e-01
7.336959242820739746e-02 -4.100329279899597168e-01
9.226226806640625000e-02 -4.135816097259521484e-01
1.101064383983612061e-01 -4.265276491641998291e-01
1.044040769338607788e-01 -4.241472780704498291e-01
8.363099396228790283e-02 -4.094880819320678711e-01
1.165190786123275757e-01 -4.286390841007232666e-01
1.195658445358276367e-01 -4.319514632225036621e-01
1.137060672044754028e-01 -4.307856857776641846e-01
1.214570403099060059e-01 -4.337694644927978516e-01
1.280823200941085815e-01 -4.343153536319732666e-01
1.391600668430328369e-01 -4.463020563125610352e-01
1.191194653511047363e-01 -4.405308663845062256e-01
1.269577294588088989e-01 -4.469215273857116699e-01
1.129392087459564209e-01 -4.404886662960052490e-01
1.010596752166748047e-01 -4.381466805934906006e-01
9.517958760261535645e-02 -4.343094229698181152e-01
1.183791160583496094e-01 -4.492615759372711182e-01
1.111186444759368896e-01 -4.455631077289581299e-01
1.074214130640029907e-01 -4.404424428939819336e-01
1.330310106277465820e-01 -4.502365291118621826e-01
1.223374307155609131e-01 -4.465356469154357910e-01
9.143453836441040039e-02 -4.245151281356811523e-01
7.919722795486450195e-02 -4.155114293098449707e-01
1.045975089073181152e-01 -4.312952756881713867e-01
1.013371050357818604e-01 -4.254312217235565186e-01
9.564062952995300293e-02 -4.240630269050598145e-01
1.048901528120040894e-01 -4.296973943710327148e-01
8.310525119304656982e-02 -4.247597455978393555e-01
6.976324319839477539e-02 -4.105681478977203369e-01
7.771164178848266602e-02 -4.153423011302947998e-01
5.598667263984680176e-02 -4.028262495994567871e-01
5.007493495941162109e-02 -4.024934470653533936e-01
5.668328702449798584e-02 -4.104071855545043945e-01
6.365403532981872559e-02 -4.106803834438323975e-01
6.155742704868316650e-02 -4.124531149864196777e-01
6.080216169357299805e-02 -4.141469001770019531e-01
6.696946918964385986e-02 -4.201663732528686523e-01
8.316287398338317871e-02 -4.385466575622558594e-01
7.407759130001068115e-02 -4.351645112037658691e-01
7.479095458984375000e-02 -4.413181841373443604e-01
9.298896789550781250e-02 -4.502803087234497070e-01
1.012604832649230957e-01 -4.522444605827331543e-01
9.035997092723846436e-02 -4.500235319137573242e-01
8.797165751457214355e-02 -4.489805102348327637e-01
4.154329001903533936e-02 -4.211726188659667969e-01
5.127011239528656006e-02 -4.336005449295043945e-01
7.030394673347473145e-02 -4.491602182388305664e-01
4.952432215213775635e-02 -4.308862686157226562e-01
7.018771767616271973e-02 -4.472234249114990234e-01
7.114179432392120361e-02 -4.526928663253784180e-01
4.498516023159027100e-02 -4.347108304500579834e-01
3.286835551261901855e-02 -4.374208450317382812e-01
6.021581590175628662e-03 -4.135791659355163574e-01
1.231110095977783203e-02 -4.199344515800476074e-01
2.012088894844055176e-02 -4.225522875785827637e-01
1.732860505580902100e-02 -4.148032069206237793e-01
9.072467684745788574e-03 -4.145939946174621582e-01
5.106309056282043457e-02 -4.408427476882934570e-01
7.045474648475646973e-02 -4.521659612655639648e-01
4.886868596076965332e-02 -4.394435882568359375e-01
3.084038197994232178e-02 -4.231941401958465576e-01
3.251436352729797363e-02 -4.233489632606506348e-01
1.531741023063659668e-02 -4.166267812252044678e-01
-4.038281738758087158e-03 -4.068092703819274902e-01
1.879328489303588867e-02 -4.262864291667938232e-01
1.378013193607330322e-02 -4.247086942195892334e-01
-1.172624528408050537e-02 -4.061256647109985352e-01
-7.490679621696472168e-03 -4.070527851581573486e-01
-3.815080970525741577e-02 -3.861068487167358398e-01
-2.455704659223556519e-02 -3.947277367115020752e-01
-4.089915007352828979e-02 -3.771828114986419678e-01
-3.159625083208084106e-02 -3.924415409564971924e-01
-1.127037405967712402e-02 -3.988608121871948242e-01
-2.454956620931625366e-02 -3.934509158134460449e-01
-2.939842641353607178e-02 -3.942608237266540527e-01
-9.554348886013031006e-02 -3.561190068721771240e-01
-2.389918267726898193e-02 -3.982968926429748535e-01
-2.784606814384460449e-02 -3.919179141521453857e-01
-4.158794879913330078e-03 -4.016864299774169922e-01
2.823770046234130859e-05 -4.063572883605957031e-01
-4.418577998876571655e-02 -3.765739202499389648e-01
-6.680306792259216309e-02 -3.601430654525756836e-01
-5.861349031329154968e-02 -3.605596721172332764e-01
1.028373837471008301e-02 -3.995348811149597168e-01
5.041952431201934814e-02 -4.076996445655822754e-01
-2.958348393440246582e-02 -3.546528816223144531e-01
-8.868075907230377197e-02 -3.171657919883728027e-01
-7.592042535543441772e-02 -3.211342990398406982e-01
-7.219293713569641113e-02 -3.216231465339660645e-01
1.583692431449890137e-02 -3.899298906326293945e-01
-5.288697779178619385e-03 -3.931491374969482422e-01
-3.715287148952484131e-02 -3.643865287303924561e-01
-7.025678455829620361e-02 -3.598326742649078369e-01
-6.996437907218933105e-02 -3.672814667224884033e-01
-6.551864743232727051e-02 -3.681834936141967773e-01
-8.662927895784378052e-02 -3.570483326911926270e-01
-8.626850694417953491e-02 -3.485729098320007324e-01
-5.464120209217071533e-02 -3.662256598472595215e-01
-5.878538638353347778e-02 -3.522242307662963867e-01
2.385841310024261475e-02 -3.920320868492126465e-01
5.226370692253112793e-02 -4.064837098121643066e-01
4.614092409610748291e-02 -3.992481827735900879e-01
-2.117594331502914429e-02 -3.594920039176940918e-01
-3.708340972661972046e-02 -3.503528237342834473e-01
-2.392690628767013550e-02 -3.598197102546691895e-01
-5.443672835826873779e-02 -3.395245671272277832e-01
-4.918915033340454102e-02 -3.468554019927978516e-01
-5.017836391925811768e-02 -3.297892510890960693e-01
-2.725074440240859985e-02 -3.477509021759033203e-01
-2.974937111139297485e-02 -3.503688573837280273e-01
-3.452970087528228760e-02 -3.477006554603576660e-01
-3.235329687595367432e-02 -3.373892307281494141e-01
-1.795534789562225342e-02 -3.473415374755859375e-01
-8.659824728965759277e-03 -3.506963551044464111e-01
-2.007713168859481812e-02 -3.449697196483612061e-01
-9.713001549243927002e-03 -3.560334444046020508e-01
2.854406833648681641e-03 -3.626185357570648193e-01
-9.708836674690246582e-03 -3.518248498439788818e-01
-9.098649024963378906e-03 -3.565638661384582520e-01
-2.446597814559936523e-02 -3.522930145263671875e-01
-4.366070032119750977e-02 -3.275959193706512451e-01
-8.437260985374450684e-03 -3.459053039550781250e-01
2.508886158466339111e-03 -3.449303805828094482e-01
-2.530206739902496338e-02 -3.337682783603668213e-01
-1.478993892669677734e-02 -3.346332013607025146e-01
4.107522964477539062e-02 -3.892113268375396729e-01
9.867474436759948730e-03 -3.624710142612457275e-01
1.769296824932098389e-02 -3.792732357978820801e-01
1.996628940105438232e-03 -3.624123036861419678e-01
2.440959215164184570e-04 -3.657951056957244873e-01
1.292993128299713135e-02 -3.667722940444946289e-01
3.920379281044006348e-02 -3.951541185379028320e-01
6.535273790359497070e-02 -4.110515117645263672e-01
4.417614638805389404e-02 -3.973848819732666016e-01
1.699730753898620605e-02 -3.681013584136962891e-01
1.402960717678070068e-02 -3.738191425800323486e-01
9.456709027290344238e-03 -3.719855546951293945e-01
4.644423723220825195e-02 -3.930745422840118408e-01
4.763983190059661865e-02 -3.929194211959838867e-01
2.458103001117706299e-02 -3.766436874866485596e-01
-3.531150519847869873e-03 -3.622798025608062744e-01
1.214933395385742188e-02 -3.784166574478149414e-01
4.661576449871063232e-02 -3.975609838962554932e-01
3.641772270202636719e-02 -3.859523832798004150e-01
5.469204485416412354e-02 -4.035681188106536865e-01
3.804400563240051270e-02 -3.900372982025146484e-01
2.715730667114257812e-02 -3.925231695175170898e-01
2.803179621696472168e-02 -3.936972022056579590e-01
1.564258337020874023e-02 -3.767906427383422852e-01
4.670584201812744141e-02 -3.858164846897125244e-01
4.120826721191406250e-02 -3.838154673576354980e-01
1.680946350097656250e-02 -3.733336329460144043e-01
3.816415369510650635e-02 -3.885532319545745850e-01
1.499769091606140137e-02 -3.716554045677185059e-01
2.744849026203155518e-02 -3.836306035518646240e-01
2.005979418754577637e-02 -3.776356875896453857e-01
8.672252297401428223e-03 -3.718412220478057861e-01
-3.491155803203582764e-03 -3.632238209247589111e-01
4.675596952438354492e-03 -3.705508112907409668e-01
1.447382569313049316e-02 -3.763433396816253662e-01
2.631103992462158203e-02 -3.813167810440063477e-01
5.087698996067047119e-02 -4.040055274963378906e-01
4.034653306007385254e-03 -3.688210546970367432e-01
3.558795154094696045e-02 -3.867254257202148438e-01
3.937110304832458496e-02 -3.892739713191986084e-01
6.621786952018737793e-02 -4.023877978324890137e-01
4.969312250614166260e-02 -3.947972059249877930e-01
5.882383882999420166e-02 -3.918257355690002441e-01
3.092238306999206543e-02 -3.721705377101898193e-01
2.604770660400390625e-02 -3.668134212493896484e-01
4.890009760856628418e-02 -3.902240991592407227e-01
3.469447791576385498e-02 -3.777423202991485596e-01
7.830157876014709473e-03 -3.490964770317077637e-01
9.010851383209228516e-03 -3.606512546539306641e-01
2.937692403793334961e-02 -3.729948103427886963e-01
4.878175258636474609e-02 -3.835794925689697266e-01
6.559757888317108154e-02 -4.046379327774047852e-01
4.283620417118072510e-02 -3.923516273498535156e-01
5.549466609954833984e-02 -4.092060327529907227e-01
5.084805190563201904e-02 -4.023978710174560547e-01
4.458515346050262451e-02 -4.066073894500732422e-01
6.686072051525115967e-02 -4.163878560066223145e-01
6.791463494300842285e-02 -4.167591929435729980e-01
8.258087933063507080e-02 -4.347395896911621094e-01
1.032042205333709717e-01 -4.492079019546508789e-01
1.343816220760345459e-01 -4.658033251762390137e-01
1.132160425186157227e-01 -4.479212164878845215e-01
1.416315436363220215e-01 -4.697740674018859863e-01
1.800672113895416260e-01 -4.985252916812896729e-01
1.773008406162261963e-01 -4.863955378532409668e-01
1.243614852428436279e-01 -4.620335102081298828e-01
1.878463923931121826e-01 -4.907116293907165527e-01
1.529490351676940918e-01 -4.762639999389648438e-01
1.354710161685943604e-01 -4.541370570659637451e-01
9.309558570384979248e-02 -4.174805581569671631e-01
1.010655760765075684e-01 -4.306445121765136719e-01
7.927696406841278076e-02 -4.165866076946258545e-01
1.083176434040069580e-01 -4.286090135574340820e-01
1.396790444850921631e-01 -4.580806791782379150e-01
1.077416539192199707e-01 -4.271667003631591797e-01
1.095447242259979248e-01 -4.348488748073577881e-01
1.311082094907760620e-01 -4.439239501953125000e-01
7.484605908393859863e-02 -4.138618111610412598e-01
7.641752064228057861e-02 -4.129263162612915039e-01
7.637992501258850098e-02 -4.124481678009033203e-01
9.246732294559478760e-02 -4.250553846359252930e-01
1.190695464611053467e-01 -4.451086521148681641e-01
1.166309565305709839e-01 -4.337041079998016357e-01
1.191886663436889648e-01 -4.393370151519775391e-01
1.058909296989440918e-01 -4.314984083175659180e-01
1.503584086894989014e-01 -4.586163163185119629e-01
9.256552159786224365e-02 -4.211354851722717285e-01
1.169322878122329712e-01 -4.408538937568664551e-01
6.680266559123992920e-02 -3.974739015102386475e-01
6.694757938385009766e-02 -3.999060094356536865e-01
7.933644950389862061e-02 -4.032025635242462158e-01
1.289246082305908203e-01 -4.328575432300567627e-01
1.110055446624755859e-01 -4.257290363311767578e-01
1.066125631332397461e-01 -4.246987998485565186e-01
1.071245670318603516e-01 -4.228032231330871582e-01
1.186117678880691528e-01 -4.247412979602813721e-01
9.830132126808166504e-02 -4.184087216854095459e-01
1.040648818016052246e-01 -4.204890429973602295e-01
8.033478260040283203e-02 -4.023042917251586914e-01
9.689545631408691406e-02 -4.156211316585540771e-01
6.471616029739379883e-02 -3.974746167659759521e-01
5.218499898910522461e-02 -3.906152844429016113e-01
7.586240768432617188e-03 -3.570995926856994629e-01
-3.506854176521301270e-03 -3.418120443820953369e-01
-1.616958528757095337e-02 -3.390932083129882812e-01
-1.444669067859649658e-02 -3.437029421329498291e-01
-1.788280904293060303e-03 -3.581942915916442871e-01
-2.735114842653274536e-02 -3.368681371212005615e-01
-2.848550677299499512e-02 -3.401836454868316650e-01
-2.641677111387252808e-02 -3.364001214504241943e-01
-1.047837734222412109e-02 -3.489626049995422363e-01
-3.590792417526245117e-03 -3.590869605541229248e-01
8.300185203552246094e-03 -3.740603327751159668e-01
-3.241922706365585327e-02 -3.431188464164733887e-01
1.023165881633758545e-02 -3.765531182289123535e-01
-6.050169467926025391e-04 -3.683432340621948242e-01
-1.567019522190093994e-02 -3.673235774040222168e-01
2.122336626052856445e-02 -3.800927996635437012e-01
-2.482087165117263794e-02 -3.573513627052307129e-01
-1.567527651786804199e-03 -3.766479492187500000e-01
3.024537861347198486e-02 -3.938136696815490723e-01
5.491617321968078613e-02 -4.059043526649475098e-01
8.657416701316833496e-02 -4.161675274372100830e-01
6.059506535530090332e-02 -4.035276770591735840e-01
2.474026381969451904e-02 -3.764248490333557129e-01
3.853303194046020508e-02 -3.948816061019897461e-01
6.283099949359893799e-02 -4.031854867935180664e-01
2.599182724952697754e-02 -3.889163136482238770e-01
6.543692946434020996e-02 -4.132925868034362793e-01
4.526031017303466797e-02 -4.049592018127441406e-01
1.501815021038055420e-02 -3.807022273540496826e-01
2.106344699859619141e-02 -3.836040496826171875e-01
-1.326137781143188477e-02 -3.615692257881164551e-01
-2.026844024658203125e-02 -3.493908345699310303e-01
1.852102577686309814e-03 -3.588984012603759766e-01
-1.696477830410003662e-02 -3.503784239292144775e-01
-4.144197702407836914e-02 -3.320574462413787842e-01
1.946081221103668213e-02 -3.643980026245117188e-01
-1.614352315664291382e-02 -3.483358621597290039e-01
3.139403462409973145e-02 -3.675506412982940674e-01
-3.381087630987167358e-02 -3.392343223094940186e-01
-3.457939624786376953e-02 -3.508365750312805176e-01
-2.164707332849502563e-02 -3.624541163444519043e-01
-1.276654005050659180e-02 -3.615397810935974121e-01
1.962642371654510498e-02 -3.814107477664947510e-01
2.221603691577911377e-02 -3.816382586956024170e-01
3.584347665309906006e-02 -3.862209618091583252e-01
3.647288680076599121e-02 -3.880919814109802246e-01
2.929958701133728027e-02 -3.810889422893524170e-01
5.815167725086212158e-02 -4.027015566825866699e-01
8.627682924270629883e-03 -3.762186765670776367e-01
1.870194077491760254e-02 -3.752179145812988281e-01
2.073715627193450928e-02 -3.832527995109558105e-01
6.412054598331451416e-02 -4.011591374874114990e-01
5.037839710712432861e-02 -3.976243734359741211e-01
6.405258178710937500e-02 -3.996848464012145996e-01
3.157159686088562012e-02 -3.788994848728179932e-01
3.546422719955444336e-02 -3.852617740631103516e-01
2.084413170814514160e-02 -3.768425583839416504e-01
2.644890546798706055e-02 -3.783271908760070801e-01
-5.985334515571594238e-03 -3.655860424041748047e-01
-1.238612830638885498e-02 -3.601780533790588379e-01
-3.842113167047500610e-02 -3.457808196544647217e-01
-5.196364223957061768e-02 -3.461805880069732666e-01
-5.258765816688537598e-02 -3.482680916786193848e-01
-6.031446903944015503e-02 -3.535557687282562256e-01
-9.836897999048233032e-02 -3.269353806972503662e-01
-8.390676230192184448e-02 -3.415406048297882080e-01
-9.776666760444641113e-02 -3.258349597454071045e-01
-7.177257537841796875e-02 -3.424474596977233887e-01
-2.847363799810409546e-02 -3.704555630683898926e-01
1.146416366100311279e-02 -4.055407047271728516e-01
-3.026360273361206055e-02 -3.812776803970336914e-01
-2.766035497188568115e-03 -3.923935592174530029e-01
-1.105432212352752686e-02 -3.836680352687835693e-01
5.356630682945251465e-02 -4.230460524559020996e-01
5.648261308670043945e-02 -4.309338927268981934e-01
-9.870111942291259766e-03 -3.972322344779968262e-01
-3.934458643198013306e-02 -3.726613819599151611e-01
-7.991879433393478394e-02 -3.369389474391937256e-01
-6.155345588922500610e-02 -3.393114805221557617e-01
-8.531926572322845459e-02 -3.384573459625244141e-01
-7.828923314809799194e-02 -3.384777009487152100e-01
-7.559518516063690186e-02 -3.442242145538330078e-01
-6.604224443435668945e-03 -3.791014850139617920e-01
4.841375350952148438e-02 -4.183837771415710449e-01
6.643304228782653809e-02 -4.212643504142761230e-01
8.096079528331756592e-02 -4.250499904155731201e-01
3.311023116111755371e-03 -3.854186534881591797e-01
6.881825625896453857e-03 -3.880713582038879395e-01
-8.602939546108245850e-03 -3.851836919784545898e-01
-5.810620635747909546e-02 -3.559605479240417480e-01
-2.006764709949493408e-02 -3.818161487579345703e-01
1.818084716796875000e-02 -4.059924781322479248e-01
4.962727427482604980e-03 -3.958283662796020508e-01
-7.667779922485351562e-03 -3.877661228179931641e-01
-1.680754125118255615e-02 -3.826617598533630371e-01
-5.013152956962585449e-03 -3.832589089870452881e-01
4.092647135257720947e-02 -4.202463328838348389e-01
4.064962267875671387e-04 -3.952000141143798828e-01
-8.653208613395690918e-03 -3.929320573806762695e-01
-7.334481924772262573e-02 -3.485698103904724121e-01
-8.486343175172805786e-02 -3.454139232635498047e-01
-7.401373982429504395e-02 -3.581196665763854980e-01
-7.778483629226684570e-02 -3.556154072284698486e-01
-5.234459042549133301e-02 -3.613172173500061035e-01
-3.760159760713577271e-02 -3.747869729995727539e-01
-5.850821360945701599e-02 -3.659708499908447266e-01
-4.125533998012542725e-02 -3.818554282188415527e-01
-1.078292727470397949e-03 -4.043384790420532227e-01
7.991653680801391602e-02 -4.475443661212921143e-01
8.909803628921508789e-02 -4.540631771087646484e-01
9.728893637657165527e-02 -4.554966688156127930e-01
7.377132773399353027e-02 -4.563598632812500000e-01
5.594260990619659424e-03 -4.176229238510131836e-01
3.235191106796264648e-03 -4.163828492164611816e-01
1.161326467990875244e-02 -4.205117523670196533e-01
1.143306493759155273e-02 -4.138810336589813232e-01
7.271200418472290039e-03 -4.136034846305847168e-01
1.303613185882568359e-02 -4.158028960227966309e-01
5.621030926704406738e-02 -4.368116855621337891e-01
6.467325985431671143e-02 -4.494245052337646484e-01
6.412220001220703125e-02 -4.386705458164215088e-01
6.488017737865447998e-02 -4.231223464012145996e-01
1.232771575450897217e-02 -3.949345946311950684e-01
8.292123675346374512e-02 -4.433687329292297363e-01
3.421694040298461914e-03 -3.953185081481933594e-01
-4.493491351604461670e-02 -3.764277696609497070e-01
-2.601601183414459229e-03 -3.973652422428131104e-01
-1.204061508178710938e-02 -3.849907219409942627e-01
-2.097697556018829346e-02 -3.887559175491333008e-01
-2.632238715887069702e-02 -3.856118619441986084e-01
-4.332773387432098389e-02 -3.710226714611053467e-01
-1.565228402614593506e-02 -3.878982961177825928e-01
3.177590668201446533e-02 -4.075430035591125488e-01
4.343973100185394287e-02 -4.126630425453186035e-01
9.195752441883087158e-02 -4.338175356388092041e-01
9.365527331829071045e-02 -4.416560828685760498e-01
2.518081665039062500e-02 -4.074892103672027588e-01
9.774178266525268555e-03 -4.033330082893371582e-01
-6.759218871593475342e-03 -3.897002339363098145e-01
-3.250776231288909912e-02 -3.787669837474822998e-01
-4.011018574237823486e-02 -3.721619844436645508e-01
-6.259666383266448975e-02 -3.562658131122589111e-01
-5.680259317159652710e-02 -3.684771060943603516e-01
-3.277535736560821533e-02 -3.783460855484008789e-01
-4.453924298286437988e-02 -3.787665665149688721e-01
-5.158819258213043213e-03 -4.000663757324218750e-01
-2.975278347730636597e-02 -3.897121846675872803e-01
-5.238900333642959595e-02 -3.749991655349731445e-01
2.283951640129089355e-02 -4.082285165786743164e-01
3.796368837356567383e-02 -4.176251292228698730e-01
2.069972455501556396e-02 -4.083735346794128418e-01
-2.982000261545181274e-02 -3.786818981170654297e-01
-5.669419094920158386e-02 -3.584111928939819336e-01
-3.239765018224716187e-02 -3.745681941509246826e-01
-2.185359597206115723e-02 -3.653268814086914062e-01
-2.857804298400878906e-02 -3.640249669551849365e-01
-5.895027890801429749e-02 -3.525720238685607910e-01
-4.175693541765213013e-02 -3.598493635654449463e-01
-1.391090452671051025e-03 -3.884612321853637695e-01
2.195525169372558594e-02 -3.982531726360321045e-01
1.641705632209777832e-02 -3.806856274604797363e-01
4.999637603759765625e-02 -4.031139910221099854e-01
1.352290809154510498e-02 -3.829420208930969238e-01
-3.528155386447906494e-02 -3.670245110988616943e-01
-7.318139076232910156e-03 -3.833456039428710938e-01
-7.879036664962768555e-02 -3.360003232955932617e-01
-5.585214495658874512e-02 -3.516296446323394775e-01
-5.952922254800796509e-02 -3.512611687183380127e-01
-4.456513375043869019e-02 -3.599941432476043701e-01
-4.589773714542388916e-02 -3.582006692886352539e-01
-2.795056998729705811e-02 -3.716167807579040527e-01
-2.698011696338653564e-02 -3.623058795928955078e-01
6.273858249187469482e-03 -3.917880952358245850e-01
-9.629718959331512451e-03 -3.712719976902008057e-01
3.680567443370819092e-02 -3.919878602027893066e-01
1.805216073989868164e-02 -3.754089772701263428e-01
4.099959135055541992e-02 -3.959915339946746826e-01
-2.345705777406692505e-02 -3.550882041454315186e-01
8.776679635047912598e-03 -3.899386823177337646e-01
-2.590790390968322754e-04 -3.792855143547058105e-01
-1.499898731708526611e-03 -3.761813044548034668e-01
2.046853303909301758e-03 -3.760994076728820801e-01
-3.487467765808105469e-04 -3.669108152389526367e-01
1.082777976989746094e-03 -3.765712082386016846e-01
4.020042717456817627e-03 -3.693085014820098877e-01
1.860351860523223877e-02 -3.842040896415710449e-01
3.666262328624725342e-02 -3.989674448966979980e-01
5.121473968029022217e-02 -4.061191082000732422e-01
6.987148523330688477e-02 -4.188325405120849609e-01
7.415290176868438721e-02 -4.199736118316650391e-01
7.833223044872283936e-02 -4.243051409721374512e-01
7.309010624885559082e-02 -4.150158166885375977e-01
5.613577365875244141e-02 -4.038362801074981689e-01
4.314287006855010986e-02 -4.009819924831390381e-01
3.423121571540832520e-02 -3.910160660743713379e-01
-1.016132533550262451e-03 -3.686252534389495850e-01
-1.082728803157806396e-02 -3.532592356204986572e-01
-4.896657168865203857e-02 -3.313105404376983643e-01
-4.643584042787551880e-02 -3.437109589576721191e-01
-3.978476673364639282e-02 -3.345870077610015869e-01
-4.264233261346817017e-02 -3.324643671512603760e-01
-2.338300645351409912e-02 -3.450882136821746826e-01
6.052762269973754883e-03 -3.525605797767639160e-01
-2.497753500938415527e-02 -3.333057165145874023e-01
-1.297223567962646484e-02 -3.321780860424041748e-01
3.738053143024444580e-02 -3.677760064601898193e-01
-3.698267787694931030e-02 -3.353371024131774902e-01
-1.282141357660293579e-02 -3.506523668766021729e-01
-1.940251141786575317e-02 -3.450747132301330566e-01
-1.326402276754379272e-02 -3.527622818946838379e-01
5.635336041450500488e-03 -3.589192926883697510e-01
-5.619481205940246582e-03 -3.442957997322082520e-01
6.159409880638122559e-03 -3.407438099384307861e-01
-7.321015000343322754e-04 -3.336377441883087158e-01
-2.166819572448730469e-02 -3.126958310604095459e-01
-8.294880390167236328e-03 -3.157036006450653076e-01
-1.120672374963760376e-02 -3.141976296901702881e-01
-2.378642559051513672e-02 -3.068121373653411865e-01
-1.655030250549316406e-02 -3.097550868988037109e-01
-1.813081651926040649e-02 -3.141966462135314941e-01
-3.643722087144851685e-02 -3.047494888305664062e-01
-3.259436786174774170e-02 -3.049007058143615723e-01
-2.373655140399932861e-02 -3.153547644615173340e-01
-2.425073832273483276e-02 -3.146190047264099121e-01
-4.503402858972549438e-02 -3.109484314918518066e-01
2.845625579357147217e-02 -3.536231219768524170e-01
-2.672356367111206055e-02 -3.289442956447601318e-01
5.174925923347473145e-02 -3.795382082462310791e-01
-1.870535314083099365e-03 -3.436897397041320801e-01
-1.131998747587203979e-02 -3.590930402278900146e-01
7.818505167961120605e-03 -3.662019073963165283e-01
2.350591123104095459e-02 -3.667334318161010742e-01
1.101703643798828125e-01 -4.259001612663269043e-01
6.427195668220520020e-02 -4.084010422229766846e-01
2.721026539802551270e-02 -3.852773606777191162e-01
9.557306766510009766e-03 -3.761019706726074219e-01
-2.461665868759155273e-02 -3.589662611484527588e-01
-4.665927588939666748e-02 -3.502253293991088867e-01
-5.138869583606719971e-02 -3.521038591861724854e-01
-6.839366257190704346e-02 -3.375452458858489990e-01
-7.413545250892639160e-02 -3.378299474716186523e-01
-7.800807058811187744e-02 -3.239431679248809814e-01
-1.057988628745079041e-01 -3.092324137687683105e-01
-8.431072533130645752e-02 -3.158858418464660645e-01
-3.995838761329650879e-02 -3.562631309032440186e-01
-8.688275516033172607e-02 -3.236851096153259277e-01
-8.154234290122985840e-02 -3.370521366596221924e-01
-1.153348088264465332e-01 -3.244230151176452637e-01
-1.058413237333297729e-01 -3.187349438667297363e-01
-1.103105098009109497e-01 -3.224744498729705811e-01
-8.378642052412033081e-02 -3.305015563964843750e-01
-9.482479095458984375e-02 -3.238456249237060547e-01
-1.026185899972915649e-01 -3.143208622932434082e-01
-1.441450119018554688e-01 -2.892106771469116211e-01
-1.154261231422424316e-01 -3.061434924602508545e-01
-1.270145177841186523e-01 -2.992443144321441650e-01
-8.283028751611709595e-02 -3.275524079799652100e-01
-1.043895035982131958e-01 -3.147311806678771973e-01
-7.506628334522247314e-02 -3.308744430541992188e-01
-7.281782478094100952e-02 -3.299786448478698730e-01
-6.781651079654693604e-02 -3.381287753582000732e-01
-1.105198413133621216e-01 -3.204254209995269775e-01
-7.115183770656585693e-02 -3.518538475036621094e-01
-6.669420748949050903e-02 -3.506537377834320068e-01
-9.844179451465606689e-02 -3.300384581089019775e-01
-1.029724478721618652e-01 -3.192355334758758545e-01
-7.223157584667205811e-02 -3.449460268020629883e-01
-6.896264851093292236e-02 -3.445411622524261475e-01
-2.866894006729125977e-02 -3.631804883480072021e-01
-7.025425136089324951e-02 -3.316050171852111816e-01
-8.515911549329757690e-02 -3.376993238925933838e-01
-8.761531114578247070e-02 -3.335840404033660889e-01
-1.060192734003067017e-01 -3.277537524700164795e-01
-1.151169985532760620e-01 -3.273523151874542236e-01
-1.213091760873794556e-01 -3.264783024787902832e-01
-1.176233440637588501e-01 -3.275426626205444336e-01
-1.335382163524627686e-01 -3.257177472114562988e-01
-1.300637871026992798e-01 -3.218839466571807861e-01
-1.386994570493698120e-01 -3.208394646644592285e-01
-1.652457416057586670e-01 -3.076215088367462158e-01
-1.524558961391448975e-01 -3.049862980842590332e-01
-1.376482397317886353e-01 -3.121505081653594971e-01
-1.539750099182128906e-01 -3.007598817348480225e-01
-1.441844403743743896e-01 -3.054371178150177002e-01
-1.079015731811523438e-01 -3.254538774490356445e-01
-9.570798277854919434e-02 -3.299170732498168945e-01
-1.084954887628555298e-01 -3.194746375083923340e-01
-1.404478996992111206e-01 -3.058460652828216553e-01
-1.591512858867645264e-01 -2.882880866527557373e-01
-1.500280499458312988e-01 -2.860097587108612061e-01
-1.589989066123962402e-01 -2.829145789146423340e-01
-1.864282935857772827e-01 -2.628809213638305664e-01
-1.055041402578353882e-01 -2.992899715900421143e-01
-1.092610061168670654e-01 -2.718074321746826172e-01
-9.670561552047729492e-02 -2.952180504798889160e-01
-7.650533318519592285e-02 -3.090682029724121094e-01
-7.094333320856094360e-02 -3.301216065883636475e-01
-9.063141047954559326e-02 -3.152700662612915039e-01
-5.552262812852859497e-02 -3.457157909870147705e-01
-8.849735558032989502e-02 -3.372306227684020996e-01
-1.191149801015853882e-01 -3.214060962200164795e-01
-1.187042668461799622e-01 -3.234528005123138428e-01
-1.385010629892349243e-01 -3.106733858585357666e-01
-1.533221900463104248e-01 -3.077973127365112305e-01
-1.693283021450042725e-01 -2.996279895305633545e-01
-1.778606772422790527e-01 -2.921774089336395264e-01
-1.626113057136535645e-01 -3.085609674453735352e-01
-2.124995738267898560e-01 -2.650125026702880859e-01
-2.155159711837768555e-01 -2.647208869457244873e-01
-1.758587062358856201e-01 -2.854179441928863525e-01
-1.833640336990356445e-01 -2.885696291923522949e-01
-2.005197554826736450e-01 -2.670361995697021484e-01
-2.172913551330566406e-01 -2.657153606414794922e-01
-2.035388499498367310e-01 -2.757088541984558105e-01
-1.799575537443161011e-01 -2.792513966560363770e-01
-1.342643499374389648e-01 -3.155758678913116455e-01
-1.607585549354553223e-01 -2.821364998817443848e-01
-1.715242713689804077e-01 -2.673090696334838867e-01
-1.922477483749389648e-01 -2.437703013420104980e-01
-1.930156946182250977e-01 -2.515503168106079102e-01
-1.924720108509063721e-01 -2.549727857112884521e-01
-1.075400114059448242e-01 -2.940181195735931396e-01
-7.868862897157669067e-02 -3.100167214870452881e-01
-9.474358707666397095e-02 -3.046599626541137695e-01
-6.515683978796005249e-02 -3.292621672153472900e-01
-3.492862731218338013e-02 -3.337646722793579102e-01
-4.794853925704956055e-02 -3.394857943058013916e-01
-4.954475909471511841e-02 -3.386328816413879395e-01
-5.361346900463104248e-02 -3.324254751205444336e-01
-5.900152772665023804e-02 -3.244678676128387451e-01
-4.918979108333587646e-02 -3.336112201213836670e-01
-6.431934237480163574e-02 -3.230083286762237549e-01
1.169754564762115479e-02 -3.661450147628784180e-01
3.015527129173278809e-02 -3.735347092151641846e-01
-4.579424858093261719e-04 -3.636890649795532227e-01
2.139842510223388672e-02 -3.623594343662261963e-01
5.252195894718170166e-02 -3.767260909080505371e-01
2.398939430713653564e-02 -3.631419241428375244e-01
1.714695990085601807e-02 -3.569614589214324951e-01
1.950591802597045898e-02 -3.559676408767700195e-01
-4.591353237628936768e-03 -3.421106040477752686e-01
-1.146685332059860229e-02 -3.410282135009765625e-01
-5.190543085336685181e-02 -3.211359381675720215e-01
-3.078714013099670410e-03 -3.597840070724487305e-01
-6.565879285335540771e-02 -3.219842314720153809e-01
-4.549998790025711060e-02 -3.366512358188629150e-01
-4.041311144828796387e-02 -3.277589678764343262e-01
-8.483754098415374756e-02 -3.118195235729217529e-01
-7.938294112682342529e-02 -3.041306734085083008e-01
-2.243896573781967163e-02 -3.428549170494079590e-01
-9.972281008958816528e-02 -2.924487590789794922e-01
-8.018651604652404785e-02 -2.948074638843536377e-01
-9.713639318943023682e-02 -2.914930880069732666e-01
-8.129838109016418457e-02 -3.071628808975219727e-01
-7.831861078739166260e-02 -3.196962475776672363e-01
-3.501059114933013916e-02 -3.426289558410644531e-01
-4.271266609430313110e-02 -3.467223644256591797e-01
-8.295483887195587158e-02 -3.081264197826385498e-01
-1.091650649905204773e-01 -2.942437231540679932e-01
-7.628230750560760498e-02 -3.099082708358764648e-01
-6.362028419971466064e-02 -3.166303038597106934e-01
-5.211240798234939575e-02 -3.239051401615142822e-01
-1.893419772386550903e-02 -3.376105725765228271e-01
-5.320820957422256470e-02 -3.202478885650634766e-01
-5.063548684120178223e-03 -3.531294465065002441e-01
-1.615748554468154907e-02 -3.363900482654571533e-01
-1.285389810800552368e-02 -3.440555334091186523e-01
-4.157359153032302856e-02 -3.296106755733489990e-01
-3.595341742038726807e-02 -3.268640041351318359e-01
-4.766619205474853516e-02 -3.260240256786346436e-01
-4.142711311578750610e-02 -3.292807936668395996e-01
-2.741474658250808716e-02 -3.409158289432525635e-01
-2.491351217031478882e-02 -3.416814506053924561e-01
-1.873827725648880005e-02 -3.435357213020324707e-01
-2.360952645540237427e-02 -3.436010181903839111e-01
-2.182585000991821289e-02 -3.385328650474548340e-01
1.275908946990966797e-02 -3.739460706710815430e-01
4.575660824775695801e-02 -3.869197368621826172e-01
-2.092199772596359253e-02 -3.373218476772308350e-01
3.937281668186187744e-03 -3.568894565105438232e-01
-2.264440059661865234e-03 -3.500627577304840088e-01
2.761021256446838379e-02 -3.784401416778564453e-01
4.031577706336975098e-02 -3.860372900962829590e-01
7.873739302158355713e-02 -4.214659929275512695e-01
5.847367644309997559e-02 -4.028126001358032227e-01
3.292500972747802734e-02 -3.831306695938110352e-01
5.405530333518981934e-03 -3.635424375534057617e-01
-5.788870155811309814e-03 -3.483425974845886230e-01
1.563192903995513916e-02 -3.617187440395355225e-01
2.361735701560974121e-02 -3.643674552440643311e-01
-8.421778678894042969e-03 -3.513945937156677246e-01
-6.187409162521362305e-04 -3.595649302005767822e-01
1.406073570251464844e-03 -3.585193753242492676e-01
3.474131226539611816e-02 -3.861469924449920654e-01
1.205927133560180664e-02 -3.642526865005493164e-01
-1.373790949583053589e-02 -3.526809215545654297e-01
-1.230819523334503174e-02 -3.531138598918914795e-01
-1.030899584293365479e-03 -3.578712344169616699e-01
1.066698133945465088e-02 -3.723250627517700195e-01
2.614314854145050049e-02 -3.739873468875885010e-01
3.882908821105957031e-02 -3.746517002582550049e-01
4.035244882106781006e-02 -3.705416023731231689e-01
-9.567841887474060059e-03 -3.430918753147125244e-01
2.722501754760742188e-03 -3.483337163925170898e-01
-2.278113365173339844e-02 -3.157358169555664062e-01
-4.837498068809509277e-03 -3.305684030055999756e-01
-2.340296655893325806e-02 -3.152600526809692383e-01
-3.181060403585433960e-02 -3.107690513134002686e-01
-1.756402850151062012e-02 -3.184737265110015869e-01
-6.718382239341735840e-03 -3.313053548336029053e-01
-2.141398191452026367e-02 -3.207428455352783203e-01
1.719288527965545654e-02 -3.438822329044342041e-01
5.109615623950958252e-02 -3.637081086635589600e-01
5.549809336662292480e-02 -3.742609918117523193e-01
2.191881835460662842e-02 -3.478884696960449219e-01
-1.437100023031234741e-02 -3.343615531921386719e-01
-2.716418355703353882e-02 -3.318490087985992432e-01
-3.328567743301391602e-02 -3.331862092018127441e-01
-5.807439610362052917e-02 -3.095447123050689697e-01
-9.166125953197479248e-02 -2.904972136020660400e-01
-1.414662152528762817e-01 -2.721649408340454102e-01
-1.890729963779449463e-01 -2.410435676574707031e-01
-2.010556161403656006e-01 -2.339255213737487793e-01
-1.825094670057296753e-01 -2.397461533546447754e-01
-2.006010115146636963e-01 -2.342303097248077393e-01
-2.027125656604766846e-01 -2.399185150861740112e-01
-1.740063130855560303e-01 -2.533909678459167480e-01
-1.562920659780502319e-01 -2.588471770286560059e-01
-1.831030100584030151e-01 -2.426829636096954346e-01
-1.735124588012695312e-01 -2.472634911537170410e-01
-1.657385528087615967e-01 -2.584123015403747559e-01
-1.080118119716644287e-01 -2.872749865055084229e-01
-7.805527746677398682e-02 -3.032596707344055176e-01
-6.041794642806053162e-02 -3.139442503452301025e-01
-5.048107355833053589e-02 -3.236704170703887939e-01
-5.636410415172576904e-02 -3.192020356655120850e-01
-4.796192049980163574e-02 -3.272193372249603271e-01
-8.779203146696090698e-02 -3.064717054367065430e-01
-6.034768000245094299e-02 -3.207122385501861572e-01
-9.845080971717834473e-02 -3.021423518657684326e-01
-1.120245754718780518e-01 -2.923069894313812256e-01
-7.948721200227737427e-02 -3.135995268821716309e-01
-3.670104593038558960e-02 -3.422593474388122559e-01
-6.100841611623764038e-02 -3.246891796588897705e-01
-3.803522884845733643e-02 -3.358344733715057373e-01
-5.432584881782531738e-02 -3.180857598781585693e-01
-3.018111735582351685e-02 -3.305701911449432373e-01
-8.408425003290176392e-02 -2.903620302677154541e-01
-7.858032733201980591e-02 -3.032227456569671631e-01
-1.130236536264419556e-01 -2.802589237689971924e-01
-1.175676211714744568e-01 -2.713843286037445068e-01
-1.343169510364532471e-01 -2.617151737213134766e-01
-1.423427611589431763e-01 -2.562918663024902344e-01
-1.588702201843261719e-01 -2.484888732433319092e-01
-1.657760292291641235e-01 -2.482223808765411377e-01
-1.709991693496704102e-01 -2.448100447654724121e-01
-1.830259561538696289e-01 -2.407150417566299438e-01
-2.047100663185119629e-01 -2.247779667377471924e-01
-1.969730108976364136e-01 -2.352246344089508057e-01
-2.001418769359588623e-01 -2.331842631101608276e-01
-2.118720859289169312e-01 -2.261637002229690552e-01
-2.295841276645660400e-01 -2.116183042526245117e-01
-2.194140255451202393e-01 -2.165777087211608887e-01
-2.318952977657318115e-01 -2.131143510341644287e-01
-1.995647847652435303e-01 -2.356984317302703857e-01
-2.007454782724380493e-01 -2.296190261840820312e-01
-2.190581262111663818e-01 -2.137085199356079102e-01
-2.010410726070404053e-01 -2.236001491546630859e-01
-1.909036636352539062e-01 -2.333576381206512451e-01
-1.684978008270263672e-01 -2.416399121284484863e-01
-1.838172227144241333e-01 -2.331057488918304443e-01
-1.363840103149414062e-01 -2.518121004104614258e-01
-1.417652368545532227e-01 -2.531206905841827393e-01
-1.711520552635192871e-01 -2.267135083675384521e-01
-1.720062196254730225e-01 -2.286907732486724854e-01
-1.851065456867218018e-01 -2.241138219833374023e-01
-1.921797692775726318e-01 -2.170701622962951660e-01
-2.075265496969223022e-01 -2.082055807113647461e-01
-1.998122930526733398e-01 -2.082572281360626221e-01
-2.078270912170410156e-01 -2.123215794563293457e-01
-1.696307659149169922e-01 -2.402164936065673828e-01
-1.916429400444030762e-01 -2.193058580160140991e-01
-1.519745886325836182e-01 -2.409454584121704102e-01
-1.235126778483390808e-01 -2.552982866764068604e-01
-1.632741987705230713e-01 -2.504617869853973389e-01
-1.839893013238906860e-01 -2.355654835700988770e-01
-1.735778152942657471e-01 -2.433760166168212891e-01
-1.434188038110733032e-01 -2.592067122459411621e-01
-1.647523045539855957e-01 -2.466675043106079102e-01
-1.304891705513000488e-01 -2.621265649795532227e-01
-1.725420653820037842e-01 -2.467563748359680176e-01
-7.986721396446228027e-02 -3.049009442329406738e-01
-5.087360739707946777e-02 -3.318657577037811279e-01
-7.608847320079803467e-02 -3.201916813850402832e-01
-6.928803771734237671e-02 -3.200832605361938477e-01
-9.224935621023178101e-02 -3.002014458179473877e-01
-1.044475510716438293e-01 -2.984991073608398438e-01
-5.619210749864578247e-02 -3.267317712306976318e-01
-2.899451553821563721e-02 -3.382995426654815674e-01
-5.076956748962402344e-02 -3.118079602718353271e-01
-3.674409538507461548e-02 -3.218820989131927490e-01
-1.769199222326278687e-02 -3.346503674983978271e-01
-8.209390193223953247e-02 -2.977332472801208496e-01
-3.718455135822296143e-02 -3.225755095481872559e-01
-3.900733590126037598e-02 -3.117985427379608154e-01
-2.333370596170425415e-02 -3.211818039417266846e-01
-4.171191155910491943e-02 -3.137393891811370850e-01
-4.769834876060485840e-02 -3.060878515243530273e-01
-6.219164654612541199e-02 -3.070627748966217041e-01
-8.064503967761993408e-02 -2.950336635112762451e-01
-7.326566427946090698e-02 -2.979604303836822510e-01
-1.049601063132286072e-01 -2.661134898662567139e-01
-1.302066445350646973e-01 -2.433637678623199463e-01
-1.518197059631347656e-01 -2.269449532032012939e-01
-1.810743063688278198e-01 -2.136089801788330078e-01
-1.625815033912658691e-01 -2.198585271835327148e-01
-1.112261936068534851e-01 -2.600817680358886719e-01
-1.403511017560958862e-01 -2.383409738540649414e-01
-1.308046579360961914e-01 -2.472352385520935059e-01
-1.251122802495956421e-01 -2.594434916973114014e-01
-1.305814385414123535e-01 -2.639001905918121338e-01
-1.288158893585205078e-01 -2.578416764736175537e-01
-9.718283265829086304e-02 -2.700325846672058105e-01
-9.698570519685745239e-02 -2.863376140594482422e-01
-1.478300541639328003e-01 -2.459338903427124023e-01
-9.813139587640762329e-02 -2.777536511421203613e-01
-8.506847918033599854e-02 -2.878302335739135742e-01
-5.483563989400863647e-02 -3.106762468814849854e-01
-3.516373783349990845e-02 -3.148431479930877686e-01
-6.455113738775253296e-02 -3.113282024860382080e-01
-8.264512568712234497e-02 -2.996591329574584961e-01
-6.951954960823059082e-02 -3.050213754177093506e-01
-5.571554973721504211e-02 -3.176474869251251221e-01
-4.755092412233352661e-02 -3.196758925914764404e-01
-6.679867208003997803e-02 -3.118058145046234131e-01
-6.161873415112495422e-02 -3.129909634590148926e-01
-8.853971958160400391e-02 -2.914443612098693848e-01
-5.088160187005996704e-02 -3.175710737705230713e-01
-2.606868743896484375e-03 -3.405599594116210938e-01
-2.024229615926742554e-02 -3.221570849418640137e-01
-4.681768268346786499e-02 -3.182380795478820801e-01
-6.500464677810668945e-02 -3.120389580726623535e-01
-7.294076681137084961e-02 -2.955580353736877441e-01
-8.917838335037231445e-02 -2.829985022544860840e-01
-5.706045404076576233e-02 -3.099947869777679443e-01
-2.506358176469802856e-02 -3.219554722309112549e-01
-2.913723140954971313e-02 -3.319922983646392822e-01
-2.470497041940689087e-02 -3.268079459667205811e-01
-4.843751341104507446e-02 -3.145018517971038818e-01
-5.326566845178604126e-02 -3.061504662036895752e-01
-4.019779711961746216e-02 -3.155415058135986328e-01
-3.713975101709365845e-02 -3.312249183654785156e-01
-2.942033112049102783e-02 -3.251543641090393066e-01
-1.371259987354278564e-02 -3.546107411384582520e-01
-5.715543031692504883e-02 -3.207591474056243896e-01
-5.323705077171325684e-02 -3.304905891418457031e-01
-5.072133988142013550e-02 -3.300614655017852783e-01
-4.752905666828155518e-02 -3.295556306838989258e-01
-8.333542943000793457e-02 -3.045932054519653320e-01
-5.466739088296890259e-02 -3.247021436691284180e-01
-6.349387764930725098e-02 -3.206930756568908691e-01
-8.295574784278869629e-02 -2.970286309719085693e-01
-8.074684441089630127e-02 -2.877863943576812744e-01
-8.866208791732788086e-02 -2.850452661514282227e-01
-7.458556443452835083e-02 -2.870632410049438477e-01
-8.728957176208496094e-02 -2.851783633232116699e-01
-1.403845250606536865e-01 -2.563555836677551270e-01
-1.650253534317016602e-01 -2.219407856464385986e-01
-1.361030638217926025e-01 -2.497640848159790039e-01
-1.116249263286590576e-01 -2.714294493198394775e-01
-1.285772174596786499e-01 -2.670594751834869385e-01
-1.253605484962463379e-01 -2.679071128368377686e-01
-1.228910088539123535e-01 -2.710048258304595947e-01
-9.351921081542968750e-02 -2.836969494819641113e-01
