2.345387637615203857e-02 1.182209476828575134e-01
2.331955730915069580e-02 1.053566113114356995e-01
1.587290689349174500e-02 9.556672722101211548e-02
2.303791046142578125e-02 1.180727034807205200e-01
2.753585577011108398e-02 1.123807802796363831e-01
2.896214276552200317e-02 9.753977507352828979e-02
2.893848344683647156e-02 1.106873154640197754e-01
2.928148582577705383e-02 1.158608347177505493e-01
3.309904783964157104e-02 9.944883733987808228e-02
2.702480554580688477e-02 9.896375238895416260e-02
2.726898714900016785e-02 9.351076930761337280e-02
1.818960532546043396e-02 7.784423232078552246e-02
2.485533431172370911e-02 9.922380000352859497e-02
2.730859071016311646e-02 1.137994900345802307e-01
1.612657308578491211e-02 8.441194146871566772e-02
1.441878080368041992e-02 8.451700955629348755e-02
1.785495877265930176e-02 7.366845756769180298e-02
1.894712448120117188e-02 8.410796523094177246e-02
2.664915472269058228e-02 8.767902106046676636e-02
3.499308973550796509e-02 1.065040081739425659e-01
2.222380787134170532e-02 8.914555609226226807e-02
2.223646640777587891e-02 7.734935730695724487e-02
2.979691512882709503e-02 8.805366605520248413e-02
2.223519980907440186e-02 6.389932334423065186e-02
3.776420652866363525e-02 8.798997104167938232e-02
3.607383370399475098e-02 9.957555681467056274e-02
2.267473191022872925e-02 8.926262706518173218e-02
2.537748217582702637e-02 9.352997690439224243e-02
2.523879706859588623e-02 9.615129977464675903e-02
2.772594243288040161e-02 1.019818931818008423e-01
2.625307813286781311e-02 9.582496434450149536e-02
2.720986679196357727e-02 1.059309467673301697e-01
2.513992041349411011e-02 1.072416380047798157e-01
1.914553344249725342e-02 8.529264479875564575e-02
2.450452372431755066e-02 1.055419370532035828e-01
2.259829640388488770e-02 9.513030946254730225e-02
2.918357215821743011e-02 1.054405570030212402e-01
2.864103764295578003e-02 1.081331595778465271e-01
2.942442521452903748e-02 1.198555752635002136e-01
2.564066648483276367e-02 1.076289340853691101e-01
2.435746788978576660e-02 9.880740940570831299e-02
3.043012693524360657e-02 1.126774773001670837e-01
1.778186857700347900e-02 9.859750419855117798e-02
2.131956070661544800e-02 1.138711348176002502e-01
2.064711600542068481e-02 1.136128380894660950e-01
2.318890765309333801e-02 1.106014028191566467e-01
2.265433222055435181e-02 1.097043231129646301e-01
1.646789908409118652e-02 1.017913520336151123e-01
1.984231173992156982e-02 1.030045822262763977e-01
1.586405187845230103e-02 1.007257625460624695e-01
2.511033788323402405e-02 1.000327691435813904e-01
2.736456692218780518e-02 1.020706966519355774e-01
2.631498128175735474e-02 1.095791384577751160e-01
2.123786509037017822e-02 9.180159121751785278e-02
2.440493926405906677e-02 1.124728620052337646e-01
2.480240166187286377e-02 1.054050475358963013e-01
2.801122888922691345e-02 1.039191707968711853e-01
2.393131703138351440e-02 9.279060363769531250e-02
2.476411685347557068e-02 9.704730659723281860e-02
2.813147008419036865e-02 9.969901293516159058e-02
2.496060729026794434e-02 1.007233485579490662e-01
2.262519672513008118e-02 9.980484098196029663e-02
2.108345553278923035e-02 9.531460702419281006e-02
2.364381775259971619e-02 1.048369929194450378e-01
1.896737143397331238e-02 9.081294387578964233e-02
2.042531967163085938e-02 1.025215238332748413e-01
2.255435287952423096e-02 1.024701520800590515e-01
2.229998633265495300e-02 1.015509888529777527e-01
2.606729418039321899e-02 9.418148547410964966e-02
2.407865598797798157e-02 8.795077353715896606e-02
2.354229986667633057e-02 1.020363345742225647e-01
2.255576848983764648e-02 9.529712051153182983e-02
2.226578816771507263e-02 9.228862076997756958e-02
2.795243263244628906e-02 1.088396012783050537e-01
1.829773187637329102e-02 9.626861661672592163e-02
2.415245771408081055e-02 9.835898876190185547e-02
2.232861891388893127e-02 9.618713706731796265e-02
2.351249754428863525e-02 1.008450537919998169e-01
2.414074540138244629e-02 9.802758693695068359e-02
2.655597031116485596e-02 9.825872629880905151e-02
3.566724061965942383e-02 1.264721751213073730e-01
3.523011133074760437e-02 1.265529990196228027e-01
4.368355125188827515e-02 1.182101070880889893e-01
2.891252934932708740e-02 1.029018461704254150e-01
3.731844946742057800e-02 1.115517988801002502e-01
2.511608600616455078e-02 9.740216284990310669e-02
2.466838806867599487e-02 9.211527556180953979e-02
4.061467573046684265e-02 1.207890808582305908e-01
3.191353380680084229e-02 1.002048179507255554e-01
3.570514172315597534e-02 9.467593580484390259e-02
4.674285650253295898e-02 1.306659132242202759e-01
3.991854935884475708e-02 1.297798454761505127e-01
3.686078637838363647e-02 1.291293948888778687e-01
3.534253686666488647e-02 1.371162235736846924e-01
7.910914719104766846e-03 9.988500922918319702e-02
3.358064591884613037e-02 9.276758879423141479e-02
2.874428033828735352e-02 9.241902083158493042e-02
1.361805200576782227e-02 7.237876951694488525e-02
2.892339974641799927e-02 9.109421074390411377e-02
4.118987917900085449e-02 1.361121386289596558e-01
1.943564414978027344e-02 1.434633880853652954e-01
9.733941406011581421e-03 1.263892799615859985e-01
3.024364449083805084e-02 1.827815622091293335e-01
4.681416973471641541e-02 1.406753212213516235e-01
3.144853562116622925e-02 1.123831644654273987e-01
3.137924522161483765e-02 1.156526431441307068e-01
3.168827295303344727e-02 1.257423758506774902e-01
2.935294993221759796e-02 1.120212152600288391e-01
3.014368005096912384e-02 1.252838224172592163e-01
2.433361858129501343e-02 1.060710474848747253e-01
1.441922411322593689e-02 1.051300838589668274e-01
3.288241475820541382e-02 1.172902062535285950e-01
1.948270946741104126e-02 1.096201911568641663e-01
2.362246066331863403e-02 1.185923218727111816e-01
2.436489611864089966e-02 9.836799651384353638e-02
2.625386416912078857e-02 1.096211299300193787e-01
3.944682329893112183e-02 1.296775043010711670e-01
3.526118025183677673e-02 1.176490113139152527e-01
3.604967892169952393e-02 1.132594794034957886e-01
1.789401099085807800e-02 9.594934433698654175e-02
1.897245645523071289e-02 1.025984734296798706e-01
2.248375862836837769e-02 1.097392439842224121e-01
2.623166143894195557e-02 1.010811552405357361e-01
2.377241849899291992e-02 1.101530864834785461e-01
2.945782057940959930e-02 1.072014942765235901e-01
2.961163595318794250e-02 1.216141358017921448e-01
2.740027010440826416e-02 1.120607405900955200e-01
2.532005310058593750e-02 1.165471896529197693e-01
2.768988907337188721e-02 1.180092021822929382e-01
3.339221701025962830e-02 1.279694437980651855e-01
3.212729096412658691e-02 1.265930384397506714e-01
2.782611176371574402e-02 1.188551858067512512e-01
2.662479877471923828e-02 1.075915768742561340e-01
2.108066156506538391e-02 9.962946921586990356e-02
2.794754505157470703e-02 1.192252486944198608e-01
2.333106100559234619e-02 1.143885329365730286e-01
2.376129850745201111e-02 1.179497092962265015e-01
2.472510933876037598e-02 1.148473545908927917e-01
2.080259844660758972e-02 1.168873533606529236e-01
2.437972277402877808e-02 1.192321702837944031e-01
2.302639186382293701e-02 1.188239753246307373e-01
2.087686210870742798e-02 1.190607175230979919e-01
2.578042447566986084e-02 1.194806545972824097e-01
2.342709153890609741e-02 1.175637766718864441e-01
2.876062318682670593e-02 1.194685846567153931e-01
2.596881985664367676e-02 1.157019212841987610e-01
2.610400319099426270e-02 1.174730435013771057e-01
2.430528402328491211e-02 1.144243329763412476e-01
2.607645839452743530e-02 1.179898381233215332e-01
2.957493439316749573e-02 1.239710077643394470e-01
2.907937951385974884e-02 1.307599991559982300e-01
2.667806670069694519e-02 1.275004595518112183e-01
3.147443383932113647e-02 1.335075497627258301e-01
3.292152285575866699e-02 1.423776894807815552e-01
2.654211223125457764e-02 1.321700364351272583e-01
2.721270918846130371e-02 1.383565962314605713e-01
2.624224126338958740e-02 1.259886920452117920e-01
2.490259706974029541e-02 1.252048313617706299e-01
2.832157164812088013e-02 1.313219815492630005e-01
2.722789347171783447e-02 1.248328983783721924e-01
3.077397122979164124e-02 1.245859041810035706e-01
3.246460109949111938e-02 1.352084428071975708e-01
2.570815384387969971e-02 1.189776062965393066e-01
2.606579288840293884e-02 1.256317645311355591e-01
3.102223575115203857e-02 1.307473629713058472e-01
3.051443397998809814e-02 1.329393982887268066e-01
3.282208368182182312e-02 1.323002427816390991e-01
3.220197558403015137e-02 1.286547631025314331e-01
2.681977674365043640e-02 1.186281815171241760e-01
2.573441714048385620e-02 1.257103830575942993e-01
2.718544378876686096e-02 1.325372457504272461e-01
2.534718811511993408e-02 1.351179778575897217e-01
2.110308408737182617e-02 1.186399832367897034e-01
3.349356353282928467e-02 1.279509663581848145e-01
2.658523619174957275e-02 1.249953880906105042e-01
3.071624785661697388e-02 1.261996328830718994e-01
2.514182031154632568e-02 1.188463270664215088e-01
2.719575539231300354e-02 1.169224604964256287e-01
3.181373700499534607e-02 1.205915212631225586e-01
2.471733093261718750e-02 1.136040613055229187e-01
2.021886780858039856e-02 1.090368628501892090e-01
2.386305853724479675e-02 1.213414892554283142e-01
2.996389754116535187e-02 1.238201931118965149e-01
2.831838279962539673e-02 1.325506120920181274e-01
2.843691408634185791e-02 1.313148289918899536e-01
2.403441816568374634e-02 1.183395981788635254e-01
2.224443852901458740e-02 1.204538270831108093e-01
2.504616975784301758e-02 1.245175078511238098e-01
2.739921957254409790e-02 1.237845197319984436e-01
2.200666069984436035e-02 1.140089258551597595e-01
1.836324483156204224e-02 1.077897772192955017e-01
2.794266119599342346e-02 1.165909692645072937e-01
2.832547575235366821e-02 1.169367358088493347e-01
2.696673199534416199e-02 1.219393759965896606e-01
2.870559692382812500e-02 1.242815628647804260e-01
2.459849417209625244e-02 1.124081835150718689e-01
3.245219588279724121e-02 1.108196899294853210e-01
2.951903268694877625e-02 1.336032599210739136e-01
2.294181287288665771e-02 1.293954700231552124e-01
2.495786547660827637e-02 1.205233559012413025e-01
2.935090102255344391e-02 1.297469288110733032e-01
2.719977498054504395e-02 1.211823970079421997e-01
2.474052086472511292e-02 1.140604838728904724e-01
2.835549414157867432e-02 1.283871531486511230e-01
2.507163584232330322e-02 1.138065829873085022e-01
2.597865462303161621e-02 1.198257952928543091e-01
2.243003621697425842e-02 1.198505684733390808e-01
2.768494561314582825e-02 1.338743418455123901e-01
2.665084600448608398e-02 1.245841681957244873e-01
2.709324285387992859e-02 1.272419691085815430e-01
2.683914825320243835e-02 1.221673116087913513e-01
2.491734921932220459e-02 1.229270771145820618e-01
2.598234266042709351e-02 1.273793131113052368e-01
3.045407682657241821e-02 1.378175169229507446e-01
3.030189685523509979e-02 1.353663653135299683e-01
2.862298488616943359e-02 1.295273452997207642e-01
3.163769096136093140e-02 1.175992637872695923e-01
3.173561394214630127e-02 1.267079710960388184e-01
2.330336719751358032e-02 1.084728762507438660e-01
3.006041422486305237e-02 1.225020661950111389e-01
3.611196577548980713e-02 1.247920840978622437e-01
3.067268617451190948e-02 1.291955709457397461e-01
3.152698278427124023e-02 1.318214386701583862e-01
3.138424828648567200e-02 1.325712502002716064e-01
3.533410280942916870e-02 1.312784105539321899e-01
3.592687100172042847e-02 1.238329634070396423e-01
3.528122976422309875e-02 1.319715380668640137e-01
3.602638840675354004e-02 1.313032358884811401e-01
2.952595427632331848e-02 1.224405542016029358e-01
3.234919533133506775e-02 1.248866394162178040e-01
3.596280515193939209e-02 1.224380955100059509e-01
3.528666123747825623e-02 1.148432120680809021e-01
3.112858161330223083e-02 1.117927804589271545e-01
2.855233475565910339e-02 1.094076633453369141e-01
3.255303204059600830e-02 1.163796260952949524e-01
3.219462931156158447e-02 1.244446337223052979e-01
3.263805434107780457e-02 1.163278073072433472e-01
3.378379344940185547e-02 1.233047470450401306e-01
3.572214767336845398e-02 1.322903633117675781e-01
3.571238368749618530e-02 1.216710805892944336e-01
3.046694770455360413e-02 1.222361326217651367e-01
3.102591261267662048e-02 1.290512382984161377e-01
3.834450244903564453e-02 1.298283934593200684e-01
3.741485998034477234e-02 1.379618942737579346e-01
4.075918346643447876e-02 1.415384262800216675e-01
3.547266870737075806e-02 1.238847300410270691e-01
4.344450682401657104e-02 1.330315172672271729e-01
3.933162242174148560e-02 1.275208741426467896e-01
3.973566740751266479e-02 1.399060636758804321e-01
3.688809275627136230e-02 1.281728595495223999e-01
3.900574892759323120e-02 1.429507881402969360e-01
2.993040345609188080e-02 1.366790235042572021e-01
3.647073358297348022e-02 1.377519071102142334e-01
3.260161727666854858e-02 1.298263370990753174e-01
3.500593453645706177e-02 1.338167637586593628e-01
3.052775561809539795e-02 1.336090117692947388e-01
3.496575355529785156e-02 1.320574283599853516e-01
3.427726775407791138e-02 1.331127136945724487e-01
3.713965043425559998e-02 1.350982338190078735e-01
3.838505595922470093e-02 1.285640448331832886e-01
3.717228025197982788e-02 1.203857883810997009e-01
3.684545680880546570e-02 1.267696619033813477e-01
3.778579458594322205e-02 1.399625837802886963e-01
3.114674054086208344e-02 1.405820250511169434e-01
3.668738156557083130e-02 1.394789516925811768e-01
3.851092606782913208e-02 1.355890333652496338e-01
3.690919280052185059e-02 1.211002469062805176e-01
3.396698459982872009e-02 1.154238879680633545e-01
3.324872255325317383e-02 1.412813663482666016e-01
3.319339826703071594e-02 1.444292813539505005e-01
3.921654820442199707e-02 1.487281173467636108e-01
3.357987105846405029e-02 1.407477408647537231e-01
4.335579276084899902e-02 1.324122846126556396e-01
4.152105748653411865e-02 1.341444402933120728e-01
3.556574508547782898e-02 1.339549571275711060e-01
3.569649904966354370e-02 1.315266638994216919e-01
3.696069121360778809e-02 1.329953968524932861e-01
2.954377420246601105e-02 1.283916085958480835e-01
3.484525531530380249e-02 1.360321044921875000e-01
3.341682255268096924e-02 1.321111172437667847e-01
3.094800189137458801e-02 1.294030845165252686e-01
3.242687135934829712e-02 1.295784562826156616e-01
3.284676373004913330e-02 1.407303661108016968e-01
3.525114804506301880e-02 1.536919027566909790e-01
3.450907021760940552e-02 1.567469984292984009e-01
3.254847973585128784e-02 1.539210826158523560e-01
3.799828141927719116e-02 1.558808535337448120e-01
3.323318809270858765e-02 1.491774469614028931e-01
3.912900388240814209e-02 1.370455175638198853e-01
2.934396266937255859e-02 1.407793909311294556e-01
3.048444166779518127e-02 1.391885131597518921e-01
3.249394148588180542e-02 1.452823132276535034e-01
3.705421090126037598e-02 1.404992341995239258e-01
2.826318889856338501e-02 1.325323879718780518e-01
3.347630053758621216e-02 1.333632767200469971e-01
3.682500869035720825e-02 1.287811398506164551e-01
4.168016836047172546e-02 1.509477645158767700e-01
3.944768756628036499e-02 1.549417525529861450e-01
3.036036528646945953e-02 1.456037461757659912e-01
3.894239664077758789e-02 1.357229053974151611e-01
3.037209250032901764e-02 1.224464923143386841e-01
4.168634116649627686e-02 1.349424272775650024e-01
3.244170546531677246e-02 1.216967180371284485e-01
3.465785086154937744e-02 1.201582923531532288e-01
2.818704396486282349e-02 1.118205115199089050e-01
2.872249111533164978e-02 1.325323432683944702e-01
2.943687699735164642e-02 1.215638741850852966e-01
3.165426105260848999e-02 1.227753236889839172e-01
3.657530620694160461e-02 1.333528608083724976e-01
3.570330888032913208e-02 1.189834401011466980e-01
3.839433938264846802e-02 1.391530185937881470e-01
3.237967938184738159e-02 1.410502791404724121e-01
3.411402553319931030e-02 1.392258256673812866e-01
3.326448053121566772e-02 1.354408413171768188e-01
2.986752428114414215e-02 1.333156973123550415e-01
2.540256828069686890e-02 1.178163588047027588e-01
3.329269215464591980e-02 1.191430762410163879e-01
2.422360330820083618e-02 1.265687644481658936e-01
3.013748489320278168e-02 1.307587772607803345e-01
2.797859162092208862e-02 1.158843934535980225e-01
3.064125590026378632e-02 1.429224163293838501e-01
2.816127240657806396e-02 1.365326046943664551e-01
2.653504163026809692e-02 1.205171123147010803e-01
3.949723392724990845e-02 1.403009891510009766e-01
3.837875276803970337e-02 1.305743008852005005e-01
3.517617285251617432e-02 1.338818818330764771e-01
2.619965374469757080e-02 1.284114122390747070e-01
2.819995582103729248e-02 1.340667456388473511e-01
2.662681788206100464e-02 1.257726550102233887e-01
2.728625014424324036e-02 1.233044862747192383e-01
2.814343571662902832e-02 1.273881793022155762e-01
3.043935447931289673e-02 1.327271759510040283e-01
2.797200903296470642e-02 1.211996152997016907e-01
2.716359496116638184e-02 1.284161061048507690e-01
3.014326095581054688e-02 1.420149654150009155e-01
2.927912399172782898e-02 1.356462389230728149e-01
2.548003196716308594e-02 1.229066401720046997e-01
3.297952935099601746e-02 1.404035389423370361e-01
3.435260802507400513e-02 1.324057877063751221e-01
3.230557963252067566e-02 1.327669620513916016e-01
2.707153186202049255e-02 1.366955637931823730e-01
3.541509062051773071e-02 1.283924281597137451e-01
3.081038407981395721e-02 1.257173120975494385e-01
3.220440819859504700e-02 1.353360563516616821e-01
3.008737787604331970e-02 1.296585649251937866e-01
3.537283837795257568e-02 1.488935798406600952e-01
3.328295052051544189e-02 1.303081959486007690e-01
3.215727955102920532e-02 1.283542364835739136e-01
3.041164763271808624e-02 1.214385107159614563e-01
3.295655176043510437e-02 1.147065460681915283e-01
3.026305884122848511e-02 1.129773333668708801e-01
3.356714546680450439e-02 1.156518384814262390e-01
3.496765345335006714e-02 1.197172030806541443e-01
2.759343385696411133e-02 1.103730052709579468e-01
2.886540442705154419e-02 1.164544150233268738e-01
3.002139553427696228e-02 1.258595883846282959e-01
3.954755142331123352e-02 1.344346106052398682e-01
3.304184228181838989e-02 1.163002029061317444e-01
3.524520993232727051e-02 1.285328269004821777e-01
3.632490336894989014e-02 1.264608949422836304e-01
3.321731090545654297e-02 1.165549233555793762e-01
3.621862828731536865e-02 1.305037736892700195e-01
3.290602564811706543e-02 1.247452571988105774e-01
2.789236977696418762e-02 1.143551319837570190e-01
3.081318549811840057e-02 1.205718219280242920e-01
2.770089358091354370e-02 1.058284491300582886e-01
3.249695524573326111e-02 1.228989735245704651e-01
2.765423059463500977e-02 1.105636134743690491e-01
4.190620407462120056e-02 1.308686882257461548e-01
3.774072974920272827e-02 1.284187287092208862e-01
4.022310674190521240e-02 1.437244564294815063e-01
3.079555742442607880e-02 1.076374873518943787e-01
3.394649550318717957e-02 1.293795704841613770e-01
3.218725323677062988e-02 1.257887482643127441e-01
3.936963900923728943e-02 1.327216476202011108e-01
4.225340485572814941e-02 1.342096775770187378e-01
3.516504913568496704e-02 1.276513636112213135e-01
3.617339581251144409e-02 1.414637714624404907e-01
3.750144690275192261e-02 1.295976191759109497e-01
3.916211426258087158e-02 1.296682059764862061e-01
4.671571031212806702e-02 1.287274509668350220e-01
4.827040433883666992e-02 1.331320554018020630e-01
4.511959105730056763e-02 1.390075534582138062e-01
4.271448403596878052e-02 1.467979103326797485e-01
5.157928913831710815e-02 1.584015935659408569e-01
4.587589204311370850e-02 1.442148238420486450e-01
3.700885176658630371e-02 1.143320277333259583e-01
3.806897252798080444e-02 1.276694536209106445e-01
3.844543546438217163e-02 1.318415403366088867e-01
3.864016756415367126e-02 1.383619457483291626e-01
3.770443797111511230e-02 1.380847692489624023e-01
3.768448531627655029e-02 1.266709566116333008e-01
4.370373114943504333e-02 1.427138298749923706e-01
3.925119340419769287e-02 1.273594796657562256e-01
4.362979531288146973e-02 1.403202563524246216e-01
4.378737509250640869e-02 1.398104131221771240e-01
4.294839501380920410e-02 1.469016522169113159e-01
4.265022650361061096e-02 1.486471444368362427e-01
5.181495845317840576e-02 1.406520009040832520e-01
4.140051081776618958e-02 1.328420490026473999e-01
5.240565538406372070e-02 1.530188620090484619e-01
4.483471810817718506e-02 1.391746699810028076e-01
5.098276585340499878e-02 1.255625784397125244e-01
3.067620471119880676e-02 1.059916466474533081e-01
3.634618222713470459e-02 1.072919964790344238e-01
3.775656223297119141e-02 1.016909554600715637e-01
3.735634684562683105e-02 1.260025799274444580e-01
4.201752319931983948e-02 1.188781559467315674e-01
2.856411039829254150e-02 1.239704191684722900e-01
2.348329871892929077e-02 1.329756528139114380e-01
2.782347053289413452e-02 1.153801605105400085e-01
3.697772324085235596e-02 1.149705573916435242e-01
3.581273555755615234e-02 1.305414438247680664e-01
2.977516874670982361e-02 1.150951981544494629e-01
3.505437821149826050e-02 1.140250042080879211e-01
3.506764024496078491e-02 1.174039393663406372e-01
4.094046726822853088e-02 1.301446259021759033e-01
3.999699652194976807e-02 1.165783554315567017e-01
4.201819375157356262e-02 1.290709674358367920e-01
2.951550297439098358e-02 1.129390448331832886e-01
4.062658175826072693e-02 1.221208274364471436e-01
3.895959630608558655e-02 1.229589357972145081e-01
4.140343517065048218e-02 1.366281360387802124e-01
4.260609671473503113e-02 1.252323538064956665e-01
3.774567693471908569e-02 1.190331801772117615e-01
3.300030156970024109e-02 1.225441619753837585e-01
3.451845049858093262e-02 1.267569959163665771e-01
3.357575833797454834e-02 1.225883513689041138e-01
3.153845667839050293e-02 1.166526824235916138e-01
3.419821709394454956e-02 1.209371909499168396e-01
3.182115033268928528e-02 1.169739514589309692e-01
3.061190061271190643e-02 1.074537038803100586e-01
2.912953495979309082e-02 1.078035607933998108e-01
2.734540402889251709e-02 9.920901060104370117e-02
2.931721881031990051e-02 1.144928336143493652e-01
3.521327674388885498e-02 1.177773997187614441e-01
3.190042823553085327e-02 1.256994456052780151e-01
2.771013230085372925e-02 1.237637549638748169e-01
2.619775384664535522e-02 1.101063638925552368e-01
2.947898954153060913e-02 1.237922832369804382e-01
2.759861573576927185e-02 1.259390860795974731e-01
2.633768320083618164e-02 1.256160736083984375e-01
2.697164192795753479e-02 1.188375428318977356e-01
2.791489660739898682e-02 1.265483498573303223e-01
2.969992905855178833e-02 1.249663904309272766e-01
2.439314126968383789e-02 1.179761365056037903e-01
2.422714978456497192e-02 1.088306307792663574e-01
2.639072760939598083e-02 1.130218356847763062e-01
3.167966380715370178e-02 1.190651580691337585e-01
2.398432046175003052e-02 1.112749129533767700e-01
2.782893553376197815e-02 1.323236227035522461e-01
2.449098974466323853e-02 1.364556252956390381e-01
2.818600088357925415e-02 1.276373267173767090e-01
2.651289850473403931e-02 1.227415576577186584e-01
2.809991687536239624e-02 1.212520450353622437e-01
2.957952395081520081e-02 1.311462521553039551e-01
2.739642560482025146e-02 1.295050233602523804e-01
1.956006139516830444e-02 1.220307126641273499e-01
3.280774131417274475e-02 1.298721730709075928e-01
2.640555053949356079e-02 1.091556921601295471e-01
2.887611836194992065e-02 1.187334805727005005e-01
2.881433442234992981e-02 1.307797133922576904e-01
2.890365570783615112e-02 1.242789328098297119e-01
3.141766041517257690e-02 1.219130083918571472e-01
3.070878237485885620e-02 1.267980784177780151e-01
3.392193093895912170e-02 1.309085786342620850e-01
2.502914518117904663e-02 1.336123347282409668e-01
2.534007281064987183e-02 1.357326656579971313e-01
2.592698484659194946e-02 1.251128762960433960e-01
3.045513108372688293e-02 1.219221279025077820e-01
3.416476398706436157e-02 1.337887197732925415e-01
2.891661599278450012e-02 1.233700886368751526e-01
3.128359466791152954e-02 1.189252436161041260e-01
3.731343895196914673e-02 1.300842911005020142e-01
3.630605340003967285e-02 1.276154965162277222e-01
4.278146475553512573e-02 1.404080241918563843e-01
3.223840892314910889e-02 1.166695207357406616e-01
3.183907270431518555e-02 1.157709211111068726e-01
1.754562556743621826e-02 1.051327213644981384e-01
2.419621497392654419e-02 1.097103208303451538e-01
1.882799714803695679e-02 9.030752629041671753e-02
3.497104346752166748e-02 1.110332384705543518e-01
1.590501144528388977e-02 1.052252501249313354e-01
1.955712586641311646e-02 1.158474460244178772e-01
1.700421050190925598e-02 1.266582608222961426e-01
2.633074671030044556e-02 1.479761004447937012e-01
5.547598004341125488e-03 5.552614480257034302e-02
3.851588442921638489e-02 1.305990517139434814e-01
4.766038432717323303e-02 1.682769954204559326e-01
3.324107080698013306e-02 1.421566307544708252e-01
3.666568547487258911e-02 1.365475058555603027e-01
2.218042314052581787e-02 1.151357144117355347e-01
2.928376942873001099e-02 1.262764334678649902e-01
2.661410719156265259e-02 1.241129487752914429e-01
2.315042912960052490e-02 1.295762062072753906e-01
2.292067557573318481e-02 1.285668313503265381e-01
2.434639260172843933e-02 9.470679610967636108e-02
3.222940117120742798e-02 1.344656646251678467e-01
4.543633386492729187e-02 1.413906216621398926e-01
2.579607814550399780e-02 1.184600219130516052e-01
2.830609679222106934e-02 1.212588250637054443e-01
3.131967782974243164e-02 1.331315487623214722e-01
2.825188636779785156e-02 1.179123148322105408e-01
2.807256206870079041e-02 1.175423264503479004e-01
2.950622886419296265e-02 1.203150823712348938e-01
3.150964528322219849e-02 1.228965073823928833e-01
2.741587162017822266e-02 1.121985316276550293e-01
2.261121571063995361e-02 1.032767668366432190e-01
3.709333762526512146e-02 1.148468106985092163e-01
3.571709990501403809e-02 1.069226115942001343e-01
3.487717360258102417e-02 1.129243746399879456e-01
3.666643053293228149e-02 1.018288806080818176e-01
3.772701323032379150e-02 1.131629869341850281e-01
3.336223959922790527e-02 1.143183410167694092e-01
2.534976974129676819e-02 1.150082498788833618e-01
1.758734509348869324e-02 8.645492792129516602e-02
4.376115649938583374e-02 1.187904998660087585e-01
4.565714672207832336e-02 1.336782276630401611e-01
3.348229825496673584e-02 1.088210791349411011e-01
2.120274677872657776e-02 9.858565777540206909e-02
4.178152233362197876e-02 1.415380537509918213e-01
2.917524613440036774e-02 1.242399588227272034e-01
-1.432836055755615234e-03 7.349939644336700439e-02
2.506314218044281006e-02 1.328190863132476807e-01
3.159404546022415161e-02 1.219271644949913025e-01
3.971817344427108765e-02 1.076243892312049866e-01
3.997486084699630737e-02 1.331292837858200073e-01
4.396042972803115845e-02 1.357115954160690308e-01
3.249475359916687012e-02 1.109948828816413879e-01
4.678497463464736938e-02 1.201505884528160095e-01
3.184411674737930298e-02 1.302268654108047485e-01
3.681859746575355530e-02 1.290885359048843384e-01
3.644449263811111450e-02 1.276454031467437744e-01
4.206454008817672729e-02 1.272119581699371338e-01
3.583509474992752075e-02 1.361282169818878174e-01
4.191714152693748474e-02 1.281831711530685425e-01
3.514804691076278687e-02 1.361124962568283081e-01
3.513121977448463440e-02 1.304145157337188721e-01
3.463450819253921509e-02 1.389751285314559937e-01
2.794853597879409790e-02 1.292537301778793335e-01
3.118357434868812561e-02 1.146216318011283875e-01
2.877847105264663696e-02 1.209678277373313904e-01
2.851070463657379150e-02 1.272065490484237671e-01
2.369852364063262939e-02 1.277876645326614380e-01
2.287615835666656494e-02 1.270658522844314575e-01
2.480911463499069214e-02 1.263060569763183594e-01
2.198294922709465027e-02 1.132366359233856201e-01
2.125480771064758301e-02 1.138821765780448914e-01
2.452050149440765381e-02 1.091271117329597473e-01
2.263863757252693176e-02 1.079375073313713074e-01
2.040599286556243896e-02 9.779318422079086304e-02
2.079820632934570312e-02 1.069248840212821960e-01
2.997234277427196503e-02 1.203342899680137634e-01
2.456878870725631714e-02 1.157441586256027222e-01
2.805205807089805603e-02 1.175436303019523621e-01
1.483300328254699707e-02 1.115698963403701782e-01
2.446527779102325439e-02 1.292184293270111084e-01
2.521874010562896729e-02 1.342757940292358398e-01
3.358945995569229126e-02 1.400251835584640503e-01
3.065302781760692596e-02 1.297932118177413940e-01
3.457406163215637207e-02 1.353122889995574951e-01
3.178397566080093384e-02 1.375901848077774048e-01
2.405311167240142822e-02 1.446915864944458008e-01
2.362075448036193848e-02 1.281749904155731201e-01
3.342822194099426270e-02 1.393437236547470093e-01
3.220717608928680420e-02 1.452331691980361938e-01
3.381718695163726807e-02 1.363789886236190796e-01
2.678246796131134033e-02 1.274788826704025269e-01
2.597615867853164673e-02 1.226393431425094604e-01
2.901112474501132965e-02 1.308391243219375610e-01
2.501392364501953125e-02 1.321968734264373779e-01
2.531556040048599243e-02 1.307014524936676025e-01
2.854589372873306274e-02 1.239647567272186279e-01
2.064654976129531860e-02 1.269998401403427124e-01
2.171915769577026367e-02 1.219791099429130554e-01
1.734168827533721924e-02 1.225482895970344543e-01
2.356138825416564941e-02 1.307092308998107910e-01
2.999098412692546844e-02 1.276232898235321045e-01
2.247505635023117065e-02 1.199248209595680237e-01
2.115603536367416382e-02 1.160962358117103577e-01
1.971118152141571045e-02 1.150506362318992615e-01
2.627253532409667969e-02 1.185636296868324280e-01
2.896839380264282227e-02 1.266225874423980713e-01
1.903722435235977173e-02 1.199139133095741272e-01
3.662621229887008667e-02 1.333305537700653076e-01
3.784207627177238464e-02 1.445906907320022583e-01
4.025152325630187988e-02 1.442179679870605469e-01
3.514920175075531006e-02 1.441053152084350586e-01
3.574123978614807129e-02 1.480417102575302124e-01
2.987642958760261536e-02 1.478437930345535278e-01
3.141090646386146545e-02 1.376344412565231323e-01
2.954387292265892029e-02 1.206350401043891907e-01
3.516168892383575439e-02 1.317563354969024658e-01
3.070888482034206390e-02 1.103739589452743530e-01
3.894961625337600708e-02 1.310144662857055664e-01
1.909959316253662109e-02 9.183682501316070557e-02
2.075202018022537231e-02 9.907571226358413696e-02
1.531631872057914734e-02 8.279026299715042114e-02
1.476620137691497803e-02 9.118408709764480591e-02
2.185183018445968628e-02 1.107738763093948364e-01
3.070190548896789551e-02 1.093785464763641357e-01
2.897267043590545654e-02 1.152681484818458557e-01
4.096776992082595825e-02 1.138390600681304932e-01
3.826288133859634399e-02 1.248672977089881897e-01
2.931886352598667145e-02 1.142124831676483154e-01
3.122322075068950653e-02 1.049588844180107117e-01
3.126879036426544189e-02 1.058275923132896423e-01
3.050299175083637238e-02 1.041233092546463013e-01
2.695600688457489014e-02 9.870747476816177368e-02
2.572137862443923950e-02 8.414792269468307495e-02
3.415782749652862549e-02 9.375097602605819702e-02
2.324765175580978394e-02 7.088290154933929443e-02
2.177163586020469666e-02 1.043571531772613525e-01
3.243975341320037842e-02 1.044831946492195129e-01
2.328327670693397522e-02 1.012613326311111450e-01
2.373747900128364563e-02 9.226758033037185669e-02
2.978324890136718750e-02 9.677670150995254517e-02
2.723381668329238892e-02 1.169635429978370667e-01
2.187358587980270386e-02 1.116208359599113464e-01
2.766478806734085083e-02 9.506654739379882812e-02
3.237868845462799072e-02 1.136668398976325989e-01
3.780116140842437744e-02 1.119808405637741089e-01
3.330175951123237610e-02 1.225087717175483704e-01
3.500542789697647095e-02 1.129723116755485535e-01
3.570564836263656616e-02 1.107473149895668030e-01
2.843283116817474365e-02 1.102154776453971863e-01
3.401719406247138977e-02 1.258198171854019165e-01
3.457391262054443359e-02 1.323381364345550537e-01
3.043443150818347931e-02 1.236453726887702942e-01
2.460015565156936646e-02 1.142828837037086487e-01
2.590572461485862732e-02 1.221116185188293457e-01
2.542421221733093262e-02 1.223738566040992737e-01
2.166654914617538452e-02 1.187593266367912292e-01
2.268609404563903809e-02 1.282701790332794189e-01
2.745822072029113770e-02 1.293011307716369629e-01
3.039644844830036163e-02 1.360746324062347412e-01
3.202933073043823242e-02 1.292916685342788696e-01
2.344950661063194275e-02 1.258586943149566650e-01
2.557350695133209229e-02 1.337049454450607300e-01
1.941666752099990845e-02 1.071217283606529236e-01
2.707120776176452637e-02 1.066523715853691101e-01
2.972971275448799133e-02 1.357221007347106934e-01
2.215696126222610474e-02 1.244582533836364746e-01
2.504641190171241760e-02 1.144980490207672119e-01
2.591693401336669922e-02 1.277371644973754883e-01
2.381125837564468384e-02 1.185458824038505554e-01
2.659794688224792480e-02 1.223723739385604858e-01
2.906631305813789368e-02 1.151321753859519958e-01
2.917432226240634918e-02 1.210286170244216919e-01
2.718450129032135010e-02 1.255523413419723511e-01
2.526983246207237244e-02 1.222111061215400696e-01
3.350366652011871338e-02 1.436092853546142578e-01
3.360481560230255127e-02 1.401693224906921387e-01
3.694503754377365112e-02 1.322140991687774658e-01
3.271751850843429565e-02 1.353092640638351440e-01
2.640143781900405884e-02 1.254826784133911133e-01
2.365436404943466187e-02 1.150131151080131531e-01
1.424827054142951965e-02 9.963572025299072266e-02
2.134095504879951477e-02 1.142961904406547546e-01
1.083836704492568970e-02 9.946497529745101929e-02
1.318540051579475403e-02 1.237429901957511902e-01
1.617095619440078735e-02 1.111190468072891235e-01
1.655286177992820740e-02 1.115862652659416199e-01
2.043266594409942627e-02 1.364531815052032471e-01
3.179683908820152283e-02 1.515758484601974487e-01
2.937674336135387421e-02 1.415641903877258301e-01
2.161711454391479492e-02 1.393033266067504883e-01
2.560227364301681519e-02 1.373974382877349854e-01
3.172490745782852173e-02 1.567592173814773560e-01
2.338883280754089355e-02 1.293379217386245728e-01
3.474111109972000122e-02 1.380928307771682739e-01
3.188738226890563965e-02 1.231180801987648010e-01
3.307438641786575317e-02 1.186665445566177368e-01
3.410933911800384521e-02 1.266779303550720215e-01
2.720125764608383179e-02 1.279376000165939331e-01
2.552591264247894287e-02 1.189871802926063538e-01
3.494779765605926514e-02 1.267682611942291260e-01
2.799270302057266235e-02 1.283783763647079468e-01
2.396726235747337341e-02 1.139840185642242432e-01
3.199744224548339844e-02 1.259490102529525757e-01
2.348088473081588745e-02 1.074281260371208191e-01
3.092363104224205017e-02 1.252391338348388672e-01
3.408128023147583008e-02 1.249126121401786804e-01
3.358532115817070007e-02 1.362501680850982666e-01
4.371332377195358276e-02 1.434470415115356445e-01
3.767662867903709412e-02 1.227565482258796692e-01
4.995449632406234741e-02 1.424528211355209351e-01
3.584351390600204468e-02 1.466715484857559204e-01
3.915262222290039062e-02 1.446525305509567261e-01
2.513328939676284790e-02 1.363122314214706421e-01
3.985802829265594482e-02 1.682281345129013062e-01
4.178395122289657593e-02 1.493852883577346802e-01
2.857635915279388428e-02 1.500078290700912476e-01
1.404009386897087097e-02 1.071593016386032104e-01
3.870287910103797913e-02 1.611094027757644653e-01
1.990891247987747192e-02 1.286053955554962158e-01
1.474343240261077881e-02 1.239020451903343201e-01
1.461329311132431030e-02 1.013447567820549011e-01
1.920440793037414551e-02 1.046060696244239807e-01
1.857878267765045166e-02 1.240691915154457092e-01
2.742267027497291565e-02 1.281714737415313721e-01
2.521381527185440063e-02 1.280466318130493164e-01
1.473724842071533203e-02 9.587670117616653442e-02
2.910508029162883759e-02 1.341330558061599731e-01
3.395179286599159241e-02 1.524975299835205078e-01
1.901955530047416687e-02 1.110509037971496582e-01
1.437235623598098755e-02 1.189374774694442749e-01
2.654498070478439331e-02 1.355490684509277344e-01
2.069634944200515747e-02 1.204655542969703674e-01
3.060258924961090088e-02 1.483337581157684326e-01
2.070714160799980164e-02 1.176860556006431580e-01
2.426885068416595459e-02 1.308128982782363892e-01
3.882012516260147095e-02 1.476682722568511963e-01
2.776201069355010986e-02 1.368209868669509888e-01
2.816227823495864868e-02 1.443900465965270996e-01
3.729457408189773560e-02 1.261506378650665283e-01
1.850995793938636780e-02 1.278506070375442505e-01
2.531344071030616760e-02 1.118073537945747375e-01
2.586580067873001099e-02 1.320510953664779663e-01
3.696691989898681641e-02 1.369917541742324829e-01
2.348694577813148499e-02 9.989117830991744995e-02
3.728416562080383301e-02 1.419990211725234985e-01
3.264597803354263306e-02 1.286057084798812866e-01
3.018551133573055267e-02 1.196726486086845398e-01
2.951472625136375427e-02 1.126375272870063782e-01
3.124387376010417938e-02 1.267312765121459961e-01
2.102268487215042114e-02 1.152600944042205811e-01
2.964076399803161621e-02 1.318689584732055664e-01
2.832365781068801880e-02 1.185073480010032654e-01
3.442988544702529907e-02 1.170147657394409180e-01
3.788933530449867249e-02 1.363152414560317993e-01
3.303345665335655212e-02 1.301680207252502441e-01
2.978716976940631866e-02 1.229424923658370972e-01
3.174520283937454224e-02 1.193858236074447632e-01
3.733116015791893005e-02 1.327637434005737305e-01
3.267424926161766052e-02 1.322077661752700806e-01
2.674158662557601929e-02 1.340485662221908569e-01
3.100238554179668427e-02 1.199702247977256775e-01
2.922083623707294464e-02 1.152818500995635986e-01
3.149314597249031067e-02 1.242831125855445862e-01
2.597877383232116699e-02 1.124012693762779236e-01
3.009283915162086487e-02 1.132114380598068237e-01
3.800141066312789917e-02 1.295388191938400269e-01
3.190412744879722595e-02 1.102420985698699951e-01
3.434951975941658020e-02 1.177654117345809937e-01
2.630924060940742493e-02 1.247385516762733459e-01
3.741726651787757874e-02 1.278939545154571533e-01
3.158453851938247681e-02 1.356967538595199585e-01
3.061705082654953003e-02 1.262878924608230591e-01
3.733119368553161621e-02 1.211863085627555847e-01
2.469831705093383789e-02 1.071385219693183899e-01
3.035607747733592987e-02 1.245284005999565125e-01
3.334442526102066040e-02 1.226284876465797424e-01
3.245753422379493713e-02 1.155270338058471680e-01
2.642440423369407654e-02 1.247775107622146606e-01
2.924982830882072449e-02 1.298311352729797363e-01
2.540943399071693420e-02 1.214535906910896301e-01
4.359073936939239502e-02 1.478636413812637329e-01
2.425653487443923950e-02 1.212025359272956848e-01
3.180933743715286255e-02 1.096152886748313904e-01
2.727060765027999878e-02 1.177418306469917297e-01
3.083948045969009399e-02 1.126913726329803467e-01
3.093927912414073944e-02 1.047461479902267456e-01
3.406710550189018250e-02 1.277415305376052856e-01
2.838037163019180298e-02 1.189037933945655823e-01
2.561825886368751526e-02 1.088248640298843384e-01
2.870705723762512207e-02 1.041378751397132874e-01
2.766589820384979248e-02 1.202148720622062683e-01
3.013994358479976654e-02 1.258680224418640137e-01
3.827841579914093018e-02 1.332866996526718140e-01
3.748559579253196716e-02 1.320785880088806152e-01
3.747485578060150146e-02 1.262576282024383545e-01
3.342264145612716675e-02 1.282698065042495728e-01
3.399122506380081177e-02 1.166183799505233765e-01
3.569043427705764771e-02 1.184129342436790466e-01
2.622640877962112427e-02 1.158448159694671631e-01
2.455632388591766357e-02 1.172482669353485107e-01
2.660098671913146973e-02 1.087894812226295471e-01
3.258006274700164795e-02 1.050847992300987244e-01
3.924613073468208313e-02 1.243055909872055054e-01
3.421037644147872925e-02 9.364816546440124512e-02
3.221723437309265137e-02 9.744086116552352905e-02
2.882740274071693420e-02 9.828554838895797729e-02
3.064449317753314972e-02 1.026506349444389343e-01
2.897805720567703247e-02 1.043856143951416016e-01
2.981553599238395691e-02 1.210372000932693481e-01
3.038952127099037170e-02 1.060690358281135559e-01
1.817657053470611572e-02 9.464963525533676147e-02
2.900963276624679565e-02 1.055811718106269836e-01
2.347547560930252075e-02 1.164731979370117188e-01
2.774446085095405579e-02 1.101296767592430115e-01
2.505028992891311646e-02 1.065710112452507019e-01
3.275071084499359131e-02 1.072713062167167664e-01
3.622772544622421265e-02 1.130489110946655273e-01
3.120586276054382324e-02 1.093355640769004822e-01
3.120608255267143250e-02 9.769916534423828125e-02
3.384128957986831665e-02 1.143361702561378479e-01
4.014811664819717407e-02 1.080643981695175171e-01
3.040504455566406250e-02 9.939651936292648315e-02
3.582490608096122742e-02 1.107892617583274841e-01
3.766457363963127136e-02 1.060939803719520569e-01
3.723349422216415405e-02 1.101418510079383850e-01
4.059795290231704712e-02 1.176720261573791504e-01
3.669940680265426636e-02 1.243303790688514709e-01
3.277935087680816650e-02 1.294360607862472534e-01
4.184763506054878235e-02 1.345368325710296631e-01
3.634657710790634155e-02 1.185504123568534851e-01
4.038869589567184448e-02 1.196854785084724426e-01
3.681267052888870239e-02 1.253083348274230957e-01
3.323587030172348022e-02 1.156502217054367065e-01
3.458768874406814575e-02 1.147194951772689819e-01
2.312890067696571350e-02 1.133477538824081421e-01
2.857062220573425293e-02 1.255053728818893433e-01
2.164599299430847168e-02 1.140659824013710022e-01
3.860572725534439087e-02 1.149907186627388000e-01
3.606751561164855957e-02 9.948089718818664551e-02
3.788549825549125671e-02 1.141410544514656067e-01
4.557421803474426270e-02 1.179863736033439636e-01
3.297504037618637085e-02 1.055986732244491577e-01
3.978105634450912476e-02 9.813775122165679932e-02
3.395960479974746704e-02 1.063661724328994751e-01
4.080906137824058533e-02 1.122389063239097595e-01
3.316370025277137756e-02 1.087267845869064331e-01
4.073576629161834717e-02 9.297166019678115845e-02
3.803410381078720093e-02 9.586354345083236694e-02
2.427243441343307495e-02 7.857971638441085815e-02
2.841953933238983154e-02 1.164242848753929138e-01
2.066530287265777588e-02 1.011994257569313049e-01
2.780956402420997620e-02 1.229838505387306213e-01
1.516363769769668579e-02 8.671017736196517944e-02
3.380693867802619934e-02 1.147120371460914612e-01
5.000345781445503235e-02 1.459791064262390137e-01
4.489671438932418823e-02 1.489254087209701538e-01
3.577179834246635437e-02 1.262674033641815186e-01
3.413118422031402588e-02 1.190753877162933350e-01
3.610341995954513550e-02 1.185175850987434387e-01
2.313403785228729248e-02 1.155126765370368958e-01
3.134087473154067993e-02 1.308981478214263916e-01
3.105506673455238342e-02 1.267845779657363892e-01
2.352730929851531982e-02 1.183056160807609558e-01
1.995895057916641235e-02 1.033276244997978210e-01
3.268248215317726135e-02 1.201332658529281616e-01
2.763641998171806335e-02 1.214018315076828003e-01
3.705358505249023438e-02 1.318466663360595703e-01
3.095927275717258453e-02 1.224553808569908142e-01
3.540960699319839478e-02 1.132452189922332764e-01
3.979981318116188049e-02 1.260577142238616943e-01
3.800585493445396423e-02 1.229501739144325256e-01
3.228446468710899353e-02 1.248225048184394836e-01
4.510521888732910156e-02 1.297513842582702637e-01
2.750687673687934875e-02 1.152896732091903687e-01
2.758715301752090454e-02 1.104289814829826355e-01
2.226020395755767822e-02 1.134525761008262634e-01
2.119150012731552124e-02 9.823950380086898804e-02
1.274816691875457764e-02 1.158123463392257690e-01
2.298031374812126160e-02 1.217017099261283875e-01
2.933476679027080536e-02 1.243760138750076294e-01
3.064857050776481628e-02 1.234608665108680725e-01
1.972304284572601318e-02 1.229772344231605530e-01
2.835508435964584351e-02 1.466470658779144287e-01
1.937025785446166992e-02 1.249792203307151794e-01
3.264080733060836792e-02 1.112634092569351196e-01
3.409659862518310547e-02 1.399539560079574585e-01
3.631281852722167969e-02 1.433675140142440796e-01
2.160082384943962097e-02 1.206280663609504700e-01
4.270751029253005981e-02 1.479875296354293823e-01
3.188264369964599609e-02 1.410279124975204468e-01
2.238910645246505737e-02 1.231761053204536438e-01
1.308792084455490112e-02 8.779405802488327026e-02
3.319985419511795044e-02 1.217656433582305908e-01
2.339021861553192139e-02 1.180793866515159607e-01
4.448787868022918701e-02 1.466322094202041626e-01
1.726629212498664856e-02 1.100464761257171631e-01
2.745587751269340515e-02 1.261167973279953003e-01
2.678474783897399902e-02 1.183892935514450073e-01
1.850181445479393005e-02 1.106549501419067383e-01
2.454569190740585327e-02 1.192287579178810120e-01
2.594614028930664062e-02 1.353306174278259277e-01
3.700687736272811890e-02 1.344119608402252197e-01
3.375538811087608337e-02 1.320201307535171509e-01
3.091288730502128601e-02 1.236695125699043274e-01
3.622005134820938110e-02 1.385832875967025757e-01
3.945413976907730103e-02 1.437399983406066895e-01
3.176297992467880249e-02 1.225218400359153748e-01
3.117087110877037048e-02 1.298673152923583984e-01
3.988487645983695984e-02 1.493194252252578735e-01
4.413189738988876343e-02 1.407999247312545776e-01
3.974179923534393311e-02 1.359529197216033936e-01
3.263579308986663818e-02 1.186812445521354675e-01
3.579692542552947998e-02 1.365936100482940674e-01
3.448497131466865540e-02 1.369937211275100708e-01
2.246296405792236328e-02 1.125569716095924377e-01
1.868362724781036377e-02 1.309318542480468750e-01
2.630675211548805237e-02 1.400711536407470703e-01
3.139685094356536865e-02 1.396480351686477661e-01
3.293998539447784424e-02 1.356364339590072632e-01
3.163170069456100464e-02 1.061105057597160339e-01
2.762925997376441956e-02 1.184812709689140320e-01
2.871444821357727051e-02 1.230511367321014404e-01
2.580485492944717407e-02 1.306008547544479370e-01
2.588060498237609863e-02 1.103204265236854553e-01
3.500948473811149597e-02 1.200745552778244019e-01
3.724493831396102905e-02 1.171239688992500305e-01
4.780390858650207520e-02 1.222160011529922485e-01
3.425922244787216187e-02 1.171341985464096069e-01
2.875578403472900391e-02 1.106773838400840759e-01
3.835529834032058716e-02 1.270474791526794434e-01
3.750867396593093872e-02 1.269053220748901367e-01
3.436956927180290222e-02 1.149322465062141418e-01
2.625234425067901611e-02 9.820234030485153198e-02
4.445404559373855591e-02 1.239887848496437073e-01
2.392430603504180908e-02 9.189040213823318481e-02
3.351104259490966797e-02 1.212211921811103821e-01
3.126725554466247559e-02 1.040341481566429138e-01
2.937111258506774902e-02 8.384509384632110596e-02
3.021958656609058380e-02 9.353749454021453857e-02
2.517087012529373169e-02 7.264665514230728149e-02
2.191438153386116028e-02 8.678466081619262695e-02
1.605761796236038208e-02 1.220947429537773132e-01
2.009562402963638306e-02 1.242192760109901428e-01
3.904606401920318604e-02 1.494417935609817505e-01
3.088696300983428955e-02 1.159477606415748596e-01
2.264965325593948364e-02 1.048553660511970520e-01
3.021587245166301727e-02 1.216875091195106506e-01
3.814659267663955688e-02 1.372661292552947998e-01
3.874821215867996216e-02 1.186239495873451233e-01
4.016428440809249878e-02 1.209910288453102112e-01
3.729814291000366211e-02 1.268018484115600586e-01
3.257263451814651489e-02 1.303434222936630249e-01
3.463824093341827393e-02 1.169146001338958740e-01
2.401878684759140015e-02 1.056768149137496948e-01
3.492553904652595520e-02 1.484456509351730347e-01
2.789290994405746460e-02 1.262052506208419800e-01
3.044071979820728302e-02 1.226064264774322510e-01
2.113793045282363892e-02 1.227637231349945068e-01
2.412836626172065735e-02 1.299284994602203369e-01
2.270193025469779968e-02 1.277626454830169678e-01
2.673373371362686157e-02 1.358295232057571411e-01
3.129041194915771484e-02 1.253050118684768677e-01
3.220934420824050903e-02 1.245314255356788635e-01
2.915265783667564392e-02 1.313527375459671021e-01
3.751249983906745911e-02 1.517685651779174805e-01
2.405572310090065002e-02 1.136647313833236694e-01
3.701122477650642395e-02 1.385677158832550049e-01
3.886971250176429749e-02 1.499042958021163940e-01
2.729668095707893372e-02 1.240236684679985046e-01
2.661155164241790771e-02 1.321749836206436157e-01
4.109461233019828796e-02 1.323359161615371704e-01
3.568004071712493896e-02 1.241547688841819763e-01
3.272861242294311523e-02 1.455420851707458496e-01
1.331945136189460754e-02 9.545213729143142700e-02
2.398917451500892639e-02 1.301820278167724609e-01
4.035297408699989319e-02 1.345168650150299072e-01
3.497158363461494446e-02 1.364437490701675415e-01
2.449909597635269165e-02 1.164223775267601013e-01
2.874458581209182739e-02 1.096551343798637390e-01
3.127530962228775024e-02 1.126835271716117859e-01
2.347338944673538208e-02 1.108934208750724792e-01
2.630973607301712036e-02 1.075092479586601257e-01
3.401012718677520752e-02 1.357064098119735718e-01
2.649127691984176636e-02 1.203813701868057251e-01
3.461679816246032715e-02 1.209879592061042786e-01
3.327779844403266907e-02 1.305776685476303101e-01
4.047571122646331787e-02 1.221444383263587952e-01
3.417292982339859009e-02 1.082607582211494446e-01
3.331923857331275940e-02 1.136400774121284485e-01
3.134082257747650146e-02 1.185123473405838013e-01
2.863791212439537048e-02 1.113639622926712036e-01
3.924229741096496582e-02 1.160226538777351379e-01
3.709963709115982056e-02 1.138218790292739868e-01
2.272388339042663574e-02 9.803657978773117065e-02
3.609946370124816895e-02 1.350140422582626343e-01
3.508724644780158997e-02 1.432133316993713379e-01
2.987752482295036316e-02 1.254047900438308716e-01
3.251161053776741028e-02 1.222800910472869873e-01
3.151828795671463013e-02 1.100324988365173340e-01
2.617112547159194946e-02 1.030066385865211487e-01
3.308020532131195068e-02 1.129163950681686401e-01
2.519109845161437988e-02 1.285298317670822144e-01
2.341191843152046204e-02 1.189044117927551270e-01
2.248516678810119629e-02 1.253182291984558105e-01
2.281880751252174377e-02 1.280421316623687744e-01
1.015288010239601135e-02 1.115020364522933960e-01
1.738945767283439636e-02 1.104714423418045044e-01
2.192983776330947876e-02 1.159719899296760559e-01
2.165287733078002930e-02 1.201465427875518799e-01
2.627894282341003418e-02 1.314905136823654175e-01
1.202041283249855042e-02 9.151607006788253784e-02
1.687577366828918457e-02 1.035699620842933655e-01
1.823745295405387878e-02 1.089572757482528687e-01
2.130799740552902222e-02 1.131364628672599792e-01
1.680915057659149170e-02 8.250048756599426270e-02
1.991187408566474915e-02 1.083356738090515137e-01
1.429005712270736694e-02 1.025551036000251770e-01
1.218263804912567139e-02 9.226700663566589355e-02
1.426968723535537720e-02 1.135197058320045471e-01
1.580642908811569214e-02 9.756097942590713501e-02
2.150524407625198364e-02 1.143024265766143799e-01
1.819003745913505554e-02 1.020893827080726624e-01
1.664555072784423828e-02 1.077665090560913086e-01
2.436327189207077026e-02 1.146459057927131653e-01
2.773379534482955933e-02 1.114701181650161743e-01
1.647431775927543640e-02 1.080451011657714844e-01
1.667985320091247559e-02 1.023176833987236023e-01
1.605685800313949585e-02 1.230398193001747131e-01
2.816992625594139099e-02 1.222282052040100098e-01
2.358227223157882690e-02 1.183620616793632507e-01
2.093774452805519104e-02 1.151019111275672913e-01
6.608828902244567871e-03 8.479014784097671509e-02
1.418914645910263062e-02 1.057216748595237732e-01
1.965513825416564941e-02 1.121626719832420349e-01
5.324441939592361450e-03 9.274295717477798462e-02
1.657090336084365845e-02 1.190314963459968567e-01
1.610286533832550049e-02 9.207656234502792358e-02
3.084952943027019501e-02 1.377805173397064209e-01
2.879970520734786987e-02 1.326257139444351196e-01
2.362909540534019470e-02 1.064551547169685364e-01
2.824082225561141968e-02 1.208964809775352478e-01
2.240670844912528992e-02 1.149808391928672791e-01
3.450031951069831848e-02 1.341101825237274170e-01
2.776305377483367920e-02 1.149695888161659241e-01
2.198863029479980469e-02 1.131846234202384949e-01
2.152759954333305359e-02 1.054843813180923462e-01
3.025145642459392548e-02 1.226268932223320007e-01
2.178780734539031982e-02 1.077544093132019043e-01
1.467894017696380615e-02 9.533604979515075684e-02
2.099686861038208008e-02 1.022161096334457397e-01
2.774793654680252075e-02 1.150822043418884277e-01
2.792779356241226196e-02 1.097692102193832397e-01
2.350742369890213013e-02 9.509502351284027100e-02
1.306993514299392700e-02 9.493310004472732544e-02
1.956347376108169556e-02 1.075440719723701477e-01
1.846206188201904297e-02 1.041666567325592041e-01
2.712048217654228210e-02 9.525088220834732056e-02
2.589151635766029358e-02 1.079237833619117737e-01
2.391619235277175903e-02 7.841486483812332153e-02
2.550429105758666992e-02 1.007886379957199097e-01
1.981975138187408447e-02 1.040959358215332031e-01
1.590397953987121582e-02 1.034135147929191589e-01
2.007076889276504517e-02 1.109805926680564880e-01
2.605491131544113159e-02 1.089332774281501770e-01
2.252376824617385864e-02 1.056148484349250793e-01
1.446006447076797485e-02 1.040744259953498840e-01
1.420740038156509399e-02 9.442633390426635742e-02
1.746198534965515137e-02 1.074267104268074036e-01
1.327085867524147034e-02 9.281672537326812744e-02
2.018570154905319214e-02 1.118415370583534241e-01
2.290137857198715210e-02 1.171365976333618164e-01
2.258946746587753296e-02 1.110132336616516113e-01
2.045143395662307739e-02 1.012340113520622253e-01
1.699911803007125854e-02 1.026502251625061035e-01
2.539394423365592957e-02 1.124864965677261353e-01
2.979739755392074585e-02 1.279969364404678345e-01
1.890829578042030334e-02 1.224126592278480530e-01
1.302549988031387329e-02 1.071760877966880798e-01
2.254652231931686401e-02 1.269550025463104248e-01
1.317290216684341431e-02 9.870297461748123169e-02
8.763972669839859009e-03 8.819229155778884888e-02
2.688951790332794189e-02 1.144936457276344299e-01
1.391633599996566772e-02 1.114817932248115540e-01
2.481023222208023071e-02 9.330295026302337646e-02
1.246817409992218018e-02 1.053064391016960144e-01
2.487142756581306458e-02 1.056058183312416077e-01
2.159491181373596191e-02 1.205937713384628296e-01
2.928604185581207275e-02 1.042020395398139954e-01
1.928083971142768860e-02 1.115291640162467957e-01
1.385286077857017517e-02 1.047082915902137756e-01
1.632553339004516602e-02 1.196855753660202026e-01
1.220586895942687988e-02 1.053893268108367920e-01
1.564517617225646973e-02 1.142744198441505432e-01
1.291655749082565308e-02 1.044135838747024536e-01
1.700024306774139404e-02 1.060281023383140564e-01
1.792930811643600464e-02 1.026641353964805603e-01
2.327426522970199585e-02 1.121004223823547363e-01
1.792876422405242920e-02 1.056147515773773193e-01
1.824939250946044922e-02 1.093607023358345032e-01
2.967825159430503845e-02 1.276793628931045532e-01
2.766665071249008179e-02 1.294611990451812744e-01
2.600947767496109009e-02 1.244476512074470520e-01
2.452200651168823242e-02 1.315058618783950806e-01
2.545446902513504028e-02 1.297093182802200317e-01
1.832305267453193665e-02 1.212454140186309814e-01
1.745718345046043396e-02 1.244668513536453247e-01
1.440545916557312012e-02 1.194557175040245056e-01
2.146161347627639771e-02 1.315300315618515015e-01
2.610271424055099487e-02 1.371645629405975342e-01
2.657588571310043335e-02 1.367263346910476685e-01
2.837084233760833740e-02 1.315829008817672729e-01
2.668507024645805359e-02 1.242691576480865479e-01
3.227728605270385742e-02 1.186995580792427063e-01
3.624528646469116211e-02 1.264385432004928589e-01
3.457210212945938110e-02 1.244041919708251953e-01
3.484484925866127014e-02 1.356927305459976196e-01
2.984599955379962921e-02 1.300024837255477905e-01
3.118278831243515015e-02 1.207857280969619751e-01
3.314060717821121216e-02 1.414569467306137085e-01
2.769108861684799194e-02 1.327849328517913818e-01
2.392973005771636963e-02 1.219548657536506653e-01
3.020504117012023926e-02 1.318266838788986206e-01
2.887318283319473267e-02 1.377855241298675537e-01
2.498642355203628540e-02 1.189791783690452576e-01
2.800776064395904541e-02 1.402592211961746216e-01
2.663775533437728882e-02 1.320507824420928955e-01
1.746221631765365601e-02 1.255043894052505493e-01
3.538104891777038574e-02 1.203655675053596497e-01
2.626294642686843872e-02 1.299200803041458130e-01
2.996036410331726074e-02 1.428393721580505371e-01
1.596344634890556335e-02 1.112590432167053223e-01
2.772423997521400452e-02 1.205329373478889465e-01
6.376098841428756714e-03 1.012544557452201843e-01
2.182087302207946777e-02 1.248058155179023743e-01
-2.567596733570098877e-03 1.232507675886154175e-01
1.117773354053497314e-02 1.464297175407409668e-01
2.063428610563278198e-02 1.438006311655044556e-01
4.346560314297676086e-02 1.703255176544189453e-01
3.665890917181968689e-02 1.664314121007919312e-01
4.075166583061218262e-02 1.505814641714096069e-01
4.195363447070121765e-02 1.230582520365715027e-01
3.967139869928359985e-02 1.446550637483596802e-01
3.370866924524307251e-02 9.886018931865692139e-02
8.293375372886657715e-03 1.359606534242630005e-01
3.044024109840393066e-03 7.159763574600219727e-02
2.178098633885383606e-02 1.348977982997894287e-01
1.521585881710052490e-02 8.184827119112014771e-02
1.787150651216506958e-02 1.262619644403457642e-01
5.274165421724319458e-02 1.228215098381042480e-01
1.018268615007400513e-02 6.024204939603805542e-02
1.506183296442031860e-02 9.428872913122177124e-02
2.441145479679107666e-02 1.054230630397796631e-01
8.645877242088317871e-04 8.232147991657257080e-02
8.442834019660949707e-03 1.016334071755409241e-01
1.611758768558502197e-02 9.738989919424057007e-02
2.580364048480987549e-02 8.502066880464553833e-02
2.471455931663513184e-02 9.436397999525070190e-02
3.271419927477836609e-02 1.158625409007072449e-01
2.794806659221649170e-02 1.076470389962196350e-01
2.168271690607070923e-02 1.389483809471130371e-01
1.504937559366226196e-02 1.093147471547126770e-01
2.172336727380752563e-02 1.078614369034767151e-01
2.066590636968612671e-02 9.950717538595199585e-02
3.012662753462791443e-02 1.289275735616683960e-01
3.960526734590530396e-02 1.206061393022537231e-01
2.345668151974678040e-02 1.056695505976676941e-01
2.904746122658252716e-02 9.787496179342269897e-02
4.562556743621826172e-02 1.426029652357101440e-01
4.081708937883377075e-02 1.336963623762130737e-01
2.933447621762752533e-02 1.321363449096679688e-01
1.634322851896286011e-02 1.122407466173171997e-01
2.968103997409343719e-02 1.500491648912429810e-01
4.003353416919708252e-02 1.122045069932937622e-01
3.306107223033905029e-02 1.126606017351150513e-01
2.993679046630859375e-02 1.071023643016815186e-01
3.054335527122020721e-02 1.241023093461990356e-01
3.669043257832527161e-02 1.160553470253944397e-01
2.212464809417724609e-02 1.032899022102355957e-01
2.916526235640048981e-02 1.099336147308349609e-01
2.645784616470336914e-02 1.059655025601387024e-01
2.713458240032196045e-02 1.360213458538055420e-01
2.503007650375366211e-02 1.056059896945953369e-01
2.974398061633110046e-02 9.412021189928054810e-02
2.997402846813201904e-02 1.058298796415328979e-01
3.368238359689712524e-02 1.526359319686889648e-01
2.399930357933044434e-02 9.691382199525833130e-02
2.503986656665802002e-02 1.314397752285003662e-01
2.473852410912513733e-02 1.169939935207366943e-01
2.512393891811370850e-02 1.006808802485466003e-01
2.491583302617073059e-02 1.242172420024871826e-01
2.328899502754211426e-02 1.099587827920913696e-01
2.609275281429290771e-02 1.138954013586044312e-01
2.348317205905914307e-02 6.761038303375244141e-02
2.638332545757293701e-02 8.531903475522994995e-02
2.483654022216796875e-02 1.039990112185478210e-01
3.292622044682502747e-02 1.182790175080299377e-01
1.252934336662292480e-02 7.167367637157440186e-02
1.959001272916793823e-02 8.539602905511856079e-02
3.127454593777656555e-02 1.054633185267448425e-01
4.159337654709815979e-02 9.923102706670761108e-02
2.885954454541206360e-02 1.107321456074714661e-01
3.165224939584732056e-02 7.067117094993591309e-02
1.296202838420867920e-02 9.481735527515411377e-02
2.350707352161407471e-02 9.668941050767898560e-02
2.902762591838836670e-02 1.047668233513832092e-01
2.156529203057289124e-02 1.458524912595748901e-01
2.704729884862899780e-02 8.678966015577316284e-02
1.474170014262199402e-02 9.415469318628311157e-02
2.010251209139823914e-02 1.059360876679420471e-01
1.872310042381286621e-02 9.936904162168502808e-02
3.047746419906616211e-02 8.822245895862579346e-02
1.603850722312927246e-02 9.206446260213851929e-02
2.024444937705993652e-02 8.688374608755111694e-02
2.891178429126739502e-02 1.035785526037216187e-01
1.653486117720603943e-02 1.148917302489280701e-01
1.517169177532196045e-02 1.048814430832862854e-01
1.825245469808578491e-02 6.355506181716918945e-02
1.815026625990867615e-02 1.306992173194885254e-01
1.952945068478584290e-02 9.400971233844757080e-02
1.072158291935920715e-02 1.111093983054161072e-01
3.208029642701148987e-02 1.201427802443504333e-01
-1.977953314781188965e-02 7.721880823373794556e-02
1.641274243593215942e-02 1.156480684876441956e-01
